-310
198
-281
235
196
-303
272
190
-327
-206
298
157
307
136
313
120
100
-351
-364
-100
-367
-81
39
-363
346
23
349
6
-3
358
-375
28
-66
-359
63
351
336
-98
-354
114
-346
133
316
-154
-183
-317
180
308
283
-208
216
284
231
270
-265
261
-248
274
-233
287
288
210
180
-305
313
170
323
151
330
133
340
110
-99
349
349
72
-361
-51
356
28
-365
-11
-18
-362
358
-34
355
-55
70
354
-353
95
-120
-342
-139
-335
-331
154
-179
-319
186
305
291
-210
-287
226
-247
-269
255
252
267
238
218
-286
204
-301
184
-310
-323
-170
326
148
335
130
-349
-112
346
91
352
68
-50
356
-30
357
6
-366
-361
13
358
-35
-358
53
-77
-356
346
-99
-343
115
134
333
-328
154
173
315
-194
-309
-211
-296
278
-227
-244
-269
252
-260
-240
272
-288
-222
-301
-205
306
185
-170
318
146
-332
129
-336
342
108
88
-351
-71
353
355
49
25
-362
358
5
360
-16
35
358
56
357
-77
-354
346
-98
339
-118
-139
-335
-159
-327
-318
175
-194
-305
291
-210
279
-228
-269
243
-253
259
-238
272
286
218
202
-300
-187
310
-320
-168
147
-331
-341
-129
-110
344
88
-351
66
-356
-49
360
-1
-1
-1
1
-1
-1
-1
1
-1
-1
-1
-1
-1
0
-1
-2
-1
-1
-1
1
-2
-1
-1
-1
-2
-1
-1
-2
0
-2
-1
1
0
0
-1
0
-2
-1
-2
-1
-1
-1
-2
-1
-1
-1
-1
-1
-1
-1
-1
-1
-1
-1
-1
-1
-1
1
-1
-1
-1
-2
-1
0
-1
0
-2
-1
-1
0
-1
-1
-1
-1
-1
-1
-1
-1
0
-1
-1
0
-1
-1
-2
-1
-2
-1
0
-1
-3
0
-1
-1
-2
0
-2
-1
-1
0
-1
0
-1
-1
-2
1
-1
-1
-1
-2
-1
-4
-2
0
-1
-1
-2
-1
-2
-1
-1
-1
-1
1
-1
-1
-1
-1
0
-1
-2
1
-2
-1
0
0
-2
-2
-1
-1
-1
-1
0
-1
-1
-1
-4
-1
-1
0
-3
0
-1
0
-1
-1
0
-1
-1
-2
0
-1
-2
-1
-1
-1
-2
-2
-1
-1
-1
-1
-1
-1
-1
0
-1
-2
-2
-4
-3
-1
-4
-1
-1
-1
-1
-1
-1
-2
-1
0
-3
0
-4
-1
-3
0
-3
2
-2
1
-2
1
0
0
-2
1
-2
1
0
-1
-1
0
-5
-1
-1
0
-1
1
-2
0
-1
1
-4
0
-1
1
-1
0
-1
-1
-1
-1
-1
-1
-3
0
-1
-1
-1
-1
-1
1
-1
-1
0
0
0
0
-1
0
-3
-1
-1
0
-1
1
-1
0
-1
0
-1
-1
-2
-2
-3
-2
-2
0
-1
-1
-2
-1
1
0
-1
1
-1
-1
-1
-1
0
-1
-2
0
-1
-2
-1
-1
0
-1
-1
-1
1
-1
-1
-1
-2
-2
0
0
0
-2
0
-1
-1
1
-1
-3
1
-2
-1
-1
-2
-1
-1
-1
-1
-1
-2
-1
-1
-2
-1
-1
-1
-1
-1
-1
-1
-1
0
-3
-2
-1
0
-2
-2
0
-1
-1
0
-1
-2
-3
-1
-1
0
0
-2
-1
-2
-2
-3
-1
-1
-1
-1
-2
-2
-1
-2
1
-3
-2
-3
-3
-3
0
-3
-2
-4
-1
-4
-1
-3
-1
-2
-1
-2
-1
-3
-2
-2
0
-2
-1
-1
-1
-2
-1
-1
0
-2
0
-4
-1
-1
-1
-1
1
-1
-1
-1
1
-2
0
-1
1
0
-1
-1
-1
-1
-1
-3
1
-5
-1
-3
0
-1
-2
-1
1
0
0
-2
1
1
1
-1
0
-1
0
-2
1
-1
0
-4
-1
-1
1
0
-1
-2
1
-1
1
-1
-1
-2
-1
-1
-1
-1
-1
0
1
0
0
-1
-1
-1
1
0
1
-1
-1
0
-1
-1
-1
0
1
1
0
-1
-1
0
0
0
-1
0
1
-3
-1
-1
-1
-1
-1
0
-1
-1
0
1
0
-1
-1
0
0
-2
-1
-1
-2
-1
0
1
-1
-1
1
-1
-1
-1
-1
0
0
0
0
-1
-1
-1
-1
-1
-1
-1
0
-1
0
-2
-1
-1
-1
-1
-1
0
-1
-3
-1
0
0
-1
-1
-1
-1
-1
1
-1
-1
0
-1
-1
2
-2
0
-3
-1
0
-1
-2
-1
0
0
-1
0
-3
-1
0
-1
-1
1
-1
-2
-1
0
-3
1
-1
-1
0
0
-2
0
-2
0
-1
-2
-3
-1
-1
1
-1
1
-2
-1
-1
-1
-3
0
-1
-1
-1
-1
-2
1
0
-1
0
0
-3
0
0
-1
-1
-1
-2
1
0
-1
-1
-2
-1
-1
-2
-1
-3
-1
-1
-1
-1
0
-1
-1
-2
1
0
-1
-1
-1
-1
-2
-1
-1
0
0
-1
-1
0
0
-2
0
-2
1
-2
1
-1
1
-1
0
-1
-1
-1
0
0
1
-1
0
-1
-1
1
-1
-1
1
0
-1
-2
0
0
-1
-2
-1
0
0
-1
1
-2
-1
0
-1
-1
1
-4
0
-1
-1
-1
0
-1
1
0
0
-1
-3
-1
-1
-3
0
-3
1
-1
-1
0
0
-2
0
-1
-1
-1
-2
0
0
0
-1
0
-1
-1
-1
-1
-1
-1
-1
-1
1
-1
-2
0
0
-1
-1
-1
-1
-1
0
-1
0
0
0
-2
-1
-3
-2
-1
-1
-1
-1
-1
0
-1
-1
0
-1
0
-1
-2
1
-1
-2
-1
0
1
-1
-1
-1
0
-1
-1
0
-1
-1
0
0
-2
1
-2
0
-1
-1
-1
0
0
-1
-1
1
-1
-1
-1
-1
0
-1
-1
2
-2
-1
0
0
-1
0
0
1
-1
1
-1
-1
-1
0
-1
0
0
-1
-1
1
0
-1
-1
-1
1
-1
-1
0
-1
0
-1
-1
0
0
-1
-1
0
-1
-1
1
-1
1
-2
-1
-1
-1
0
-1
-1
-1
-2
-1
-1
-1
0
-1
0
0
-1
-1
-1
-3
-3
-1
0
-1
-1
0
-1
1
-1
0
-1
0
-1
1
-2
1
0
0
-1
-1
0
0
-2
-1
-1
-1
-1
0
-1
-1
-3
0
-1
0
0
-1
-1
1
-1
-1
-1
-1
-1
-1
-1
0
0
0
-1
-1
1
0
-2
-2
-1
-1
0
-1
-1
1
-1
1
-1
-1
-1
0
-1
-1
-1
0
0
-1
-1
0
-2
-1
0
-1
-2
1
-1
0
-1
-2
-2
-1
-1
1
-1
-1
-1
0
-1
-1
-1
-1
0
0
-1
-1
0
-1
-1
1
-1
-1
0
3
-1
-1
0
0
-1
1
-1
-1
-2
0
0
-1
-1
0
-1
0
-1
0
-1
-1
0
0
0
-1
-1
-1
-2
0
-1
0
-1
-1
-1
-1
-1
1
-1
0
-1
-1
-1
1
-1
1
-1
-1
-2
0
-1
1
-3
-1
-1
0
0
-1
1
-1
-1
0
1
-1
-1
0
-1
0
-1
0
-1
0
-1
1
-1
1
-1
-1
0
1
-2
-1
-1
-1
-1
0
-1
1
-2
-1
-1
-1
0
0
-1
-1
-1
1
-2
-1
-1
-1
-1
-1
-1
-1
-1
1
-1
-1
-1
-1
0
0
-1
-1
-1
1
-1
1
0
-1
-2
-1
0
-1
-1
-1
-1
1
-1
-1
-1
-1
0
0
-1
0
-1
-1
-1
-1
-2
0
-1
0
0
-2
-1
1
-1
0
-1
0
-1
0
-1
0
-1
0
-1
1
-1
1
0
0
0
0
-1
1
0
1
-1
-1
-1
1
0
1
-1
1
0
0
-1
0
-1
1
-1
1
-1
-1
0
-1
0
0
1
0
-1
1
1
-1
-1
1
-1
0
0
0
-2
0
-1
1
-1
0
-1
-1
-1
1
1
1
0
1
-1
0
0
0
0
-2
0
-1
-1
0
1
-1
0
0
-1
1
-1
1
-1
0
-1
1
0
0
-2
0
-1
1
-1
-1
-1
-1
-1
1
0
-1
-1
0
-1
1
0
-1
-1
-1
0
-1
-1
-2
-1
-1
-1
1
-1
0
-2
1
-1
0
-1
-1
-2
-1
0
-1
-1
1
1
1
-1
-1
-1
-1
-1
1
0
-1
-2
-1
0
0
-1
-1
-1
-1
0
-1
-4
-1
-1
1
-1
-1
-3
1
-1
0
-3
-1
-1
1
0
0
1
-1
-2
-1
0
0
-1
-1
1
-1
0
0
1
0
0
0
-1
-1
-1
1
0
-1
-1
0
-1
-1
0
1
-3
-1
1
0
0
-1
-2
1
-2
-1
1
0
-1
0
0
0
-1
0
-1
-1
-1
-1
1
1
-1
1
0
1
-1
0
-1
-1
-1
1
-1
-1
-1
1
-1
1
0
1
0
-1
0
1
-1
-1
-2
1
-2
-1
0
-1
1
0
-2
-1
1
1
-1
-1
-1
-2
-1
1
-1
-1
-1
-1
1
0
-1
-1
0
-1
-2
1
0
-1
1
0
-2
-1
-3
0
1
-1
-2
0
0
-1
-2
-2
-1
-1
-1
-1
-1
-1
-1
-2
-2
-2
0
-2
-1
-1
-1
-1
0
-2
0
-1
-1
-1
0
-1
0
-1
0
-1
-1
-1
0
1
1
0
-1
0
-1
1
-1
-1
0
-1
-4
-2
-2
1
1
-1
1
-1
-1
-1
1
1
-3
1
-1
0
1
-1
0
-1
1
-1
-1
-1
-2
-1
1
0
0
-1
-1
0
-1
0
0
-2
-3
1
0
-1
-1
0
0
1
1
0
-1
-1
0
0
-1
0
-1
0
-1
0
-1
-1
-1
0
-1
0
-2
-1
0
-1
-1
1
-1
-1
-2
-1
-1
1
-1
0
0
0
-1
0
-2
1
0
-1
-1
-1
0
1
-3
0
-1
-1
-1
0
0
-1
0
0
0
-1
-1
1
0
-1
1
-1
0
-1
0
-1
0
-1
-1
-1
0
1
0
-1
-2
1
-1
0
-1
-1
-1
-1
-1
1
-1
0
1
0
1
-1
-1
-1
-1
1
0
0
-1
0
0
0
-1
0
-1
-1
0
0
0
-1
-1
-1
0
-1
0
0
-1
-1
-1
-1
0
-1
0
0
-1
-1
-1
0
-1
-1
-1
-1
1
-1
1
0
1
-1
0
-1
0
-1
0
-1
-1
0
1
-1
0
-2
-1
0
1
-3
0
-1
-1
0
-1
-1
-2
-1
-1
0
-1
-1
-1
1
0
1
-1
-1
-1
-1
-1
-1
-1
-1
-1
-1
-1
0
-1
-1
-1
-1
-1
-1
0
1
-1
1
-1
-1
-1
1
-1
-1
-1
-1
1
-1
0
0
1
1
-1
0
-1
-1
-1
1
1
0
1
0
-1
0
0
0
1
-1
-2
-1
-1
1
-2
-1
0
-2
0
1
0
-1
-1
-1
-1
1
-1
1
-1
1
-2
0
0
-1
0
-1
-1
-1
1
0
-1
1
0
1
1
-1
-1
0
-1
-1
-1
-1
-2
1
-1
-1
0
0
-1
-1
-1
-1
0
-1
-1
-1
1
-1
0
1
1
-1
-1
-1
0
1
-1
-1
-1
-1
-1
1
-1
-1
-1
-1
1
1
1
-1
1
-2
0
-1
0
0
-1
-1
-1
0
-1
-1
0
-1
-2
1
0
-1
0
-1
-1
-1
0
-1
-1
-1
-1
-1
0
-1
-1
-2
-1
-1
-1
-1
-1
-1
0
-1
0
1
-1
-1
0
-1
1
0
-1
-1
0
1
1
1
-2
-1
-2
-1
0
-1
0
-1
0
-1
-1
0
-1
-1
1
0
-1
-1
1
0
-3
-1
-1
-1
0
0
-1
1
-1
-1
0
-1
1
0
-1
-1
-1
-1
-1
-1
-1
-1
0
-1
1
-1
-1
-1
-1
-1
-1
-1
1
-1
-1
-1
-1
0
-1
-1
-1
-1
1
-2
1
1
0
-1
1
0
-1
-1
0
-2
0
-1
-1
-1
-1
0
1
0
-1
-1
0
-1
-1
0
-1
0
0
0
0
-1
0
-1
0
-1
0
1
0
1
-1
-1
-1
-1
0
-1
0
-1
0
-2
0
-1
0
-1
-1
0
-1
0
-1
-2
0
-1
0
0
-1
1
0
1
-1
-1
1
-1
0
-1
0
-1
-1
1
0
-1
0
-1
0
0
0
-1
0
0
-1
0
0
0
0
-1
1
-1
1
-1
-1
-1
0
-1
0
0
-1
1
0
-1
1
1
0
0
-1
0
-1
-1
-1
-3
1
0
-1
-1
-1
1
-1
-2
-1
0
-2
0
-1
0
-1
-1
0
-1
-1
1
-1
-1
0
-1
0
-3
-1
-1
-1
0
1
-1
-1
0
0
-1
1
0
-2
-1
1
0
-1
0
0
0
0
0
-1
-1
0
-1
0
-1
1
-1
0
0
1
0
-1
0
-1
-1
1
-1
0
-1
0
-1
0
0
-1
-1
-1
-1
-2
-1
0
-1
0
0
-1
-1
0
-2
-1
-1
0
1
-1
0
0
-1
-1
1
0
-1
1
-1
1
-1
-1
-2
1
-1
0
-1
0
-1
0
0
-1
-1
0
-2
0
-2
0
-1
0
-1
-1
0
-1
-1
0
1
-3
-2
0
-1
0
-1
-1
1
-1
0
0
-1
-1
0
0
-1
-1
-1
0
-1
1
-1
0
0
0
-1
-1
-1
1
-1
1
-1
0
-1
1
-2
-1
1
-1
-1
-1
-1
0
-1
1
-1
1
-1
1
-1
1
-1
-1
-1
0
0
2
-1
-1
-1
-1
0
1
0
0
-1
1
-1
0
-1
1
0
2
-1
1
-1
0
-1
1
-1
0
-1
1
-1
-2
-1
-1
-3
-1
-3
0
0
-1
0
0
-1
-1
-1
1
1
0
-1
-1
0
0
-2
1
-1
-1
1
0
1
-1
1
1
1
-1
0
1
-1
-1
-1
-1
1
1
0
1
0
-1
-1
0
0
0
0
0
0
-1
-1
-1
-1
0
-2
2
-1
2
1
-1
-1
0
-1
0
0
1
-3
-1
-1
1
0
0
1
0
-2
-1
-1
-1
0
0
0
0
-1
0
-1
-1
-1
1
-1
-1
-1
0
-1
-1
-1
-1
-1
-1
-1
-1
-2
1
-3
0
-1
1
-1
0
-2
-1
-1
0
-1
1
-2
1
1
-1
-1
-1
-1
0
-1
-1
-1
2
-1
1
-2
-1
1
-1
1
0
-2
-1
-1
-1
-1
-1
0
-1
-1
0
-1
0
-1
0
0
0
-2
0
0
-1
-2
-1
-1
-1
-2
-1
1
0
-1
-1
0
-2
1
-1
-1
1
-1
1
0
0
-2
1
-2
1
0
-1
0
-1
0
0
-2
-1
-2
1
-1
0
-1
-1
0
0
-2
1
-1
0
-1
1
-1
-1
-1
-1
0
1
1
-1
0
-1
-1
-1
0
0
1
-1
-1
0
0
-1
-1
-1
0
-1
0
-1
-2
0
-1
-1
-1
1
-2
-1
0
0
0
-1
0
0
0
-1
-1
1
-1
0
0
0
-1
-1
-1
1
-1
-1
0
1
-1
-1
-1
0
0
-1
-1
0
-2
-1
-1
1
-1
0
-1
-1
-1
-1
-1
0
-2
1
-1
0
0
0
-1
1
0
-1
-1
-1
-1
-1
-2
1
-4
-1
-1
0
-1
0
-1
1
-2
0
-2
-1
-1
-1
0
-1
0
-1
-1
0
-1
-1
-1
-1
-2
0
0
0
0
-1
-1
1
-1
-1
0
-1
-1
-1
-1
-1
-1
-1
-1
-1
-1
-1
-1
0
0
0
-1
-1
-1
-1
-2
0
-1
0
-1
-1
-1
0
-1
-2
-1
1
-1
-1
-1
-1
1
-1
-2
-1
-1
1
-1
-1
-1
1
-1
-1
0
-2
0
-1
-1
0
0
0
-1
0
-1
1
-1
-1
-2
-1
-1
-2
-1
0
0
-1
-1
-1
-1
-1
-1
-1
-2
0
0
-1
-1
0
0
1
-1
0
-1
-1
-1
0
-3
0
-1
0
0
1
-1
0
-2
1
-1
0
0
0
-2
-1
0
0
-1
-2
-1
0
1
0
-1
-1
-1
0
0
1
0
0
0
1
-1
0
-1
1
-1
1
-1
1
-2
0
0
0
-1
-1
-1
-1
-2
-1
-1
-1
-1
-1
-1
2
-1
0
-1
0
-1
0
-1
-1
1
1
-2
0
-1
-1
-3
0
0
0
-1
1
-1
-1
-1
-1
-1
-1
-1
1
-2
0
-1
2
-1
1
0
0
-1
1
-2
0
-1
-1
-1
0
-1
-1
-1
1
-1
1
-1
-2
-1
-1
-1
0
0
-1
-1
1
-3
0
0
0
-1
-1
-1
-1
1
-1
0
-1
-2
0
-1
-2
0
0
0
-1
-1
-1
0
-1
-1
-1
-1
0
-1
0
-1
0
0
-2
-1
-1
0
-1
0
1
-1
0
-1
-2
-1
0
0
0
-1
0
-1
0
-1
-1
-1
0
-1
-1
-1
0
-1
-1
-2
0
-1
1
-1
1
0
-1
-1
-1
-1
1
-1
1
0
1
-1
-1
-1
-1
0
-1
-2
-1
-3
0
-1
-1
-1
0
-1
0
-1
-1
-2
-1
-1
0
0
-1
-1
0
-1
-1
-1
-1
-3
0
-1
-1
-1
2
-1
1
0
0
0
0
-2
-1
-1
1
-1
-1
-1
-1
-1
1
0
-1
-1
-1
-2
-1
-1
-1
-1
0
-2
0
0
1
-1
-1
-2
0
-3
-1
-2
-1
-3
0
-1
-1
-1
-1
-3
-1
-1
1
-1
0
-1
-1
-1
0
-3
0
-1
-1
-1
-1
-1
1
-1
0
-3
-1
-2
0
-4
-1
-1
0
-1
-1
0
1
-1
-1
-1
0
-1
-1
0
0
-1
-2
-1
-1
0
0
-2
0
-1
0
-2
0
-1
1
-1
-1
-1
0
-2
-1
-2
-1
-1
-1
-1
0
-2
0
0
-1
-1
-1
-1
-1
-1
-1
-1
1
-1
-2
-1
0
0
-1
-1
-1
-1
-1
-2
0
-1
-1
-2
0
-1
-3
-1
0
-2
1
-4
-2
0
-1
-1
-2
0
0
-1
-1
-1
-1
-1
-2
0
-1
-1
-2
-1
0
-1
1
-1
0
-3
1
-2
1
0
-1
0
-1
0
-1
-1
0
0
-1
1
-1
-1
0
-1
0
-2
-1
-1
0
-2
-1
-1
0
-1
-2
-1
1
-3
1
-1
-1
-1
-1
-2
0
-1
-3
-1
-1
-1
-1
1
0
-1
0
-1
0
-1
0
-3
-1
-1
0
-1
0
-1
1
-4
0
-1
0
0
-1
-1
1
-1
-1
-1
0
-1
-1
-3
0
-1
-1
-1
-1
-1
0
-1
-1
-1
0
0
-2
-1
0
-1
1
-1
-1
-2
0
-1
-1
-3
0
-1
-1
-1
1
-2
-1
-1
-1
-1
0
-2
1
-1
0
-1
0
0
0
0
-3
-1
-2
-1
-1
-1
-1
-2
-2
-1
-1
-1
-2
-2
0
-2
0
-3
0
0
-1
-1
1
-1
-1
-1
1
0
-1
-1
0
-1
0
-1
0
-4
1
-2
0
-2
-1
0
-1
-2
0
-1
-42
356
-362
-23
-361
-4
-361
18
358
-42
-63
-358
81
352
346
-104
122
339
-142
-334
159
321
-315
177
302
-200
-215
-291
-279
230
-264
246
248
-264
231
-279
-289
-219
-202
300
312
180
-163
322
-146
331
339
124
103
-344
-85
351
356
62
41
-361
-24
358
-362
-2
-362
18
-42
-360
-62
-356
352
-85
-105
-347
338
-125
141
331
324
-163
-313
178
-201
-303
289
-216
276
-234
-248
-264
-263
-248
-231
274
-291
-216
-197
300
-181
311
163
-324
145
-332
123
-340
-346
-103
84
-354
-356
-63
358
40
-21
359
1
-361
-21
-361
42
359
64
357
83
350
346
-105
339
-124
-144
-332
-322
163
182
310
-199
-302
216
287
-233
-276
247
262
248
-264
232
-279
214
-290
197
-303
181
-316
162
-325
331
139
-341
-125
-348
-105
351
81
355
59
-360
-42
-18
358
-361
0
-361
21
43
356
63
354
-351
83
105
341
125
337
332
-146
322
-165
-313
180
-198
-304
-289
216
274
-237
-249
-263
263
243
279
228
-291
-216
-197
301
-314
-181
-323
-162
332
139
339
119
347
100
-82
351
356
57
358
36
-361
-21
-361
1
362
-25
-359
43
-67
-355
-352
83
-346
104
124
337
-146
-333
-165
-324
311
-185
-202
-301
-290
216
-235
-276
-252
-262
-267
-245
-281
-230
211
-292
194
-305
-180
313
-161
324
332
138
339
119
346
101
-81
351
356
59
37
-359
-361
-18
3
361
359
-25
358
-47
66
354
351
-86
-346
106
-338
127
146
331
-166
-322
311
-185
-299
199
-221
-288
235
274
-261
248
-245
264
278
228
-293
-212
-196
303
-176
315
324
158
139
-337
339
118
-349
-100
351
77
-59
354
-38
358
16
-363
4
358
-361
25
47
357
-355
66
-350
87
108
342
338
-129
-148
-330
166
318
-185
-313
-301
202
287
-220
-273
235
-252
-261
-266
-247
278
226
-293
-213
195
-307
-177
315
158
-327
136
-336
-344
-121
-346
-100
-77
351
-355
-60
35
-360
360
14
6
361
-361
25
-358
45
69
353
351
-91
-110
-346
-339
127
328
-150
168
317
-186
-312
203
296
286
-222
-238
-274
251
255
265
241
280
224
293
210
-195
303
174
-320
326
152
-138
333
-344
-121
95
-351
76
-353
-358
-59
-37
356
12
-363
6
360
-28
-361
-358
47
-356
69
-91
-351
344
-112
337
-131
327
-153
317
-173
186
308
-206
-299
-287
220
272
-240
251
256
-270
-243
-283
-228
293
209
-195
305
172
-317
-330
-155
-139
333
340
117
94
-349
351
75
-358
-56
-361
-34
-362
-14
-362
7
-32
-359
-52
-358
-354
72
90
351
-345
112
336
-132
-331
151
-171
-319
187
310
204
297
284
-222
271
-238
-258
254
267
241
-281
-224
295
208
192
-307
174
-317
325
155
-136
336
-342
-114
98
-349
-355
-75
-53
358
-33
358
363
11
11
357
-29
-362
-49
-358
356
-72
94
348
345
-115
338
-135
330
-153
172
316
192
304
208
292
-222
-286
272
-241
255
253
-269
-244
228
-285
-206
293
308
187
318
168
327
149
-335
-137
343
110
94
-354
-356
-78
52
-362
-360
-37
-11
356
-361
6
357
-37
51
352
-75
-358
348
-100
339
-118
130
331
-330
151
314
-175
-191
-310
293
-211
223
279
-243
-274
