-122
-18
-133
37
-119
87
-84
115
-46
115
-22
95
-15
61
-28
27
-56
6
-88
4
-109
18
-110
40
-84
52
-49
38
-19
-8
-17
-69
-47
-127
-99
-156
-141
-152
-157
-135
-139
-124
-105
-132
-78
-157
-67
-171
-60
-170
-33
-146
25
-121
105
-123
178
-161
206
-218
182
-262
124
-264
66
-215
37
-139
36
-66
42
-18
31
11
-1
41
-34
94
-46
161
-23
214
18
226
45
194
29
146
-23
121
-76
144
-89
202
-38
252
55
247
138
168
158
42
97
-74
-17
-123
-123
-86
-163
12
-117
107
-9
143
104
95
163
-13
137
-129
49
-198
-61
-187
-134
-107
-141
1
-83
88
8
117
83
85
113
20
93
-43
47
-75
7
-76
-10
-66
-6
-75
-4
-109
-32
-161
-93
-195
-170
-187
-232
-128
-243
-40
-197
42
-117
88
-37
83
16
47
30
5
13
-23
-13
-28
-42
-13
-59
13
-63
48
-45
79
-2
95
57
76
107
8
114
-98
53
-203
-67
-258
-199
-228
-283
-119
-276
25
-180
135
-45
165
66
115
108
25
81
-42
26
-55
-15
-18
-11
37
23
67
60
61
72
33
52
10
17
13
-9
40
-13
80
4
118
35
148
81
170
139
181
211
165
276
111
308
21
279
-74
194
-132
90
-123
16
-50
8
42
59
103
120
95
139
34
85
-33
-23
-51
-132
2
-191
105
-182
211
-124
274
-58
287
-10
262
14
226
31
196
52
159
74
107
78
37
49
-30
0
-67
-42
-64
-45
-43
-8
-38
36
-85
40
-174
-28
-260
-153
-288
-281
-223
-349
-86
-325
68
-221
173
-93
196
-1
152
28
82
6
37
-29
35
-46
59
-39
79
-32
76
-48
57
-98
54
-163
93
-199
176
-176
273
-95
335
13
325
100
240
118
112
63
-6
-42
-68
-139
-60
-185
-5
-163
50
-93
60
-21
9
6
-82
-25
-165
-100
-198
-168
-165
-184
-86
-139
-11
-57
20
17
-8
41
-66
11
-111
-42
-106
-74
-57
-55
3
4
25
62
-13
73
-94
19
-170
-77
-194
-165
-147
-196
-56
-155
30
-67
66
22
37
67
-33
54
-103
1
-132
-57
-106
-83
-38
-66
41
-9
103
68
127
139
106
179
54
180
-13
141
-66
81
-87
28
-69
11
-31
42
-6
102
-22
154
-95
161
-200
107
-296
16
-335
-69
-300
-100
-214
-59
-124
29
-71
120
-76
174
-122
176
-173
138
-195
87
-186
42
-158
6
-129
-34
-106
-81
-85
-130
-54
-165
-20
-177
1
-182
-6
-203
-43
-260
-84
-347
-91
-426
-33
-451
72
-390
180
-260
233
-117
197
-23
88
-14
-39
-75
-120
-153
-128
-191
-77
-161
-18
-86
0
-9
-43
23
-117
6
-177
-29
-185
-40
-142
5
-85
93
-54
181
-75
224
-131
204
-177
139
-172
68
-103
38
10
62
117
115
180
161
185
167
153
131
120
76
110
38
124
35
136
65
119
98
64
103
-17
74
-83
31
-107
10
-82
36
-34
109
-5
194
-24
241
-96
214
-185
107
-240
-47
-225
-192
-126
-281
24
-289
174
-241
276
-165
303
-110
267
-93
194
-115
127
-153
89
-175
85
-157
100
-97
112
-10
92
76
37
133
-42
148
-122
121
-174
74
-185
35
-158
14
-115
8
-76
2
-54
-22
-37
-64
-6
-97
54
-93
133
-33
199
69
208
166
136
206
6
156
-130
36
-205
-98
-183
-177
-81
-165
45
-78
129
33
138
106
83
112
17
74
-12
39
13
47
62
103
86
172
51
202
-39
160
-141
54
-203
-66
-192
-150
-118
-168
-23
-120
49
-46
69
22
35
56
-25
59
-86
45
-132
21
-158
-1
-171
-21
-169
-35
-156
-42
-133
-40
-109
-35
-91
-39
-73
-52
-54
-74
-22
-89
22
-83
65
-62
87
-43
71
-54
28
-108
-12
-190
-10
-256
47
-260
141
-188
225
-58
250
74
194
151
84
158
-28
111
-95
54
-97
25
-56
30
-11
49
13
49
17
21
26
-20
61
-42
119
-23
177
26
191
72
150
76
66
26
-15
-59
-53
-135
-39
-167
10
-146
52
-99
59
-61
34
-50
-6
-68
-25
-91
-14
-95
18
-77
49
-44
65
-13
59
5
47
15
34
30
23
51
2
67
-33
65
-76
41
-103
11
-100
4
-64
39
-27
103
-20
157
-64
160
-144
88
-209
-31
-209
-141
-124
-181
8
-134
124
-35
166
49
115
61
13
-11
-71
-116
-81
-187
-14
-177
79
-95
134
6
113
57
30
27
-52
-63
-66
-148
6
-168
138
-105
261
9
313
109
280
144
189
104
97
16
47
-69
45
-118
66
-126
80
-110
61
-94
16
-85
-40
-81
-92
-77
-140
-73
-181
-81
-209
-103
-207
-122
-156
-110
-59
-45
52
68
133
187
147
255
96
232
22
124
-14
-22
27
-141
139
-185
276
-154
376
-86
403
-25
359
6
271
11
173
4
78
2
-17
-6
-120
-39
-221
-102
-288
-175
-292
-217
-229
-200
-132
-115
-45
-1
-10
95
-30
139
-79
129
-115
92
-116
62
-89
57
-59
63
-46
65
-54
55
-68
42
-73
39
-74
49
-82
59
-107
47
-140
6
-150
-39
-115
-52
-42
-11
33
71
63
144
24
153
-58
85
-127
-26
-127
-108
-54
-112
51
-41
115
56
96
105
11
78
-78
1
-105
-59
-54
-49
39
34
103
135
91
192
18
167
-64
89
-97
13
-69
-15
-13
2
12
21
-21
-9
-91
-97
-137
-202
-118
-256
-35
-228
64
-132
110
-30
81
15
9
-7
-42
-62
-24
-86
57
-42
154
49
206
142
183
179
110
155
33
95
-14
47
-30
28
-47
21
-91
1
-158
-49
-211
-107
-216
-130
-170
-92
-102
3
-59
106
-66
169
-109
171
-149
132
-148
84
-104
52
-44
26
-4
-24
16
-112
37
-209
95
-271
192
-253
288
-157
321
-42
254
23
104
-4
-57
-98
-149
-192
-136
-217
-48
-155
49
-44
95
50
75
80
30
53
8
11
28
-7
59
-1
51
-21
-16
-104
-114
-261
-169
-426
-129
-512
14
-450
185
-247
286
11
252
219
94
301
-103
262
-237
170
-245
111
-135
136
17
226
131
315
168
340
143
281
114
170
126
66
191
23
272
47
310
103
269
143
146
122
-19
41
-168
-78
-257
-189
-274
-255
-229
-269
-161
-241
-97
-200
-52
-164
-22
-144
4
-136
30
-127
52
-119
62
-117
47
-127
16
-153
-22
-182
-50
-197
-62
-185
-71
-146
-86
-100
-119
-66
-157
-57
-176
-59
-156
-49
-93
-12
-13
47
51
100
81
114
82
76
83
10
112
-44
172
-54
228
-23
241
13
185
13
77
-44
-30
-129
-89
-190
-83
-182
-40
-103
-17
4
-48
77
-134
83
-226
27
-272
-45
-247
-85
-169
-81
-88
-52
-35
-36
-18
-47
-12
-70
11
-74
54
-34
88
40
82
105
22
127
-65
101
-132
59
-142
45
-108
78
-67
137
-60
170
-101
135
-154
37
-162
-79
-91
-145
46
-123
192
-28
274
86
259
151
158
141
30
62
-74
-39
-116
-119
-103
-153
-62
-141
-18
-96
15
-28
27
52
16
127
-28
176
-103
173
-191
109
-255
5
-257
-88
-181
-118
-52
-64
72
55
131
180
95
250
-21
228
-161
125
-261
-13
-284
-128
-231
-183
-137
-172
-47
-120
6
-58
12
-18
-11
-8
-41
-21
-52
-35
-37
-36
2
-6
46
40
75
93
78
126
60
131
39
111
34
88
53
82
90
100
119
132
118
155
81
146
21
103
-39
35
-74
-32
-78
-83
-60
-114
-33
-129
-3
-133
31
-123
75
-95
124
-46
166
16
183
68
177
95
153
93
134
76
131
61
139
54
144
45
132
22
108
-25
96
-69
116
-83
163
-40
210
50
215
141
154
187
49
160
-54
86
-100
15
-74
-8
-6
19
51
67
57
74
20
20
-16
-71
-1
-144
76
-148
177
-83
238
6
216
50
125
19
23
-66
-27
-143
-1
-156
74
-94
136
1
139
73
83
85
16
53
-18
19
6
25
55
69
85
117
66
121
18
74
-14
11
6
-14
76
29
145
124
155
211
84
223
-39
146
-143
20
-165
-86
-96
-111
23
-53
119
47
145
127
98
149
17
117
-49
66
-76
32
-76
21
-80
18
-105
-6
-143
-57
-170
-115
-161
-148
-122
-141
-77
-106
-60
-74
-82
-81
-126
-134
-149
-206
-123
-253
-37
-240
76
-159
173
-35
212
83
182
156
102
161
13
112
-37
41
-26
-15
44
-17
148
35
248
129
302
224
291
282
223
281
127
218
41
120
-8
23
-17
-44
-2
-76
7
-85
-4
-92
-36
-108
-71
-124
-90
-125
-85
-98
-67
-39
-55
35
-64
97
-94
130
-134
132
-166
106
-181
62
-175
3
-154
-66
-116
-136
-62
-195
11
-226
87
-223
148
-197
175
-163
163
-147
123
-149
83
-152
64
-135
65
-86
66
-10
46
60
-8
97
-82
87
-143
45
-163
1
-134
-20
-73
-10
-10
15
34
30
61
29
84
21
122
29
170
63
209
110
212
144
175
138
115
84
66
6
57
-61
91
-88
144
-73
182
-40
180
-17
139
-23
81
-54
33
-91
7
-113
-1
-116
-1
-105
-5
-93
-9
-79
-2
-57
23
-18
54
40
80
100
85
141
69
147
51
122
47
93
74
81
118
100
151
136
146
162
91
148
9
88
-70
1
-109
-79
-93
-116
-37
-92
26
-25
62
55
54
109
11
119
-36
87
-55
45
-33
24
21
39
71
77
83
105
40
83
-45
-4
-126
-131
-161
-252
-128
-315
-45
-292
45
-199
85
-83
55
-1
-32
25
-126
8
-180
-11
-177
1
-134
61
-94
136
-93
187
-137
182
-199
119
-240
30
-236
-52
-186
-99
-119
-116
-61
-115
-27
-114
-13
-117
-10
-124
-7
-127
-7
-129
-11
-139
-16
-158
-9
-173
13
-170
52
-141
90
-97
101
-62
81
-56
48
-79
30
-108
42
-107
82
-63
107
4
81
40
1
11
-101
-84
-160
-194
-140
-255
-47
-221
57
-113
103
4
48
54
-78
4
-207
-115
-258
-226
-208
-259
-86
-190
30
-61
82
63
52
127
-20
121
-78
81
-82
49
-35
52
31
80
76
101
86
88
76
40
72
-25
93
-76
133
-98
180
-84
211
-46
214
8
183
69
122
122
31
153
-78
147
-186
106
-266
44
-293
-11
-259
-33
-183
-16
-97
21
-29
54
14
63
41
49
71
29
108
21
142
25
156
36
137
37
88
24
26
4
-38
-13
-100
-29
-168
-56
-234
-105
-279
-168
-274
-211
-210
-199
-101
-115
1
16
47
134
8
183
-88
140
-187
30
-232
-87
-207
-161
-136
-178
-66
-161
-33
-142
-29
-134
-35
-125
-23
-83
6
-1
20
99
-7
175
-79
197
-163
165
-215
116
-214
86
-174
86
-137
90
-135
56
-159
-33
-171
-150
-129
-237
-24
-252
106
-186
200
-86
221
-3
163
20
71
-7
-2
-52
-33
-76
-33
-78
-36
-74
-57
-93
-85
-132
-92
-165
-60
-158
-8
-100
25
-23
4
30
-71
22
-159
-37
-208
-101
-189
-122
-117
-79
-33
6
16
92
18
146
-5
163
-23
164
-21
165
-8
172
-4
167
-18
136
-40
86
-52
34
-45
4
-34
-5
-42
-18
-78
-59
-125
-127
-143
-192
-107
-204
-28
-145
47
-41
68
49
20
69
-59
19
-107
-58
-81
-94
8
-54
99
30
122
90
61
66
-38
-40
-97
-165
-61
-221
51
-166
162
-36
185
81
93
98
-62
-1
-182
-157
-191
-272
-81
-275
74
-180
182
-53
184
16
100
-10
-2
-105
-50
-195
-21
-225
49
-183
95
-110
78
-60
1
-63
-94
-107
-158
-151
-170
-163
-146
-136
-119
-89
-110
-48
-119
-21
-126
-5
-122
11
-111
28
-100
35
-102
26
-108
-6
-103
-44
-81
-66
-45
-69
-17
-62
-9
-68
-28
-100
-49
-151
-49
-199
-17
-214
38
-192
88
-146
113
-99
107
-69
83
-59
62
-51
46
-41
34
-32
16
-32
-11
-52
-29
-82
-21
-98
18
-75
68
-13
98
58
83
100
26
87
-40
25
-71
-43
-47
-76
18
-53
78
2
88
45
31
26
-64
-63
-141
-183
-153
-283
-98
-313
-5
-266
71
-180
86
-103
42
-69
-31
-81
-86
-110
-97
-121
-66
-100
-19
-49
19
8
32
56
30
86
25
110
23
135
18
158
-5
163
-50
132
-108
64
-150
-27
-156
-111
-119
-162
-51
-171
21
-144
74
-102
98
-60
95
-25
76
-1
46
11
5
6
-37
-22
-72
-64
-83
-103
-56
-109
1
-66
61
19
88
115
62
180
-15
186
-106
137
-170
65
-181
6
-145
-17
-88
-9
-42
3
-27
-6
-29
-42
-24
-83
8
-100
63
-75
117
-14
138
57
110
102
42
106
-37
74
-93
26
-107
-6
-75
0
-16
45
45
118
84
196
87
253
54
267
1
228
-46
150
-60
62
-28
-6
36
-33
108
-26
151
-12
151
-21
117
-63
84
-120
82
-156
118
-137
170
-69
192
13
165
64
87
54
4
-7
-37
-79
-13
-119
59
-110
138
-75
190
-45
204
-41
204
-54
217
-57
244
-24
262
32
235
74
149
57
26
-26
-78
-148
-117
-250
-82
-286
-1
-252
70
-181
97
-117
76
-83
42
-71
23
-52
23
-12
21
37
-13
59
-79
30
-148
-40
-177
-107
-141
-125
-63
-75
9
16
23
83
-30
84
-107
17
-149
-74
-114
-126
-9
-104
114
-17
194
79
199
132
146
122
82
66
48
10
57
-13
89
-1
107
22
94
32
57
20
24
-1
19
-5
44
23
81
86
106
158
106
217
81
247
47
247
21
232
15
205
25
184
45
165
64
147
76
124
74
90
60
40
54
-18
63
-62
100
-67
159
-16
211
81
226
190
177
266
77
279
-42
232
-132
152
-161
83
-131
52
-69
56
-18
69
8
64
18
42
29
22
56
28
86
66
88
107
40
116
-52
66
-142
-23
-182
-103
-142
-118
-47
-43
52
99
95
245
56
335
-43
339
-150
272
-209
178
-195
105
-122
74
-30
76
43
87
83
85
94
63
91
32
86
-1
82
-25
73
-40
56
-42
33
-42
0
-32
-37
-19
-83
-11
-134
-17
-175
-33
-197
-52
-185
-57
-139
-32
-71
23
-2
102
50
190
73
268
64
322
26
339
-34
310
-106
226
-168
97
-193
-49
-160
-173
-62
-231
73
-209
199
-126
267
-30
255
33
177
31
87
-15
28
-60
26
-62
59
-11
87
70
69
129
2
128
-83
65
-130
-24
-102
-83
4
-73
148
11
275
139
340
257
334
330
277
342
210
311
156
261
132
215
125
181
123
153
113
129
93
101
66
69
36
33
6
-4
-18
-41
-34
-69
-35
-82
-26
-70
-13
-35
-17
8
-45
36
-95
37
-153
9
-192
-33
-197
-59
-163
-53
-112
-13
-68
40
-52
78
-62
87
-84
64
-92
22
-67
-12
-14
-28
52
-20
115
2
159
26
179
42
173
42
146
20
105
-28
60
-100
31
-180
33
-244
69
-264
127
-235
178
-167
194
-94
163
-49
99
-47
36
-74
5
-98
16
-95
52
-62
77
-21
76
1
47
-13
17
-54
6
-93
27
-112
59
-106
81
-98
78
-103
62
-128
57
-151
78
-144
123
-91
161
-11
161
61
114
92
38
75
-22
37
-40
23
-22
42
1
86
-11
112
-66
88
-139
13
-189
-81
-180
-148
-120
-160
-45
-129
3
-94
7
-89
-13
-117
-16
-151
22
-149
89
-99
151
-18
168
51
127
74
59
43
3
-6
-12
-40
15
-33
49
3
59
40
33
51
-12
32
-48
-3
-61
-33
-47
-52
-25
-67
-1
-91
35
-115
90
-121
168
-88
247
-18
295
58
282
99
216
79
129
8
70
-69
63
-111
88
-102
106
-66
79
-54
8
-99
-66
-187
-88
-269
-25
-284
102
-206
233
-61
305
91
291
185
210
201
117
154
60
95
56
59
80
52
95
50
80
29
43
-20
14
-73
15
-97
47
-66
83
6
84
87
33
136
-57
131
-152
77
-209
8
-205
-41
-152
-55
-74
-35
-1
-4
47
23
74
33
87
30
93
17
93
-3
87
-32
78
-66
71
-101
78
-117
101
-104
128
-54
139
17
116
83
49
110
-40
90
-120
35
-161
-23
-146
-55
-88
-40
-16
8
34
66
52
106
42
120
25
118
18
117
23
125
28
135
21
136
4
123
-10
101
-4
94
23
119
57
173
64
228
25
243
-52
197
-131
100
-163
-3
-127
-61
-35
-48
62
21
111
98
92
133
13
103
-74
25
-123
-54
-119
-97
-79
-94
-45
-66
-46
-54
-82
-83
-125
-143
-134
-200
-90
-214
-4
-162
81
-60
124
50
98
120
19
124
-72
71
-132
1
-126
-38
-66
-16
11
64
58
165
35
231
-49
226
-159
152
-243
47
-252
-33
-193
-45
-100
12
-33
97
-24
153
-78
147
-148
86
-177
17
-137
-6
-40
46
59
146
104
239
74
273
-4
223
-78
122
-94
23
-41
-32
52
-30
136
3
179
27
175
25
151
-1
134
-25
137
-27
148
-5
149
28
132
53
105
69
83
91
78
132
85
190
78
247
46
276
-7
259
-60
203
-83
132
-62
75
-11
43
48
31
90
19
107
-5
107
-40
99
-75
96
-100
91
-112
78
-117
54
-122
21
-127
-12
-129
-39
-128
-59
-124
-77
-125
-86
-135
-86
-148
-57
-148
-7
-124
54
-76
100
-17
115
28
95
40
54
18
16
-21
-4
-55
-6
-72
1
-74
0
-69
-14
-69
-35
-80
-51
-91
-52
-99
-37
-96
-13
-88
18
-68
49
-43
81
-13
103
18
106
34
88
23
55
-18
26
-78
21
-133
44
-153
83
-136
113
-92
111
-49
69
-29
13
-34
-32
-43
-44
-30
-23
23
4
105
11
190
-21
247
-88
250
-163
200
-216
117
-225
29
-185
-35
-107
-64
-16
-54
59
-21
94
6
81
3
35
-43
-21
-127
-46
-214
-18
-260
55
-240
144
-156
201
-40
197
58
127
102
29
90
-56
42
-95
-3
-83
-20
-38
-8
15
22
55
55
83
85
100
111
112
132
113
141
101
132
81
99
69
57
80
29
113
35
153
74
168
122
145
149
82
139
11
96
-40
44
-51
10
-30
4
4
16
37
33
62
45
91
65
132
95
177
143
210
193
218
222
199
222
170
197
150
165
144
139
139
112
122
72
93
7
67
-69
76
-127
119
-134
185
-83
229
-8
215
49
146
51
55
4
-8
-58
-21
-90
7
-76
39
-35
40
-6
7
-7
-33
-26
-49
-30
-33
6
-16
69
-36
112
-104
96
-190
12
-234
-91
-194
-146
-72
-110
67
1
151
117
139
167
53
122
-40
11
-76
-101
-37
-158
38
-156
97
-129
101
-120
62
-143
23
-171
12
-162
28
-100
31
-14
-21
42
-125
24
-236
-59
-293
-151
-256
-188
-144
-136
-22
-22
37
89
2
126
-102
64
-206
-67
-247
-197
-201
-266
-95
-247
11
-162
69
-57
55
24
-13
57
-94
51
-151
35
-161
40
-127
78
-76
149
-37
226
-32
276
-59
277
-100
232
-129
153
-124
76
-90
13
-42
-33
-4
-80
19
-136
42
-190
85
-211
156
-173
228
-75
260
42
216
117
108
108
-14
28
-83
-68
-60
-108
35
-65
133
33
166
115
109
117
3
30
-81
-95
-83
-182
-13
-188
74
-128
110
-65
71
-59
-13
-120
-70
-197
-53
-227
30
-176
119
-70
157
30
117
64
33
28
-34
-40
-42
-83
-1
-72
42
-33
41
-13
-11
-44
-76
-116
-103
-180
-69
-186
1
-124
59
-27
60
50
2
69
-77
30
-126
-32
-120
-79
-61
-93
20
-76
97
-45
161
-2
210
54
241
124
238
192
182
223
76
192
-52
93
-150
-34
-185
-140
-146
-192
-68
-184
8
-145
54
-105
74
-81
90
-59
117
-24
147
23
162
64
148
75
116
52
97
17
110
8
157
49
198
122
197
185
139
200
50
163
-23
100
-45
57
-20
57
17
83
25
97
-2
67
-40
2
-47
-58
-7
-76
55
-45
95
3
78
18
16
-18
-47
-81
-64
-117
-26
-78
29
24
45
141
-20
207
-143
192
-269
119
-332
42
-311
16
-239
46
-168
97
-135
124
-137
104
-136
62
-95
37
-13
57
76
114
126
165
120
173
78
128
46
64
52
25
95
31
133
64
129
83
74
52
-4
-24
-54
-104
-47
-141
6
-109
59
-27
62
49
-2
75
-105
31
-189
-53
-211
-122
-153
-134
-48
-77
49
18
97
100
78
124
21
84
-35
-5
-50
-96
-13
-153
54
-161
114
-134
129
-110
91
-121
18
-173
-49
-243
-71
-293
-44
-284
16
-212
62
-106
62
-21
12
9
-57
-18
-91
-72
-59
-98
35
-66
148
20
224
116
228
171
164
156
76
75
11
-22
1
-92
40
-101
97
-50
133
34
121
119
56
181
-43
202
-157
173
-256
98
-321
-4
-329
-110
-269
-182
-150
-197
-1
-147
132
-54
206
37
208
88
153
81
81
26
25
-38
11
-81
30
-88
61
-59
83
-15
83
31
71
71
52
106
31
132
11
144
-14
134
-36
103
-49
54
-38
9
-8
-22
35
-30
71
-24
87
-15
79
-10
52
-18
17
-30
-19
-45
-49
-60
-74
-75
-89
-90
-92
-100
-78
-100
-49
-81
-13
-43
16
6
22
49
-1
68
-55
47
-123
-23
-179
-125
-197
-232
-157
-298
-61
-292
63
-204
166
-60
203
86
156
179
40
191
-86
132
-168
49
-177
-6
-122
-9
-47
27
-1
60
-4
52
-30
-4
-42
-77
-5
-119
78
-100
172
-23
229
75
217
145
145
161
46
129
-33
76
-75
34
-79
11
-73
1
-71
-14
-76
-46
-77
-88
-59
