-175
58
-174
94
-145
120
-94
123
-42
103
-6
64
11
17
0
-20
-28
-39
-65
-33
-94
-4
-106
33
-93
62
-66
61
-46
25
-50
-34
-83
-92
-133
-128
-169
-136
-180
-134
-154
-139
-112
-158
-80
-190
-69
-203
-64
-194
-47
-152
-2
-104
61
-74
110
-80
116
-105
69
-121
-8
-100
-82
-42
-121
33
-126
90
-116
110
-115
97
-129
79
-141
74
-128
82
-79
78
-15
37
32
-37
31
-117
-11
-160
-62
-143
-78
-76
-36
-6
47
19
115
-25
120
-115
47
-192
-79
-206
-192
-139
-235
-18
-188
96
-76
144
45
103
112
-4
99
-119
18
-186
-81
-171
-148
-86
-148
34
-85
134
10
178
92
165
130
119
124
73
93
52
74
57
81
65
113
50
144
-2
146
-77
107
-141
50
-170
-1
-148
-13
-96
18
-49
70
-35
112
-62
115
-113
69
-161
-11
-187
-103
-181
-193
-150
-267
-97
-316
-35
-330
29
-303
76
-245
88
-182
48
-148
-32
-173
-115
-249
-151
-337
-107
-379
16
-338
168
-214
285
-62
320
54
271
89
182
46
112
-35
93
-103
122
-131
162
-124
175
-111
148
-118
97
-151
48
-190
24
-215
27
-213
42
-188
59
-150
74
-99
88
-37
96
33
87
93
44
117
-29
78
-104
-16
-142
-124
-112
-195
-23
-191
83
-119
149
-26
140
35
72
33
-11
-18
-49
-68
-18
-71
61
-12
145
83
191
173
191
227
161
240
129
227
111
203
95
168
66
107
25
11
-13
-105
-23
-204
1
-256
40
-252
52
-225
7
-223
-91
-279
-194
-378
-243
-471
-206
-500
-98
-431
28
-286
107
-122
106
1
43
53
-39
46
-94
18
-100
4
-78
7
-59
11
-62
-10
-81
-63
-83
-126
-47
-158
32
-127
124
-32
180
90
170
192
83
226
-41
187
-152
98
-204
13
-182
-23
-109
10
-35
88
-6
163
-39
194
-116
164
-190
91
-217
23
-182
4
-109
40
-41
111
-19
167
-54
168
-115
112
-158
28
-147
-37
-85
-52
-6
-24
42
6
35
-4
-13
-71
-59
-173
-53
-255
15
-273
119
-211
209
-98
241
16
199
88
106
96
8
58
-52
4
-57
-30
-16
-30
44
3
93
48
115
83
103
87
66
54
25
-15
0
-96
10
-160
57
-177
122
-139
169
-66
164
4
96
30
-12
-7
-119
-88
-174
-165
-160
-195
-94
-161
-21
-85
16
-6
1
34
-46
27
-93
-14
-107
-57
-87
-83
-44
-88
0
-86
34
-83
63
-78
95
-57
123
-18
132
21
107
33
47
-6
-21
-89
-54
-181
-23
-228
58
-199
148
-107
190
-1
151
60
45
43
-68
-35
-130
-117
-114
-146
-33
-100
59
-2
106
100
95
158
46
159
8
132
14
118
62
146
119
206
140
256
101
255
21
188
-60
77
-94
-29
-66
-87
0
-79
62
-29
83
28
52
56
-11
45
-65
21
-86
9
-71
29
-47
70
-40
103
-65
96
-105
47
-127
-23
-105
-74
-37
-76
49
-22
107
57
105
111
38
110
-57
45
-133
-51
-144
-128
-83
-142
27
-81
136
34
200
158
197
245
137
267
52
224
-16
143
-45
58
-29
-5
12
-36
49
-41
59
-42
30
-59
-27
-101
-93
-163
-140
-218
-153
-247
-133
-238
-101
-196
-78
-144
-69
-105
-64
-86
-37
-66
25
-20
115
69
195
183
224
279
177
305
71
232
-42
81
-100
-83
-69
-190
33
-203
148
-131
211
-30
188
41
95
54
-13
27
-83
6
-97
28
-78
98
-76
178
-120
214
-207
175
-295
70
-329
-54
-281
-142
-163
-164
-19
-119
98
-47
160
23
165
62
134
71
91
63
54
48
23
31
0
16
-17
1
-27
-8
-33
-13
-37
-19
-46
-33
-57
-57
-62
-89
-50
-110
-24
-108
6
-86
16
-61
-10
-63
-61
-105
-108
-174
-113
-228
-62
-221
26
-142
105
-10
126
119
68
193
-40
189
-149
129
-209
58
-200
16
-146
11
-82
21
-37
20
-11
-7
23
-43
84
-55
169
-28
252
33
291
88
271
99
206
52
140
-36
110
-119
127
-162
173
-157
206
-127
201
-106
157
-115
98
-148
53
-182
40
-194
50
-179
64
-146
66
-113
57
-88
48
-69
47
-45
57
-16
64
7
63
9
58
-12
66
-40
105
-47
169
-14
226
49
244
104
196
107
103
36
15
-81
-20
-185
22
-221
110
-173
181
-70
179
15
91
25
-38
-47
-140
-156
-159
-231
-90
-227
15
-148
86
-49
85
0
22
-30
-42
-117
-45
-199
33
-214
163
-144
275
-24
311
81
255
119
139
80
24
-7
-47
-96
-62
-149
-46
-162
-28
-149
-33
-136
-56
-129
-81
-122
-102
-113
-115
-103
-124
-102
-127
-113
-108
-124
-51
-106
37
-34
132
81
185
198
162
263
71
233
-44
119
-118
-36
-110
-159
-19
-204
110
-170
213
-92
257
-13
241
42
192
74
142
103
98
136
53
161
-2
159
-59
120
-92
64
-71
26
6
41
110
108
194
199
218
260
182
264
114
210
57
129
35
58
40
16
54
-8
52
-27
30
-52
5
-69
-13
-70
-24
-50
-45
-26
-81
-22
-127
-42
-152
-67
-132
-62
-74
-4
-11
92
7
175
-40
188
-127
121
-197
8
-194
-81
-112
-95
0
-36
77
46
71
81
-1
40
-77
-50
-94
-122
-34
-119
65
-40
131
67
125
132
53
124
-26
66
-57
14
-24
14
37
59
69
105
41
98
-22
28
-64
-69
-40
-124
42
-105
134
-28
170
47
127
62
35
4
-39
-85
-47
-140
10
-123
83
-46
116
37
81
76
0
62
-76
21
-113
-7
-114
-4
-108
10
-124
6
-165
-33
-192
-90
-176
-119
-113
-93
-37
-17
4
66
-16
110
-77
98
-142
49
-170
4
-158
-16
-129
-22
-115
-40
-117
-91
-107
-150
-52
-175
52
-126
162
-9
214
113
170
172
45
123
-92
-6
-167
-144
-139
-220
-45
-209
50
-143
88
-86
54
-77
-8
-110
-47
-140
-44
-129
-23
-81
-33
-47
-97
-74
-182
-176
-221
-295
-153
-344
13
-267
210
-65
334
174
316
343
165
373
-35
273
-185
117
-216
-4
-141
-34
-29
13
44
76
42
91
-15
40
-69
-46
-67
-112
-1
-111
95
-38
165
67
164
149
88
164
-24
107
-124
1
-168
-107
-146
-181
-77
-206
4
-194
66
-168
97
-145
103
-133
93
-126
81
-115
64
-95
33
-78
-14
-73
-73
-80
-129
-94
-168
-98
-186
-79
-191
-37
-202
7
-228
36
-258
39
-272
30
-251
35
-191
71
-115
133
-57
190
-35
213
-39
188
-40
133
-5
88
64
83
139
116
174
148
146
133
69
58
-8
-53
-37
-140
-6
-162
53
-112
85
-31
52
23
-42
13
-150
-49
-216
-119
-213
-153
-156
-137
-93
-95
-54
-64
-43
-61
-33
-76
1
-73
64
-32
122
37
139
97
105
107
40
73
-12
21
-18
0
14
31
42
93
25
132
-45
110
-132
28
-176
-69
-139
-113
-33
-71
89
42
157
170
136
246
40
243
-78
167
-162
66
-184
-19
-149
-59
-86
-55
-22
-21
24
35
45
103
36
164
-10
197
-90
175
-185
91
-255
-36
-260
-153
-185
-205
-50
-173
85
-71
161
43
145
107
57
89
-57
-2
-132
-119
-133
-206
-61
-227
45
-180
141
-91
193
3
191
68
152
93
105
85
72
60
64
41
83
37
107
46
120
57
110
47
85
15
59
-32
53
-70
76
-79
115
-48
146
12
151
75
119
113
60
120
2
103
-33
80
-37
60
-23
52
2
41
28
25
57
8
93
-2
134
0
166
8
175
8
156
-13
122
-54
89
-101
74
-133
71
-141
66
-139
44
-143
13
-163
-4
-175
12
-155
58
-83
104
32
108
142
47
199
-62
176
-168
99
-225
20
-210
-13
-156
6
-116
43
-130
44
-187
-13
-240
-103
-240
-171
-173
-170
-76
-94
-13
-1
-23
49
-95
19
-174
-69
-194
-153
-132
-180
-21
-136
76
-59
110
-11
83
-21
38
-75
22
-126
53
-134
105
-98
131
-57
105
-49
42
-88
-6
-141
1
-151
55
-91
113
23
112
129
35
161
-89
103
-190
-6
-206
-97
-128
-112
6
-42
119
66
165
151
140
177
85
146
45
94
45
59
72
46
95
41
92
16
73
-31
57
-84
71
-112
106
-96
136
-49
129
-7
72
-3
-16
-47
-95
-115
-126
-161
-103
-156
-51
-88
-14
14
-28
105
-105
144
-221
112
-332
25
-395
-84
-383
-169
-299
-193
-171
-153
-42
-58
47
52
76
139
47
175
-8
160
-57
115
-70
72
-46
55
-1
67
36
93
49
108
40
101
26
80
28
62
49
64
82
91
103
128
99
155
67
158
18
140
-32
101
-71
54
-99
3
-115
-48
-117
-94
-103
-124
-71
-126
-26
-95
8
-44
20
6
4
32
-27
32
-46
20
-36
22
3
52
49
101
76
145
68
153
35
115
9
45
14
-23
59
-62
123
-68
180
-59
211
-52
216
-61
214
-68
223
-56
243
-12
256
53
238
111
184
135
115
119
59
83
52
62
88
78
150
136
196
204
203
252
171
262
120
229
76
178
54
124
48
74
46
28
41
-22
35
-75
42
-118
64
-136
95
-122
122
-93
128
-65
113
-54
95
-57
95
-50
122
-16
168
55
201
148
196
224
142
256
57
229
-23
162
-64
91
-49
50
4
59
64
106
100
163
87
194
41
185
-11
141
-36
96
-20
81
27
110
70
168
78
217
29
220
-57
155
-139
44
-170
-69
-132
-134
-41
-123
57
-52
107
33
86
81
7
64
-83
6
-136
-56
-136
-82
-99
-57
-72
-8
-86
21
-148
1
-231
-71
-291
-164
-304
-246
-268
-292
-210
-303
-155
-292
-117
-281
-93
-272
-76
-262
-54
-243
-33
-222
-13
-206
5
-194
32
-180
71
-149
124
-95
168
-30
184
18
163
32
127
6
104
-33
112
-48
145
-24
168
18
141
31
64
-16
-30
-122
-81
-238
-51
-293
54
-247
169
-115
222
28
173
109
47
89
-86
-4
-148
-98
-113
-124
-12
-64
84
49
110
144
57
170
-38
121
-117
35
-138
-37
-103
-69
-42
-64
4
-54
19
-64
20
-95
30
-132
68
-145
128
-124
195
-69
245
8
264
92
248
171
198
232
115
257
11
237
-98
170
-180
78
-212
-10
-187
-64
-121
-74
-45
-54
13
-30
47
-17
65
-21
87
-21
117
-4
147
30
158
66
137
90
88
95
28
83
-37
68
-98
44
-163
4
-226
-64
-269
-145
-265
-209
-199
-215
-88
-142
18
-21
63
95
28
145
-64
105
-157
2
-195
-106
-161
-173
-81
-186
-4
-168
41
-151
52
-148
54
-144
70
-110
100
-33
112
62
78
136
-4
156
-99
127
-168
83
-186
60
-168
64
-153
71
-171
35
-216
-55
-243
-178
-215
-276
-119
-301
6
-245
103
-150
125
-69
74
-38
-9
-49
-70
-66
-88
-56
-77
-14
-70
37
-79
69
-100
76
-102
81
-66
117
-12
187
21
261
-4
291
-79
247
-170
138
-224
12
-208
-77
-139
-101
-57
-80
-8
-45
-6
-31
-28
-35
-44
-38
-42
-24
-25
8
-18
43
-33
59
-53
54
-66
50
-58
62
-46
83
-54
91
-89
59
-134
-9
-150
-81
-109
-105
-23
-62
62
28
97
108
64
127
3
79
-25
13
24
-6
136
52
250
158
291
235
247
224
160
127
107
1
141
-64
243
-25
338
84
338
179
218
172
29
55
-127
-112
-171
-231
-93
-228
37
-118
126
29
119
124
37
126
-54
56
-81
-15
-21
-33
87
9
173
71
198
97
161
62
100
-22
64
-111
68
-165
98
-175
120
-155
114
-129
83
-103
45
-72
12
-25
-11
35
-35
95
-66
141
-97
164
-107
177
-93
193
-59
216
-23
235
-7
225
-11
173
-21
89
-11
0
29
-65
86
-93
134
-94
150
-90
131
-92
92
-103
51
-107
19
-98
-7
-80
-37
-67
-66
-71
-84
-83
-69
-83
-18
-49
49
17
98
88
100
124
57
102
-1
30
-29
-49
-9
-90
46
-68
90
-6
78
47
-1
49
-119
-13
-217
-106
-246
-172
-196
-171
-103
-98
-20
8
16
95
-4
129
-45
107
-66
58
-42
17
21
5
94
19
150
41
173
57
170
64
155
75
136
98
104
133
53
160
-23
163
-109
134
-175
85
-201
45
-176
30
-113
52
-39
98
23
146
62
180
78
192
78
180
66
148
43
91
15
7
-12
-91
-16
-180
15
-228
73
-217
134
-151
162
-60
139
11
66
38
-16
18
-69
-21
-66
-40
-14
-25
59
16
115
55
139
63
140
34
141
-11
163
-42
201
-42
230
-14
221
18
161
21
57
-17
-55
-88
-142
-169
-180
-226
-165
-235
-115
-197
-55
-116
-11
-21
4
62
-11
109
-45
110
-73
76
-69
34
-25
9
47
25
119
67
156
108
144
119
94
83
40
23
16
-23
31
-28
64
11
71
60
28
72
-54
25
-136
-71
-173
-172
-141
-234
-58
-240
35
-207
99
-169
127
-148
140
-135
162
-101
196
-32
218
63
194
143
110
160
-12
105
-117
6
-153
-83
-115
-115
-30
-86
47
-28
81
21
71
34
45
23
35
19
45
39
49
68
22
74
-40
30
-105
-52
-133
-132
-100
-162
-23
-124
44
-49
53
4
-6
-14
-93
-101
-145
-209
-122
-278
-31
-267
76
-187
141
-91
129
-30
59
-27
-21
-60
-69
-90
-69
-84
-45
-45
-28
2
-38
30
-66
26
-86
4
-77
-14
-35
-6
21
25
59
61
72
83
49
78
13
49
-25
10
-51
-24
-71
-43
-84
-45
-103
-35
-133
-21
-173
-16
-218
-25
-249
-46
-252
-59
-211
-47
-138
10
-54
100
5
191
11
241
-30
221
-83
138
-107
29
-74
-59
10
-98
114
-89
197
-57
241
-28
252
-6
257
25
267
81
274
162
251
235
176
260
66
208
-37
93
-83
-30
-40
-107
69
-106
187
-45
254
21
238
37
163
-21
72
-128
22
-239
32
-304
87
-305
151
-252
185
-174
177
-99
134
-39
73
6
14
42
-39
71
-84
91
-125
99
-156
95
-182
81
-198
57
-207
17
-209
-40
-199
-110
-167
-175
-103
-217
-16
-220
86
-181
173
-107
228
-14
239
77
202
150
124
188
16
180
-109
115
-222
3
-297
-131
-302
-243
-233
-290
-111
-260
17
-166
99
-57
113
18
74
33
23
5
8
-25
45
-14
113
45
163
127
157
180
86
163
-12
77
-87
-45
-93
-142
-30
-170
71
-124
156
-32
187
60
153
115
80
122
6
99
-38
70
-44
54
-23
57
11
74
40
91
59
105
69
107
70
99
64
78
53
49
45
18
38
-4
36
-8
31
8
8
34
-41
49
-112
38
-189
4
-243
-35
-259
-55
-231
-36
-181
18
-136
85
-118
139
-125
155
-146
136
-151
95
-130
53
-82
27
-23
18
32
21
66
29
76
28
63
16
32
-13
-11
-65
-51
-132
-74
-204
-63
-254
-15
-257
57
-205
123
-117
151
-24
129
41
72
63
11
56
-24
49
-21
67
5
115
18
170
1
204
-41
201
-87
168
-109
133
-98
114
-72
114
-52
110
-51
83
-61
31
-57
-25
-23
-57
39
-48
93
-11
115
21
88
16
35
-30
-3
-85
-1
-111
39
-89
76
-31
79
18
31
25
-40
-16
-93
-76
-95
-107
-52
-90
-3
-35
14
13
-16
23
-72
-8
-111
-52
-107
-69
-66
-40
-25
21
-19
67
-59
68
-116
23
-152
-40
-137
-77
-78
-71
-8
-32
39
12
47
33
26
25
8
2
3
-16
13
-22
24
-26
31
-37
40
-49
71
-42
125
7
186
93
222
187
206
245
146
240
74
184
37
114
53
74
106
78
146
100
133
91
67
17
-16
-108
-59
-231
-33
-291
46
-257
121
-154
132
-39
57
28
-80
24
-219
-29
-307
-86
-325
-109
-296
-93
-256
-64
-229
-52
-210
-63
-174
-83
-100
-71
3
-15
107
81
165
178
156
235
93
232
12
174
-48
99
-62
38
-36
11
8
18
43
38
57
54
52
58
39
49
26
35
18
16
13
-8
11
-40
18
-64
38
-73
76
-49
116
11
138
93
119
165
57
199
-38
182
-127
128
-177
67
-174
29
-127
33
-64
66
-17
103
-2
116
-7
102
-16
69
-15
36
5
13
26
-6
35
-29
33
-65
35
-99
54
-114
91
-88
134
-25
146
44
110
83
35
64
-43
1
-78
-65
-46
-84
40
-30
129
78
168
194
136
262
43
263
-61
213
-128
155
-141
127
-119
136
-98
161
-112
165
-157
119
-202
33
-210
-55
-156
-106
-55
-96
53
-37
121
30
125
59
75
28
11
-52
-21
-142
7
-190
84
-166
173
-74
223
43
197
134
100
160
-25
112
-127
34
-160
-25
-124
-25
-55
35
-8
112
-19
153
-86
122
-165
30
-203
-72
-164
-127
-69
-106
33
-28
82
49
54
78
-24
38
-99
-45
-119
-117
-74
-137
8
-97
80
-28
106
30
84
52
41
45
4
24
-10
14
-13
16
-23
16
-44
-1
-74
-28
-88
-55
-81
-59
-60
-38
-44
-11
-51
-2
-78
-25
-103
-74
-100
-125
-57
-153
16
-146
91
-115
144
-80
164
-59
162
-52
151
-53
138
-51
122
-47
98
-42
62
-47
18
-60
-22
-77
-52
-94
-76
-109
-92
-130
-99
-158
-93
-184
-62
-194
-7
-172
55
-120
103
-54
116
5
93
35
47
33
4
16
-19
4
-21
7
-11
26
-6
46
-11
55
-18
54
-21
47
-7
38
21
37
56
40
91
51
124
65
145
85
150
100
129
103
81
78
15
21
-49
-57
-89
-129
-96
-170
-78
-175
-62
-156
-66
-139
-98
-144
-138
-177
-154
-211
-130
-220
-73
-186
-7
-116
35
-35
33
23
-12
35
-75
4
-124
-53
-140
-106
-112
-134
-56
-121
13
-70
65
4
81
69
54
96
-4
74
-59
7
-81
-73
-45
-119
40
-105
142
-34
214
66
218
146
156
173
57
144
-33
83
-83
28
-86
4
-59
12
-26
40
-3
75
10
104
17
129
25
148
28
156
23
140
15
99
18
48
46
11
96
6
151
35
180
76
165
101
107
89
37
47
-15
0
-28
-28
-11
-29
22
-11
50
8
77
23
106
38
149
62
196
100
231
137
236
152
213
139
178
103
148
64
129
37
109
17
80
-11
37
-56
3
-107
7
-133
56
-106
132
-21
194
91
204
177
164
206
103
177
67
127
81
100
129
110
171
136
172
148
127
125
69
81
25
52
9
66
-8
110
-59
140
-156
115
-260
31
-313
-67
-269
-108
-134
-53
28
79
142
222
166
299
115
281
53
193
42
103
98
62
179
72
230
102
218
104
155
69
86
20
47
4
34
35
15
90
-49
114
-157
67
-264
-40
-303
-152
-242
-202
-102
-151
52
-33
140
90
128
144
41
103
-57
-3
-103
-109
-73
-156
8
-123
85
-28
107
78
60
153
-38
173
-145
150
-216
112
-233
95
-197
112
-134
165
-76
233
-47
279
-50
284
-70
247
-80
187
-64
129
-26
89
18
63
45
31
51
-15
54
-64
78
-91
127
-63
185
18
205
112
161
165
57
135
-52
39
-103
-65
-57
-107
62
-54
187
62
243
168
205
199
114
143
37
47
34
-17
97
-8
169
57
187
112
124
99
18
10
-64
-104
-71
-175
-8
-166
65
-98
88
-31
40
-17
-49
-62
-114
-126
-117
-153
-68
-116
-13
-45
-2
11
-40
17
-93
-24
-107
-63
-64
-56
14
10
75
99
76
156
13
149
-74
79
-135
-15
-144
-93
-99
-132
-32
-132
33
-110
89
-66
135
-1
168
87
174
178
132
235
45
228
-59
154
-134
44
-144
-50
-85
-95
8
-88
92
-56
139
-28
150
-16
149
-8
151
15
151
49
134
81
89
85
28
54
-17
14
-18
1
22
34
66
96
78
148
41
151
-22
97
-65
21
-58
-35
-6
-43
53
-22
76
-6
54
-25
16
-71
0
-107
28
-95
72
-32
95
49
63
93
-11
78
-78
30
-96
-1
-47
29
24
114
61
202
21
232
-77
176
-177
61
-221
-57
-187
-119
-104
-117
-33
-85
-8
-69
-22
-86
-40
-122
-20
-134
38
-95
105
-20
136
48
114
69
59
33
18
-28
19
-69
58
-71
94
-45
91
-37
34
-74
-43
-155
-95
-235
-89
-267
-37
-223
13
-123
18
-24
-43
23
-142
3
-220
-57
-231
-107
-162
-104
-47
-39
62
61
115
141
102
164
45
114
-15
19
-37
-77
-11
-136
42
-142
86
-110
87
-76
35
-74
-49
-110
-124
-165
-150
-199
-122
-177
-61
-97
-11
13
-7
98
-55
122
-124
84
-163
18
-140
-24
-58
-8
41
62
104
142
98
185
27
157
-62
69
-117
-38
-109
-115
-40
-132
53
-88
129
-11
161
66
142
121
81
131
-2
98
-84
25
-144
-75
-162
-172
-124
-231
-40
-226
67
-151
155
-34
187
85
152
161
72
173
-16
133
-67
72
-64
22
-13
-2
59
-1
127
4
176
4
204
-6
214
-25
209
-49
186
-81
143
-128
83
-186
21
-247
-28
-297
-58
-318
-75
-308
-87
-274
-105
-229
-130
-189
-154
-158
-165
-134
-161
-115
-136
-100
-96
-93
-47
-88
11
-85
75
-74
139
-48
191
-6
216
46
200
91
136
110
30
88
-98
16
-216
-89
-291
-200
-297
-274
-233
-279
-128
-202
-27
-70
25
64
5
144
-74
146
-161
78
-202
-10
-175
-65
-93
-64
-4
-18
49
28
42
35
0
-5
-31
-64
-18
-93
44
-66
119
16
166
111
152
174
86
178
5
131
-52
63
-66
4
-45
-35
-13
-56
9
-78
16
-111
17
-149
30
