84
123
148
112
190
42
175
-47
118
-110
48
-123
5
-94
5
-52
48
-29
100
-43
139
-87
147
-148
127
-211
75
-267
-4
-310
-110
-320
-232
-286
-336
-190
-385
-49
-356
89
-254
190
-120
215
-11
169
34
98
19
40
-23
37
-47
85
-28
151
24
203
83
220
126
211
147
202
162
197
192
186
230
144
248
59
217
-54
124
-145
3
-172
-95
-120
-119
-25
-57
61
54
85
158
40
209
-39
201
-100
163
-115
136
-85
136
-47
142
-31
119
-39
51
-35
-45
8
-119
104
-129
218
-70
286
11
267
51
161
3
26
-120
-64
-262
-62
-347
20
-337
125
-240
189
-117
178
-23
107
17
26
19
-25
23
-36
54
-30
105
-43
149
-87
158
-151
124
-203
71
-222
21
-211
-7
-192
-23
-177
-43
-172
-69
-155
-86
-116
-65
-65
-1
-32
87
-50
158
-127
168
-233
110
-320
16
-344
-65
-302
-98
-223
-82
-149
-46
-107
-18
-90
-13
-77
-11
-47
6
-15
38
-3
61
-30
38
-81
-37
-110
-136
-80
-197
14
-173
128
-66
185
66
136
140
-15
102
-197
-44
-322
-226
-332
-352
-231
-372
-87
-287
24
-159
53
-47
4
6
-74
9
-141
-13
-170
-30
-169
-38
-156
-40
-141
-47
-122
-61
-95
-69
-54
-67
-18
-61
8
-63
20
-85
28
-117
48
-139
80
-136
108
-115
110
-100
75
-113
17
-160
-32
-216
-45
-245
-21
-226
13
-163
22
-91
-11
-44
-71
-30
-119
-28
-132
-10
-112
42
-87
110
-88
155
-124
148
-173
87
-191
6
-158
-55
-78
-73
11
-57
68
-37
86
-40
75
-63
61
-86
62
-85
69
-58
58
-22
21
-4
-36
-8
-82
-22
-95
-21
-76
13
-44
60
-26
99
-28
103
-30
81
-6
64
52
78
117
122
149
162
119
154
33
74
-61
-59
-113
-186
-98
-257
-43
-253
4
-206
0
-161
-59
-154
-134
-180
-180
-201
-175
-182
-135
-119
-101
-47
-103
-8
-134
-21
-152
-69
-123
-105
-40
-93
62
-33
132
37
134
64
78
24
6
-65
-25
-152
2
-186
70
-149
130
-69
140
13
89
55
4
47
-78
6
-121
-40
-115
-64
-74
-62
-21
-37
27
-10
57
13
68
18
66
7
57
-22
55
-56
64
-80
86
-79
105
-55
111
-20
87
8
37
13
-21
-4
-61
-23
-69
-21
-45
12
-14
64
2
112
-4
138
-18
134
-21
120
-1
115
37
127
67
145
74
146
52
115
16
59
-9
-2
-8
-42
8
-56
21
-52
13
-53
-11
-73
-29
-95
-15
-88
37
-30
105
84
146
219
127
325
43
360
-74
315
-175
210
-218
95
-193
14
-114
-18
-23
-8
42
13
62
21
40
-2
1
-53
-31
-116
-34
-163
-6
-175
42
-143
88
-74
112
11
98
81
47
119
-20
117
-83
88
-118
54
-119
34
-100
29
-78
35
-69
35
-76
21
-87
-4
-91
-27
-80
-32
-62
-17
-46
10
-45
33
-57
44
-69
45
-65
45
-39
64
4
105
47
163
71
216
65
243
28
228
-23
175
-65
94
-81
6
-66
-62
-26
-100
23
-105
64
-86
83
-63
78
-42
64
-27
53
-8
57
25
73
78
86
140
81
185
49
193
4
151
-33
71
-33
-20
11
-91
89
-123
175
-121
236
-104
255
-92
233
-100
183
-129
127
-169
76
-210
40
-240
22
-255
19
-246
28
-213
38
-158
42
-99
23
-53
-14
-41
-56
-63
-80
-99
-64
-119
-16
-100
40
-47
64
11
36
33
-39
-3
-122
-82
-169
-166
-155
-210
-91
-188
-15
-117
29
-35
24
23
-14
40
-49
32
-54
30
-29
53
6
91
25
122
18
122
1
99
-4
75
24
78
66
122
95
181
81
221
24
213
-47
161
-86
102
-65
80
6
119
83
205
119
287
91
317
15
272
-59
172
-85
66
-41
5
53
12
146
76
190
152
157
194
58
171
-69
87
-181
-33
-235
-145
-226
-214
-163
-219
-80
-170
-13
-95
19
-24
13
16
-4
31
-8
39
13
61
49
101
74
141
65
146
25
94
-12
0
-5
-88
70
-119
190
-62
298
55
332
164
267
197
136
131
11
2
-38
-111
8
-151
107
-103
187
-18
190
35
123
15
42
-60
10
-124
53
-116
137
-24
190
100
153
180
33
165
-112
64
-202
-58
-189
-122
-91
-91
25
11
86
119
60
165
-25
126
-114
29
-148
-76
-114
-147
-31
-163
62
-134
130
-82
154
-26
134
11
72
14
-18
-26
-111
-107
-173
-202
-173
-261
-112
-245
-16
-155
55
-23
56
78
-14
104
-115
53
-174
-20
-152
-50
-65
-7
28
88
56
158
0
146
-104
40
-182
-110
-175
-226
-81
-260
48
-215
146
-142
177
-88
158
-69
133
-61
134
-22
154
53
153
135
102
173
2
135
-99
40
-142
-59
-109
-114
-22
-107
64
-68
110
-43
117
-45
117
-57
140
-37
182
31
199
114
148
154
33
105
-98
-21
-163
-155
-117
-211
20
-146
168
9
239
172
198
265
81
257
-37
191
-91
129
-67
120
-13
156
21
197
12
203
-25
171
-46
134
-33
122
-2
138
11
151
-16
124
-62
52
-84
-29
-50
-63
29
-23
97
54
94
102
11
58
-105
-75
-163
-224
-107
-296
47
-231
212
-58
284
122
215
209
34
154
-155
-5
-255
-173
-227
-264
-109
-246
13
-159
69
-73
39
-38
-40
-66
-115
-122
-146
-165
-131
-174
-96
-151
-66
-111
-45
-62
-28
1
-11
80
-3
169
-17
245
-62
279
-125
261
-176
202
-187
134
-149
83
-76
58
7
45
74
33
127
14
169
-2
209
-1
235
14
235
30
194
23
122
-18
42
-83
-17
-145
-34
-174
-21
-156
-4
-106
-11
-53
-51
-26
-108
-35
-153
-65
-165
-91
-141
-95
-95
-77
-51
-52
-28
-37
-23
-47
-24
-73
-16
-100
12
-112
51
-100
84
-70
98
-34
83
-14
46
-15
4
-37
-28
-67
-36
-91
-22
-100
8
-92
45
-72
81
-43
110
-8
136
33
151
78
148
111
119
117
71
86
23
23
-5
-49
4
-104
46
-117
92
-101
119
-78
109
-77
74
-109
46
-152
56
-168
106
-130
172
-34
207
86
185
182
100
216
-14
185
-108
120
-151
58
-135
31
-88
38
-41
62
-18
82
-26
81
-47
54
-72
10
-90
-45
-94
-104
-82
-155
-48
-186
5
-183
66
-145
112
-86
131
-33
119
-6
93
-6
84
-12
107
6
159
60
206
133
218
192
180
204
113
159
50
81
22
7
30
-41
52
-64
58
-86
39
-123
10
-173
-4
-214
13
-217
54
-171
86
-102
83
-38
47
-6
-1
-4
-32
-8
-29
5
-7
35
4
64
-9
63
-45
27
-75
-28
-81
-70
-59
-83
-37
-73
-41
-71
-81
-103
-128
-164
-146
-220
-112
-228
-33
-170
45
-66
81
38
54
95
-12
92
-77
52
-107
6
-98
-21
-73
-35
-61
-54
-64
-88
-70
-129
-59
-144
-30
-117
-6
-57
-20
-6
-83
-1
-167
-48
-221
-115
-196
-139
-96
-78
33
58
117
206
115
292
31
272
-69
161
-113
25
-66
-56
51
-52
166
15
211
81
160
87
44
15
-71
-95
-130
-184
-119
-209
-72
-167
-39
-98
-54
-55
-107
-63
-157
-112
-156
-156
-86
-153
28
-93
139
2
196
82
190
111
141
75
93
11
82
-42
110
-52
146
-15
152
35
104
59
11
35
-91
-28
-159
-94
-170
-132
-136
-123
-84
-78
-47
-30
-38
1
-51
3
-60
-12
-54
-28
-32
-35
-9
-37
6
-41
9
-54
14
-62
30
-47
47
0
51
57
17
96
-59
82
-147
11
-204
-91
-192
-168
-100
-179
38
-110
163
4
224
110
206
158
129
134
43
55
-9
-38
-13
-110
22
-144
67
-146
103
-129
120
-100
125
-65
119
-20
107
30
83
76
46
108
6
120
-28
122
-49
122
-56
123
-58
119
-62
102
-69
68
-64
25
-42
-1
2
-1
54
28
89
73
92
108
65
122
26
115
-3
109
-15
117
-21
139
-36
152
-73
137
-127
78
-166
-9
-165
-94
-110
-142
-13
-136
88
-91
161
-30
194
18
194
48
182
66
171
86
161
109
142
123
105
111
54
62
16
-11
14
-77
59
-108
131
-95
200
-54
234
-16
226
-10
194
-36
168
-73
171
-88
203
-62
238
0
244
69
200
109
118
100
28
45
-36
-28
-53
-91
-21
-127
42
-124
106
-100
159
-64
190
-30
197
-8
184
-6
163
-21
141
-46
132
-66
141
-63
165
-24
180
37
163
94
105
113
18
79
-59
8
-87
-62
-51
-87
31
-51
111
23
143
81
112
82
43
16
-9
-81
-6
-153
55
-160
133
-103
175
-23
146
26
57
14
-47
-42
-113
-106
-119
-132
-75
-106
-21
-47
9
6
8
31
-6
22
-5
-1
23
-14
66
-18
107
-20
130
-33
137
-57
143
-74
151
-69
154
-42
126
-13
56
-11
-43
-56
-141
-129
-195
-195
-184
-215
-124
-175
-57
-98
-21
-27
-27
2
-54
-17
-62
-54
-28
-76
42
-58
112
-8
141
35
113
42
42
0
-37
-71
-88
-137
-102
-168
-92
-156
-86
-124
-100
-95
-129
-81
-153
-77
-151
-63
-117
-25
-69
33
-33
83
-24
100
-40
65
-56
-9
-41
-91
18
-142
107
-142
190
-100
229
-52
202
-35
123
-68
34
-136
-23
-202
-27
-223
16
-182
61
-98
76
-12
45
36
-13
33
-56
4
-50
-8
6
21
77
86
118
151
106
172
50
132
-7
52
-21
-19
16
-37
81
3
124
66
107
104
35
85
-51
18
-100
-50
-85
-75
-26
-42
28
23
34
65
-14
47
-79
-27
-108
-117
-68
-162
35
-132
146
-39
213
75
202
149
122
158
18
106
-64
28
-97
-40
-86
-78
-55
-91
-25
-93
-8
-91
1
-88
8
-79
13
-62
6
-47
-16
-52
-49
-81
-72
-127
-60
-161
-4
-153
87
-85
183
34
243
168
234
269
165
303
61
259
-33
159
-71
47
-44
-35
39
-62
134
-42
205
-1
231
28
209
29
165
2
123
-33
103
-57
100
-61
107
-45
108
-25
103
-6
93
10
87
25
86
45
84
62
74
66
53
52
28
18
11
-22
8
-52
18
-66
26
-65
21
-55
-3
-47
-40
-45
-79
-40
-112
-31
-139
-15
-159
5
-177
23
-187
42
-181
61
-162
88
-132
122
-105
151
-89
164
-82
151
-77
121
-59
86
-27
58
11
39
45
27
68
12
81
1
97
5
114
30
120
69
100
104
51
110
-19
79
-75
35
-93
7
-75
20
-46
65
-45
103
-94
92
-171
16
-227
-93
-217
-174
-131
-177
-7
-98
85
22
98
109
26
119
-81
57
-157
-34
-165
-93
-115
-98
-51
-62
-19
-30
-30
-28
-64
-57
-83
-87
-73
-89
-53
-66
-54
-47
-95
-72
-156
-152
-194
-253
-162
-320
-57
-305
83
-208
196
-64
234
60
193
125
110
127
36
98
5
76
11
79
27
98
31
111
17
104
1
86
3
77
28
95
63
138
83
187
74
218
41
221
6
204
-13
182
-12
174
0
173
9
172
6
159
-6
134
-12
112
-10
105
-2
111
-11
121
-48
110
-110
60
-177
-28
-211
-122
-189
-184
-110
-180
-3
-106
88
8
118
115
75
163
-17
134
-105
44
-144
-55
-105
-112
-8
-100
93
-36
147
28
127
39
51
-25
-26
-143
-52
-257
-4
-315
96
-295
196
-214
246
-124
226
-68
154
-65
78
-95
34
-125
35
-125
71
-83
112
-10
138
76
138
163
112
231
59
274
-12
274
-88
226
-150
140
-170
48
-139
-18
-62
-37
25
-20
83
1
97
-8
79
-56
70
-108
99
-125
165
-71
228
42
232
161
148
221
-2
189
-158
83
-247
-35
-233
-102
-136
-80
-8
11
89
122
122
202
102
222
68
194
54
148
75
112
117
93
158
83
175
64
160
22
128
-46
96
-124
81
-190
95
-221
127
-198
158
-129
157
-33
99
38
-11
57
-143
13
-245
-59
-276
-100
-231
-77
-149
18
-95
131
-112
199
-197
175
-295
75
-341
-41
-291
-103
-174
-78
-52
8
6
81
-18
89
-83
25
-121
-57
-85
-88
18
-30
127
98
168
226
112
284
-16
248
-150
141
-229
22
-234
-65
-187
-108
-134
-128
-93
-148
-72
-173
-42
-187
-1
-168
42
-123
67
-71
58
-40
25
-36
-1
-40
1
-28
27
21
53
88
44
134
-9
127
-81
62
-128
-30
-120
-106
-55
-132
35
-107
108
-54
144
-1
138
41
108
76
61
100
-2
109
-83
82
-168
17
-230
-72
-232
-143
-167
-149
-54
-83
52
29
103
129
83
174
23
150
-26
93
-28
49
13
47
62
76
75
100
33
76
-42
4
-103
-84
-117
-148
-87
-156
-43
-119
-26
-73
-52
-52
-102
-67
-144
-99
-147
-113
-113
-95
-68
-54
-42
-23
-45
-28
-63
-65
-57
-113
-12
-129
68
-95
141
-21
173
54
137
86
52
54
-42
-31
-99
-127
-95
-195
-35
-209
49
-172
120
-109
157
-48
161
-4
144
22
122
39
100
49
74
52
37
35
-8
-5
-47
-60
-64
-110
-54
-134
-27
-132
-4
-114
-6
-108
-28
-128
-49
-168
-42
-197
6
-186
78
-124
137
-35
145
38
94
59
13
26
-54
-31
-74
-63
-52
-46
-23
8
-30
54
-91
44
-177
-23
-235
-115
-218
-173
-132
-158
-15
-78
72
21
87
79
45
69
-13
8
-37
-62
-10
-95
44
-88
78
-69
72
-70
33
-101
-7
-136
-10
-134
15
-71
37
37
10
135
-83
176
-215
134
-328
37
-366
-57
-315
-100
-204
-82
-87
-28
-8
23
23
40
21
23
18
-4
24
-18
29
-17
14
-15
-33
-35
-102
-80
-163
-133
-190
-162
-177
-143
-144
-80
-122
6
-133
76
-177
105
-233
93
-270
54
-273
11
-240
-22
-189
-41
-136
-56
-93
-71
-56
-78
-21
-67
10
-28
17
32
-18
80
-105
80
-225
16
-334
-101
-377
-218
-322
-267
-180
-211
-11
-56
109
136
127
284
41
325
-98
256
-207
129
-236
17
-175
-29
-76
-8
-4
33
5
42
-37
-7
-79
-90
-70
-151
4
-142
114
-58
203
67
226
175
179
229
95
227
17
192
-28
155
-42
129
-47
102
-55
66
-65
17
-58
-23
-25
-34
25
-6
66
46
72
92
40
107
-10
95
-51
71
-69
60
-71
64
-80
63
-109
37
-150
-25
-175
-100
-162
-155
-105
-161
-33
-120
23
-60
31
-14
4
0
-36
-11
-57
-21
-52
-13
-35
10
-27
23
-40
10
-59
-36
-55
-91
-13
-115
68
-91
155
-18
206
73
196
139
121
149
9
95
-96
-6
-156
-115
-151
-194
-86
-212
14
-163
105
-69
153
32
140
97
75
100
-5
45
-57
-31
-58
-86
-10
-95
54
-61
93
-15
87
13
42
10
-9
-12
-47
-24
-63
-20
-80
-9
-115
-24
-163
-78
-195
-156
-172
-214
-85
-202
40
-116
139
9
161
105
97
119
-12
47
-97
-59
-105
-134
-40
-132
49
-63
103
27
87
80
18
71
-55
24
-83
-18
-55
-21
5
16
54
63
66
85
48
65
25
18
28
-25
59
-42
103
-29
127
-4
118
11
74
-2
17
-38
-30
-83
-51
-119
-42
-136
-7
-120
42
-76
89
-6
120
67
120
123
87
135
34
98
-14
21
-33
-67
-9
-135
45
-168
108
-165
152
-146
160
-129
135
-124
93
-134
49
-149
18
-163
1
-167
3
-154
20
-122
43
-69
61
-7
64
51
46
85
13
90
-18
78
-33
66
-33
64
-28
72
-43
68
-79
34
-125
-28
-151
-98
-141
-142
-98
-148
-49
-124
-21
-105
-26
-110
-39
-131
-32
-139
9
-98
55
-8
66
91
0
137
-128
97
-263
-12
-334
-129
-305
-178
-198
-132
-78
-24
-8
82
-8
132
-40
125
-48
103
-1
115
78
173
132
233
112
231
26
132
-68
-40
-100
-208
-40
-296
80
-279
185
-195
209
-113
150
-80
53
-90
-20
-95
-34
-47
-15
54
-16
164
-74
217
-174
185
-260
93
-270
7
-190
-13
-62
42
35
123
48
160
-25
109
-132
-16
-199
-158
-190
-249
-115
-254
-25
-185
23
-92
4
-25
-65
-9
-142
-35
-185
-70
-175
-84
-121
-69
-52
-25
1
18
27
37
25
19
16
-25
24
-74
61
-90
116
-63
157
-1
148
52
72
49
-46
-32
-151
-164
-185
-285
-118
-327
19
-263
161
-123
228
19
198
94
95
81
-17
5
-76
-67
-69
-92
-29
-64
-9
-21
-41
-6
-107
-33
-170
-85
-184
-115
-146
-97
-83
-35
-33
40
-13
96
-16
122
-13
133
6
148
42
169
70
185
77
175
71
139
74
100
93
86
124
102
129
122
88
107
5
31
-74
-86
-100
-192
-53
-235
45
-200
132
-123
155
-64
110
-68
37
-132
-9
-209
6
-246
68
-218
131
-144
148
-71
106
-35
34
-35
-33
-53
-66
-61
-64
-46
-51
-18
-36
9
-21
38
4
76
31
126
47
173
30
186
-22
143
-78
53
-94
-34
-49
-62
37
-8
109
93
107
177
23
185
-98
114
-178
22
-160
-16
-57
41
65
168
129
289
103
332
18
275
-55
166
-59
73
6
43
86
63
115
76
66
40
-25
-56
-100
-161
-116
-214
-78
-181
-36
-91
-47
0
-122
37
-226
11
-301
-44
-303
-78
-232
-61
-130
-4
-44
54
4
88
23
87
35
71
52
55
63
42
55
16
21
-35
-18
-101
-42
-157
-32
-173
1
-141
26
-83
18
-37
-18
-25
-62
-49
-75
-77
-42
-81
23
-52
91
-4
129
38
132
54
107
45
76
21
45
-8
15
-43
-18
-88
-47
-136
-58
-174
-37
-177
11
-134
59
-57
78
16
55
52
4
35
-41
-16
-46
-66
-8
-93
53
-86
105
-64
126
-52
119
-54
102
-60
89
-52
81
-21
62
17
21
44
-39
46
-94
30
-121
23
-114
39
-87
79
-73
119
-86
128
-122
93
-155
29
-155
-30
-119
-54
-69
-40
-37
-9
-51
6
-103
-13
-167
-64
-210
-115
-211
-144
-174
-134
-118
-91
-69
-33
-33
23
-11
66
6
98
23
122
41
144
56
163
59
177
42
177
1
157
-62
100
-136
8
-200
-109
-223
-220
-190
-290
-100
-285
16
-206
112
-84
158
36
144
115
92
139
41
128
23
111
42
112
78
127
108
144
120
152
122
153
126
170
132
216
128
284
82
344
-17
355
-153
301
-280
194
-352
83
-342
13
-268
4
-173
39
-98
81
-60
94
-42
76
-13
50
39
45
109
71
161
107
167
116
122
69
62
-21
27
-121
48
-179
114
-170
185
-104
215
-28
180
16
96
5
6
-45
-49
-98
-52
-115
-23
-93
3
-52
-8
-30
-52
-49
-106
-105
-136
-166
-124
-202
-80
-197
-35
-168
-21
-145
-42
-153
-82
-194
-105
-243
-85
-260
-30
-227
32
-152
60
-69
39
-17
-19
-5
-79
-21
-108
-29
-100
-3
-76
56
-75
110
-117
121
-188
74
-243
-13
-243
-86
-170
-98
-54
-31
47
82
81
180
25
204
-84
136
-184
11
-214
-112
-155
-170
-34
-141
94
-44
175
74
175
157
111
178
24
141
-42
77
-54
27
-14
17
59
57
124
130
150
201
122
237
52
214
-30
139
-86
40
-89
-43
-40
-79
35
-67
105
-23
134
18
120
34
81
20
42
-7
18
-30
13
-44
8
-54
-6
-76
-21
-110
-17
-136
16
-126
76
-66
127
30
138
125
90
175
1
162
-82
105
-122
48
-99
28
-37
58
19
107
35
134
12
115
-21
59
-30
1
4
-25
62
-8
111
33
118
66
84
70
29
47
-20
16
-42
3
-46
8
-49
19
-56
26
-65
28
-55
42
-25
84
11
150
24
211
-6
228
-73
179
-137
77
-156
-34
-101
-101
9
-90
132
-12
213
91
214
174
144
200
31
164
-78
87
-156
-8
-189
-93
-176
-152
-130
-176
-67
-159
-8
-112
30
-57
32
-18
1
-15
-41
-40
-64
-73
-52
-77
-13
-45
24
11
30
58
0
67
-46
40
-71
4
-52
-4
-1
35
41
92
39
123
-18
88
-98
-13
-144
-134
-119
-216
-36
-226
64
-170
116
-103
93
-81
11
-126
-71
-216
-99
-302
-52
-330
51
-281
159
-177
231
-57
249
45
216
109
156
130
90
112
35
66
-1
7
-8
-42
13
-63
44
-47
57
-16
27
-6
-48
-49
-136
-146
-188
-253
-156
-305
-40
-256
105
-107
209
83
219
238
132
301
2
272
-107
192
-146
119
-127
74
-86
49
-62
12
-60
-56
-53
-133
-15
-183
62
-173
145
-107
188
-30
171
16
109
13
51
-8
38
-4
64
49
90
131
64
176
-26
132
-142
-7
-207
-190
-167
-322
-18
-349
172
-257
317
-111
353
8
274
48
136
3
12
-76
-55
-137
-65
-148
-51
-122
-54
-91
-83
-83
-129
-102
-155
-136
-144
-159
-97
-157
-33
-134
32
-96
81
-56
114
-21
124
1
114
-3
89
-37
62
-93
56
-153
84
-186
141
-170
200
-115
228
-53
202
-21
134
-42
59
-103
21
-169
37
-194
95
-163
156
-93
177
-17
146
31
79
39
1
16
-61
-15
-96
-45
-110
-70
-112
-95
-98
-115
-62
-114
-1
-85
74
-24
134
47
159
93
148
91
129
43
134
-22
191
-60
289
-43
395
27
461
115
461
180
390
190
279
148
170
77
90
6
45
-46
23
-75
4
-90
-13
-103
-25
-110
-23
-105
-3
-74
28
-21
52
43
52
93
18
108
-30
80
-76
18
-97
-50
-78
-98
-33
-111
16
-93
36
-69
18
-61
-36
-87
-96
-137
-135
-182
-135
-200
-104
-174
-65
-116
-45
-52
-48
-5
-64
18
-67
40
-42
78
1
142
40
218
43
265
4
260
-53
198
-91
111
-74
47
-8
37
74
