-236
-13
-202
20
-134
37
-52
25
22
-11
76
-65
100
-123
91
-171
57
-199
8
-197
-33
-163
-49
-117
-33
-83
-2
-87
11
-130
-20
-184
-95
-208
-181
-164
-218
-52
-170
75
-30
167
145
158
279
54
303
-90
215
-206
61
-222
-81
-134
-149
23
-127
175
-40
266
54
279
122
235
149
168
153
98
150
35
144
-33
132
-110
97
-182
41
-230
-18
-232
-57
-192
-54
-122
-11
-55
62
-8
142
8
211
-8
252
-49
254
-101
216
-145
146
-164
63
-146
-8
-89
-38
-13
-21
49
23
72
69
45
84
-15
62
-79
13
-122
-33
-132
-61
-127
-65
-121
-61
-127
-62
-139
-74
-144
-83
-129
-78
-99
-47
-68
-1
-50
50
-52
87
-69
110
-88
121
-106
126
-124
122
-146
103
-170
62
-185
9
-180
-35
-151
-57
-110
-55
-76
-42
-64
-40
-64
-55
-58
-76
-19
-65
50
-3
128
110
174
237
158
330
79
354
-26
303
-110
205
-134
106
-88
45
4
40
101
71
170
115
187
145
165
146
119
122
69
81
28
42
-4
14
-29
-5
-59
-17
-96
-37
-139
-68
-172
-103
-182
-129
-162
-129
-120
-93
-80
-38
-63
6
-76
16
-106
-19
-117
-74
-84
-111
-3
-103
95
-50
167
16
190
52
163
40
124
-5
117
-46
152
-41
207
16
240
97
216
159
136
169
30
131
-57
73
-100
30
-104
18
-94
27
-93
30
-102
21
-106
3
-89
-2
-50
20
-7
61
15
95
3
97
-25
63
-46
12
-40
-30
-4
-47
45
-37
85
-17
107
3
115
24
118
49
115
81
102
106
74
112
39
98
15
77
21
76
47
109
66
160
47
187
-23
154
-115
55
-182
-71
-180
-168
-109
-190
-14
-151
45
-98
43
-85
-1
-124
-24
-174
16
-172
118
-82
220
72
248
212
176
256
42
183
-64
46
-64
-58
53
-51
221
65
337
218
332
310
214
282
64
156
-28
8
-16
-72
76
-54
173
25
207
100
161
115
76
70
16
8
17
-17
69
17
126
89
141
153
103
170
33
138
-24
83
-38
45
-14
45
19
76
30
113
4
130
-55
110
-121
57
-173
-14
-189
-86
-166
-135
-107
-148
-27
-117
50
-52
95
19
95
66
51
63
-10
11
-49
-60
-41
-107
18
-99
96
-33
150
63
148
141
83
171
-13
146
-102
86
-151
21
-152
-23
-118
-41
-73
-42
-33
-37
1
-37
32
-37
60
-35
87
-30
112
-20
127
-6
132
13
122
35
97
47
52
42
-4
12
-57
-40
-81
-95
-62
-124
4
-101
93
-25
168
73
203
161
194
205
161
204
141
180
156
171
200
196
245
244
250
283
194
274
96
202
-8
86
-76
-37
-90
-118
-64
-145
-31
-131
-28
-110
-62
-111
-112
-136
-142
-158
-127
-145
-77
-78
-21
28
-3
132
-40
186
-122
167
-206
88
-249
-11
-226
-84
-151
-111
-64
-100
-4
-83
13
-94
1
-136
-5
-186
22
-208
84
-175
156
-89
201
21
190
111
131
151
54
146
1
117
-5
102
39
118
105
168
158
228
172
264
148
252
100
189
59
91
46
-16
73
-98
130
-135
190
-129
228
-102
218
-79
165
-83
83
-119
11
-165
-25
-185
-21
-158
-1
-86
4
-1
-37
57
-115
60
-196
14
-233
-42
-209
-62
-132
-28
-49
46
-8
112
-25
129
-81
86
-134
4
-140
-66
-95
-96
-28
-82
26
-51
44
-35
33
-47
24
-68
45
-64
98
-16
156
74
185
176
166
257
105
298
21
298
-54
276
-115
239
-153
191
-175
132
-175
74
-144
36
-83
36
-8
78
47
136
57
177
15
166
-47
106
-97
20
-106
-57
-70
-102
-17
-119
30
-124
62
-128
82
-127
109
-107
138
-58
150
8
124
55
56
57
-30
19
-91
-28
-103
-37
-77
8
-59
81
-98
120
-199
80
-322
-45
-395
-196
-364
-293
-235
-284
-74
-176
42
-36
62
63
-3
84
-91
47
-141
2
-136
-12
-101
10
-78
33
-89
20
-113
-25
-107
-62
-51
-40
36
52
93
175
67
256
-51
235
-199
118
-300
-35
-296
-139
-192
-140
-57
-57
30
52
28
112
-44
94
-124
25
-156
-41
-124
-62
-59
-35
-3
12
18
47
7
59
-6
68
-5
93
1
134
-14
165
-68
148
-141
74
-196
-33
-187
-119
-110
-134
6
-74
95
23
114
102
53
117
-49
69
-146
-19
-196
-102
-199
-156
-170
-183
-139
-194
-106
-198
-71
-187
-23
-152
35
-93
83
-23
107
35
105
63
92
63
88
53
99
48
111
41
106
15
78
-49
45
-144
40
-232
88
-261
177
-201
257
-70
270
76
188
168
30
166
-139
91
-245
-1
-250
-46
-171
-9
-65
83
8
180
19
233
-14
217
-49
160
-52
95
-10
56
47
49
88
53
93
45
65
12
29
-30
8
-62
12
-65
34
-32
56
23
64
83
58
134
45
168
32
187
26
189
29
175
39
145
56
103
82
63
119
35
156
28
181
42
173
64
122
74
33
55
-77
-1
-180
-80
-245
-158
-253
-209
-199
-204
-100
-134
11
-14
100
127
140
252
132
327
83
342
23
293
-26
202
-47
89
-33
-19
12
-104
78
-148
149
-145
203
-105
213
-46
172
-7
83
-8
-25
-51
-109
-112
-134
-150
-95
-130
-19
-49
47
60
64
150
24
180
-42
145
-93
77
-95
18
-54
-5
1
-4
32
-4
26
-30
1
-81
-11
-134
11
-151
58
-117
98
-52
95
5
44
21
-33
-8
-96
-57
-118
-92
-106
-100
-85
-92
-83
-100
-105
-146
-125
-216
-109
-275
-42
-281
55
-227
139
-134
166
-49
129
-14
58
-30
-4
-74
-25
-100
-4
-87
33
-40
47
13
22
40
-34
28
-91
-13
-125
-62
-125
-96
-92
-103
-44
-79
8
-32
44
30
59
92
42
129
0
128
-56
82
-95
8
-95
-64
-49
-105
28
-102
100
-71
142
-42
141
-36
115
-52
90
-70
76
-73
64
-58
35
-47
-19
-63
-84
-110
-124
-165
-110
-185
-40
-136
52
-25
121
108
131
214
88
264
32
267
-1
252
6
254
38
271
59
283
49
257
20
187
3
100
21
32
70
5
119
8
131
4
96
-35
35
-113
-10
-197
-10
-240
25
-226
59
-175
52
-128
-4
-123
-79
-162
-127
-209
-115
-218
-52
-166
23
-71
65
28
54
94
8
107
-40
88
-59
66
-43
57
-11
62
13
67
25
61
28
42
34
25
48
18
62
20
66
18
58
6
44
-15
39
-33
46
-35
59
-28
63
-18
57
-22
47
-32
45
-37
59
-21
76
18
77
58
45
72
-12
50
-63
6
-80
-25
-54
-14
-7
40
23
107
6
138
-46
117
-95
57
-101
-1
-49
-12
39
30
112
97
137
146
107
151
46
112
-5
59
-29
15
-35
-11
-41
-36
-57
-69
-69
-105
-54
-120
-1
-82
70
11
124
132
127
233
74
280
-4
270
-67
230
-91
190
-81
163
-65
139
-62
96
-64
35
-53
-16
-11
-22
47
29
74
106
34
149
-76
114
-204
4
-273
-119
-235
-174
-100
-112
59
47
154
219
132
309
13
270
-117
127
-174
-42
-116
-150
27
-163
184
-95
281
-10
290
45
225
48
129
11
41
-42
-19
-92
-53
-134
-66
-161
-49
-168
-4
-131
62
-49
122
66
146
172
111
228
35
212
-45
138
-88
42
-77
-33
-19
-66
50
-61
102
-35
121
-3
110
30
76
64
20
91
-58
97
-156
63
-252
-11
-317
-103
-322
-173
-265
-200
-172
-177
-78
-129
-13
-86
25
-58
54
-37
90
-3
132
61
154
141
132
202
54
215
-57
170
-157
95
-214
23
-217
-13
-186
-8
-148
23
-125
55
-114
81
-105
110
-93
145
-83
180
-86
202
-108
192
-132
154
-133
117
-99
115
-40
154
8
218
8
264
-45
255
-120
186
-170
95
-162
30
-95
22
-11
57
42
93
42
90
8
30
-19
-54
-3
-122
56
-139
124
-116
162
-83
147
-71
93
-93
33
-127
-8
-146
-33
-142
-63
-130
-114
-141
-182
-185
-231
-253
-231
-299
-168
-292
-67
-225
24
-130
71
-51
69
-15
48
-24
42
-45
70
-45
117
-22
151
7
152
18
126
-1
95
-34
83
-52
97
-37
111
8
98
49
52
65
-11
48
-58
27
-68
28
-47
64
-28
117
-38
151
-81
141
-136
88
-164
25
-148
-16
-104
-16
-62
0
-52
1
-80
-35
-113
-92
-117
-138
-78
-134
-15
-72
28
15
21
82
-38
93
-112
57
-152
11
-131
-4
-65
30
5
89
40
134
28
132
-3
84
-12
26
19
2
81
28
129
86
122
129
50
121
-55
53
-145
-36
-175
-96
-147
-94
-91
-33
-57
47
-74
98
-129
93
-182
47
-190
1
-135
-4
-42
40
45
109
88
159
76
161
36
110
8
43
14
-4
49
-12
82
6
81
18
37
-6
-24
-65
-62
-127
-47
-147
16
-104
87
-8
124
98
99
168
28
177
-45
145
-84
110
-74
105
-40
135
-22
168
-45
165
-100
110
-152
16
-158
-71
-105
-109
-12
-88
81
-29
136
29
144
57
127
54
112
34
117
20
135
16
145
6
134
-27
108
-86
93
-155
102
-199
134
-204
161
-175
155
-145
105
-143
26
-175
-47
-228
-81
-262
-71
-256
-35
-208
-4
-146
0
-93
-14
-65
-31
-52
-33
-40
-18
-20
-6
-4
-12
-12
-35
-58
-56
-130
-46
-192
6
-214
84
-177
148
-104
165
-34
122
-5
45
-25
-27
-75
-57
-115
-36
-116
17
-76
66
-13
85
41
71
66
46
62
30
47
35
40
53
47
69
60
67
64
43
48
11
9
-16
-33
-23
-66
-11
-73
4
-59
6
-37
-11
-23
-49
-25
-92
-42
-129
-71
-151
-95
-158
-115
-151
-131
-140
-148
-119
-165
-81
-170
-20
-146
56
-85
127
6
169
102
163
173
112
192
40
157
-22
92
-49
21
-40
-30
-6
-59
27
-78
47
-103
53
-134
62
-161
83
-165
116
-139
144
-86
143
-30
107
7
44
16
-18
1
-61
-22
-71
-30
-53
-15
-18
20
15
69
40
123
50
175
47
215
26
240
-7
239
-48
214
-81
173
-98
134
-96
105
-83
86
-71
69
-64
46
-57
21
-35
7
6
23
54
67
87
127
83
168
39
166
-21
125
-65
72
-71
42
-47
49
-21
86
-33
113
-92
100
-179
35
-253
-58
-281
-141
-255
-185
-194
-182
-131
-158
-85
-132
-53
-109
-21
-79
21
-30
60
37
72
99
40
117
-28
74
-103
-18
-143
-123
-125
-195
-59
-211
16
-179
61
-129
62
-89
20
-78
-33
-88
-78
-103
-100
-110
-100
-102
-86
-78
-62
-37
-31
23
0
99
16
177
-1
233
-44
245
-101
208
-141
147
-143
92
-100
74
-35
92
15
129
28
152
1
139
-42
94
-71
40
-69
-6
-40
-31
5
-36
50
-28
95
-10
143
28
193
95
228
181
224
257
171
291
73
264
-33
183
-110
84
-131
11
-103
-15
-59
1
-37
24
-54
22
-95
-15
-125
-69
-112
-100
-53
-81
32
-6
97
92
110
170
68
193
-6
153
-64
81
-72
18
-27
1
46
35
102
97
107
141
59
139
-15
88
-69
21
-74
-21
-23
-6
47
63
96
151
91
209
41
206
-21
152
-49
83
-18
40
55
35
134
63
180
79
177
56
146
-12
119
-98
131
-161
175
-176
228
-145
254
-91
233
-42
165
-18
78
-23
-8
-42
-73
-64
-115
-80
-133
-86
-130
-76
-115
-47
-96
-5
-90
32
-106
39
-142
6
-169
-55
-158
-109
-97
-109
-4
-44
71
62
80
151
9
172
-110
105
-211
-8
-240
-105
-182
-131
-79
-82
6
-4
25
46
-18
32
-78
-37
-105
-117
-75
-158
-3
-151
64
-115
93
-91
81
-98
59
-129
58
-151
96
-135
151
-74
192
9
192
74
144
98
76
72
14
14
-15
-54
-10
-114
28
-153
82
-166
143
-148
190
-103
206
-49
177
-9
107
-4
11
-33
-77
-83
-137
-125
-166
-149
-174
-158
-174
-167
-169
-185
-138
-194
-65
-164
47
-72
158
70
219
215
197
298
101
282
-13
186
-86
65
-79
-16
-16
-32
54
-5
78
18
45
4
-10
-40
-44
-78
-36
-71
-5
-19
3
38
-37
54
-110
11
-166
-62
-156
-107
-78
-81
25
11
88
112
75
163
1
141
-76
74
-102
18
-64
25
-4
88
22
157
-22
173
-114
114
-198
8
-219
-88
-161
-125
-56
-95
37
-33
82
22
76
42
47
37
17
28
-1
28
-25
24
-70
2
-131
-50
-178
-109
-186
-141
-152
-116
-101
-40
-74
55
-95
119
-157
132
-220
101
-245
65
-215
53
-150
71
-82
100
-38
111
-14
98
6
69
37
50
81
47
112
50
115
35
91
-12
66
-74
70
-119
112
-117
175
-63
218
16
217
78
171
102
113
93
77
88
76
112
84
166
63
209
-16
192
-135
93
-243
-61
-280
-206
-223
-276
-100
-244
19
-139
72
-32
31
15
-65
-19
-151
-94
-161
-143
-90
-117
18
-13
99
117
99
204
22
202
-79
121
-139
14
-119
-54
-32
-51
66
8
115
74
91
93
16
49
-57
-30
-88
-99
-66
-124
-15
-105
28
-69
43
-43
36
-35
35
-25
54
9
82
71
91
136
53
161
-28
120
-113
26
-153
-71
-123
-117
-41
-87
40
-4
62
75
7
95
-98
40
-194
-61
-230
-154
-191
-192
-102
-164
-16
-92
33
-13
33
41
-3
64
-48
64
-86
52
-110
37
-120
26
-116
25
-105
44
-95
73
-99
98
-132
91
-187
31
-238
-74
-238
-190
-166
-256
-25
-240
136
-145
255
-18
288
81
235
111
138
74
49
6
6
-45
2
-62
4
-52
-18
-47
-69
-70
-128
-116
-166
-164
-165
-192
-133
-187
-88
-159
-46
-115
-14
-66
13
-10
30
53
28
110
-1
144
-56
136
-110
100
-137
74
-122
92
-82
165
-62
262
-107
324
-221
302
-361
187
-455
28
-452
-103
-340
-151
-173
-111
-20
-26
66
43
77
57
51
17
30
-43
39
-90
68
-115
91
-128
91
-151
76
-181
75
-200
103
-173
149
-89
187
31
178
141
112
199
13
187
-71
128
-95
64
-54
37
34
52
122
88
174
112
184
96
169
45
160
-16
177
-56
212
-56
240
-27
230
6
175
9
90
-26
9
-83
-30
-127
-17
-124
25
-72
60
1
53
52
0
42
-63
-18
-91
-91
-54
-120
28
-78
108
16
123
99
49
110
-83
30
-200
-100
-235
-199
-170
-206
-55
-114
32
22
34
121
-49
129
-153
55
-202
-37
-155
-76
-37
-33
85
59
146
139
132
156
78
112
39
48
47
16
94
34
134
77
131
104
81
90
23
47
-1
16
16
28
47
79
47
121
-6
107
-92
27
-160
-89
-162
-182
-98
-209
-6
-171
52
-112
42
-86
-27
-118
-104
-190
-144
-257
-125
-279
-69
-246
-13
-185
14
-127
11
-88
2
-68
8
-45
36
-2
67
53
77
100
49
114
-6
78
-72
4
-122
-95
-139
-190
-120
-260
-70
-285
-7
-257
47
-187
65
-97
30
-23
-54
2
-167
-28
-265
-95
-312
-164
-296
-199
-233
-193
-154
-157
-92
-118
-54
-96
-29
-91
0
-85
35
-70
71
-47
86
-34
80
-38
64
-62
59
-75
71
-66
93
-27
98
23
74
56
19
57
-35
40
-59
36
-47
71
-20
144
-16
221
-58
262
-141
238
-223
168
-267
82
-247
25
-178
13
-98
30
-42
45
-22
30
-20
-14
-5
-66
39
-96
112
-81
192
-15
242
80
235
171
161
221
25
197
-137
92
-277
-71
-342
-239
-303
-344
-164
-343
15
-228
162
-52
211
102
147
167
16
116
-110
-10
-160
-142
-112
-216
1
-209
117
-141
184
-66
180
-18
125
-16
52
-45
-7
-92
-38
-136
-41
-168
-16
-177
35
-150
98
-85
150
3
161
74
122
93
49
45
-16
-46
-34
-132
1
-174
60
-170
90
-158
62
-182
-9
-260
-76
-360
-89
-422
-40
-404
30
-311
62
-199
25
-132
-61
-130
-129
-161
-119
-158
-28
-74
89
75
158
223
140
295
57
257
-23
151
-31
49
47
12
162
42
247
97
258
121
205
91
138
33
104
-8
110
-2
125
40
119
82
81
95
36
82
21
79
49
112
102
176
134
235
119
247
76
195
45
112
59
45
119
25
182
40
201
46
162
6
92
-73
43
-151
43
-176
78
-131
100
-47
68
21
-19
35
-117
10
-169
-10
-156
21
-103
104
-66
194
-87
231
-152
186
-207
86
-198
-7
-108
-36
21
8
120
84
144
126
88
102
0
15
-64
-87
-73
-158
-33
-182
20
-160
59
-118
71
-70
66
-21
46
25
8
54
-48
47
-115
-8
-159
-87
-151
-149
-83
-149
17
-77
93
31
96
117
21
130
-96
72
-187
-15
-209
-78
-167
-78
-100
-28
-54
34
-48
72
-71
76
-90
61
-83
51
-57
55
-32
57
-21
38
-25
-4
-23
-52
1
-81
40
-81
67
-66
62
-62
26
-85
-13
-123
-25
-143
-2
-114
35
-46
47
26
17
60
-42
42
-83
-6
-64
-27
16
16
115
113
170
213
145
256
58
209
-40
98
-86
-18
-57
-77
22
-64
90
-8
96
36
35
25
-58
-42
-130
-132
-144
-194
-95
-199
-15
-145
52
-57
77
26
54
77
4
84
-47
59
-74
23
-62
1
-14
16
49
69
93
139
95
187
44
182
-40
112
-117
-8
-143
-134
-108
-226
-24
-268
72
-267
147
-255
191
-243
216
-225
244
-179
267
-95
264
8
199
79
69
75
-91
-16
-209
-148
-232
-245
-147
-248
-6
-151
108
-11
136
92
74
103
-25
24
-85
-86
-65
-158
21
-157
115
-105
161
-45
136
-25
67
-49
3
-80
-28
-85
-29
-49
-35
5
-69
37
-127
30
-169
-1
-160
-14
-93
21
0
100
66
178
76
199
42
148
14
51
41
-29
135
-37
247
31
310
123
271
163
137
101
-25
-48
-132
-218
-125
-320
-18
-304
124
-186
217
-33
213
74
125
88
18
27
-37
-54
-16
-94
64
-71
148
-8
180
44
146
42
72
-21
11
-109
1
-175
48
-182
121
-126
177
-37
187
47
145
96
76
104
8
81
-36
47
-49
13
-40
-16
-14
-37
20
-42
56
-33
83
-8
89
18
64
25
12
1
-47
-48
-86
-98
-83
-117
-47
-92
-4
-31
11
28
-14
49
-64
21
-103
-41
-93
-88
-29
-89
62
-33
132
50
142
113
90
126
3
84
-72
21
-105
-28
-96
-35
-68
-11
-48
20
-48
39
-49
49
-30
68
16
120
76
205
112
296
97
343
31
318
-50
231
-98
122
-83
46
-14
35
62
75
101
129
76
152
4
124
-75
68
-117
17
-110
8
-77
41
-55
83
-72
95
-117
56
-163
-18
-163
-90
-109
-117
-18
-84
66
-8
100
65
73
105
-1
98
-77
61
-127
21
-137
6
-122
18
-98
42
-83
62
-74
66
-60
65
-34
60
4
57
44
46
76
21
100
-19
127
-66
170
-98
223
-99
276
-66
301
-16
288
26
235
43
165
38
105
29
69
30
57
48
52
71
41
83
30
73
29
52
59
47
116
78
176
141
197
204
159
220
63
163
-49
43
-117
-93
-110
-180
-29
-177
76
-86
139
37
119
127
21
137
-102
69
-180
-30
-174
-87
-84
-66
35
30
117
151
117
232
37
233
-74
158
-165
44
-190
-60
-153
-117
-83
-127
-17
-112
22
-95
35
-90
37
-92
42
-89
50
-81
49
-78
33
-93
6
-127
-11
-168
-4
-184
28
-159
62
-93
65
-17
16
33
-72
36
-164
-1
-218
-37
-210
-34
-154
28
-88
133
-54
238
-76
301
-139
296
-213
231
-260
132
-258
29
-211
-50
-131
-100
-42
-118
35
-113
92
-93
119
-71
115
-61
87
-74
56
-100
41
-123
55
-120
93
-83
130
-23
143
35
121
59
79
49
47
28
47
23
76
59
102
124
91
185
28
206
-68
173
-155
114
-199
66
-192
55
-163
78
-143
101
-150
91
-168
44
-159
-9
-102
-28
-6
11
82
88
110
145
61
136
-41
46
-134
-92
-163
-210
-117
-262
-29
-234
46
-165
69
-101
37
-76
-13
-87
-42
-107
-30
-103
11
-75
53
-36
71
-13
62
-22
44
-57
33
-102
37
-136
50
-153
57
-157
48
-155
26
-148
-7
-133
-49
-118
-97
-112
-148
-124
-186
-149
-187
-168
-140
-147
-52
-71
40
45
86
161
64
223
-25
195
-139
86
-219
-64
-235
-194
-181
-266
-94
-272
-15
-236
24
-187
18
-149
-12
-129
-43
-115
-57
-97
-47
-64
-20
-15
19
49
54
122
75
187
69
228
35
226
-20
175
-70
87
-95
-12
-82
-91
-42
-136
4
-158
34
-168
47
-180
53
-188
70
-173
101
-124
125
-47
123
28
74
69
-8
57
-93
10
-151
-52
-170
-96
-163
-119
-149
-132
-144
-147
-139
-158
-114
-137
-64
-62
-9
64
4
203
-53
289
-173
279
-303
182
-365
57
-322
-15
-180
11
-16
115
86
225
78
255
-10
178
-105
28
-127
-109
-52
-151
83
-78
187
59
191
181
88
215
-74
157
-201
57
-233
-7
-168
16
-57
116
28
239
40
317
-7
317
-63
260
-76
191
-24
165
66
197
143
262
160
311
102
305
2
236
-91
135
-139
45
-134
-6
-102
-11
-74
4
-74
9
-98
-11
-124
-49
-125
-84
-95
-93
-43
-68
5
-20
25
29
13
62
-28
69
-76
54
-118
28
-144
1
-147
-22
-130
-29
-91
-15
-37
26
16
88
54
156
62
202
37
206
-7
168
-45
100
-57
28
-42
-26
-12
-57
10
-77
8
-105
-16
-145
-45
-192
-57
-230
-45
