83
166
166
127
221
28
221
-91
173
-182
108
-216
65
-201
62
-167
93
-145
132
-149
155
-180
147
-219
111
-257
49
-285
-39
-298
-151
-281
-272
-219
-373
-102
-415
54
-379
201
-267
305
-125
325
-8
267
42
177
29
95
-13
66
-40
85
-27
123
20
146
76
138
115
113
134
91
151
83
187
72
234
42
263
-25
242
-113
159
-177
45
-175
-48
-93
-71
31
-16
139
88
181
176
148
210
71
182
4
126
-25
83
-14
69
0
67
-11
44
-47
-18
-71
-103
-50
-158
30
-146
133
-64
197
41
180
103
83
73
-37
-41
-107
-178
-86
-267
16
-265
142
-185
222
-83
225
-11
163
5
85
-15
35
-29
19
-11
17
33
-5
77
-62
92
-138
68
-202
29
-234
-1
-233
-11
-221
-10
-214
-14
-213
-28
-197
-39
-159
-16
-104
45
-66
127
-76
188
-143
186
-239
117
-315
11
-327
-79
-274
-119
-184
-106
-102
-69
-55
-37
-37
-26
-28
-18
-6
6
15
45
12
74
-32
54
-100
-22
-148
-124
-133
-192
-51
-176
56
-78
112
45
68
111
-71
66
-238
-82
-342
-260
-330
-381
-205
-390
-38
-292
91
-147
136
-19
95
51
16
66
-58
53
-99
38
-117
29
-127
17
-137
-6
-145
-42
-141
-74
-123
-98
-100
-116
-86
-143
-78
-180
-67
-218
-37
-240
10
-229
59
-188
83
-145
70
-126
37
-136
10
-158
17
-157
57
-115
103
-37
118
38
86
78
23
73
-35
43
-64
25
-61
35
-57
62
-83
70
-146
31
-221
-51
-262
-140
-250
-195
-188
-194
-110
-148
-52
-92
-30
-49
-28
-29
-18
-12
9
24
49
74
74
119
71
136
49
115
30
74
37
39
67
30
100
37
107
39
86
11
55
-31
45
-59
63
-43
89
16
83
82
21
106
-90
61
-197
-35
-252
-133
-231
-179
-159
-162
-88
-109
-62
-71
-87
-81
-129
-130
-144
-180
-112
-190
-53
-156
-6
-106
-4
-82
-35
-101
-63
-146
-49
-168
17
-136
101
-48
152
49
138
103
65
85
-18
13
-58
-66
-35
-102
28
-78
86
-18
95
37
45
50
-42
13
-123
-57
-162
-124
-153
-164
-108
-167
-47
-139
8
-95
50
-50
73
-13
86
7
93
12
103
10
123
11
152
31
174
64
177
98
147
117
83
101
11
57
-47
7
-75
-26
-71
-27
-57
-6
-53
18
-66
25
-81
13
-82
0
-54
4
-5
35
42
74
63
105
53
106
30
80
15
48
20
33
38
41
48
57
35
59
4
37
-21
4
-12
-7
37
29
103
118
145
224
132
303
54
311
-56
243
-153
123
-191
-1
-162
-85
-86
-113
-2
-93
52
-54
59
-27
22
-26
-32
-56
-77
-95
-91
-122
-69
-119
-21
-76
31
-1
66
82
67
148
35
176
-12
163
-54
119
-71
70
-59
35
-33
19
-8
15
-1
8
-19
-9
-45
-36
-66
-55
-73
-59
-73
-40
-71
-11
-81
16
-100
28
-115
28
-109
28
-78
44
-25
83
27
141
61
196
62
226
30
220
-17
173
-59
102
-78
30
-65
-28
-28
-52
19
-45
59
-20
79
6
79
25
71
30
69
36
81
52
103
82
124
118
121
140
89
128
39
68
-6
-22
-20
-116
10
-185
70
-205
139
-186
188
-145
199
-107
171
-88
122
-90
72
-107
35
-129
17
-148
16
-158
33
-153
61
-131
85
-94
97
-54
83
-33
43
-45
-6
-88
-42
-144
-45
-177
-12
-167
25
-116
36
-55
-3
-25
-84
-47
-167
-112
-209
-182
-186
-211
-110
-177
-21
-97
38
-9
45
49
18
64
-13
53
-18
45
4
61
33
95
40
120
21
119
-9
98
-25
76
-7
86
30
136
57
204
45
251
-8
247
-70
197
-100
136
-67
107
12
138
99
209
144
274
120
288
49
226
-25
110
-52
-6
-11
-73
78
-64
168
6
207
95
168
154
64
156
-72
96
-190
4
-252
-86
-250
-134
-195
-125
-121
-69
-59
7
-33
70
-39
97
-54
89
-53
72
-23
66
28
78
70
89
81
71
62
3
44
-103
67
-194
153
-218
281
-149
387
-16
414
117
333
174
182
136
28
32
-50
-62
-34
-83
38
-23
95
68
84
120
9
94
-69
9
-90
-69
-27
-78
83
-5
166
102
163
165
73
135
-45
22
-113
-110
-86
-178
16
-149
128
-46
175
64
132
117
23
86
-91
-1
-153
-97
-142
-156
-78
-161
-1
-121
59
-59
82
6
65
51
11
60
-66
22
-145
-57
-192
-152
-179
-218
-106
-209
0
-127
78
-8
81
81
13
94
-88
30
-148
-54
-130
-94
-46
-55
43
35
70
107
12
98
-94
1
-173
-136
-167
-243
-74
-262
52
-206
147
-118
175
-55
151
-30
122
-17
119
22
137
93
135
170
83
199
-16
152
-114
46
-153
-64
-117
-128
-27
-129
62
-95
110
-72
118
-75
118
-84
141
-59
179
14
194
105
144
153
29
112
-99
-8
-161
-136
-108
-190
35
-123
190
30
269
190
236
277
123
261
7
188
-49
119
-33
103
11
133
30
170
3
175
-52
145
-93
112
-99
107
-80
134
-77
158
-105
142
-144
81
-154
9
-100
-18
4
23
100
100
128
139
73
85
-18
-62
-55
-228
11
-316
168
-270
325
-115
381
58
288
139
79
85
-144
-67
-279
-221
-285
-293
-197
-252
-99
-139
-58
-29
-92
27
-168
16
-230
-29
-239
-73
-197
-88
-130
-83
-64
-66
-8
-45
40
-13
82
33
110
96
107
151
64
173
-6
152
-70
103
-105
55
-92
29
-49
34
0
59
37
79
62
91
82
99
103
110
122
128
122
134
88
107
30
37
-30
-60
-63
-159
-54
-221
-12
-235
31
-206
50
-167
28
-141
-18
-140
-57
-149
-71
-147
-54
-118
-22
-66
4
-8
6
33
-13
44
-37
30
-50
4
-40
-16
-15
-21
11
-13
23
-6
11
-13
-17
-41
-48
-86
-64
-131
-55
-164
-25
-177
21
-165
71
-136
119
-96
158
-45
188
13
203
72
197
117
162
133
107
109
48
51
10
-20
8
-69
38
-82
76
-64
93
-40
77
-38
39
-69
6
-110
16
-129
69
-95
138
-8
182
98
167
179
91
194
-11
144
-93
57
-125
-22
-100
-62
-45
-60
6
-33
30
-1
21
15
-8
16
-42
6
-74
-15
-93
-40
-97
-60
-78
-66
-40
-50
8
-11
49
38
65
70
56
64
40
26
45
-21
86
-45
159
-28
228
17
259
59
239
66
186
30
131
-27
105
-69
106
-79
116
-62
105
-45
64
-50
11
-76
-28
-103
-34
-105
-15
-72
1
-23
-10
11
-48
9
-91
-22
-107
-55
-87
-65
-43
-47
-5
-21
8
-11
-1
-27
-8
-56
6
-69
39
-50
66
-13
59
8
11
-13
-53
-76
-93
-143
-85
-175
-37
-146
15
-78
21
-11
-28
13
-112
-18
-187
-71
-220
-121
-205
-139
-166
-130
-133
-117
-109
-111
-83
-107
-39
-78
21
-12
76
77
83
151
35
161
-45
105
-102
16
-93
-42
-15
-24
82
63
132
163
93
204
-27
145
-156
8
-224
-142
-188
-226
-76
-209
51
-117
115
-16
93
31
11
6
-66
-58
-86
-105
-44
-95
30
-27
79
55
68
102
5
83
-64
14
-91
-59
-56
-93
20
-72
92
-15
118
28
86
24
23
-34
-25
-115
-25
-173
25
-175
95
-124
137
-52
129
2
74
8
3
-22
-44
-59
-46
-71
-16
-42
21
13
29
65
1
90
-52
79
-103
45
-135
7
-143
-23
-139
-48
-131
-74
-119
-101
-93
-118
-48
-105
10
-55
58
14
66
67
29
71
-29
18
-71
-66
-50
-133
33
-135
150
-66
242
42
266
138
205
169
88
128
-34
28
-113
-82
-134
-167
-106
-209
-54
-210
-1
-187
42
-144
79
-87
108
-19
130
57
136
127
122
179
95
206
67
215
42
214
25
204
5
182
-21
140
-52
78
-71
8
-67
-49
-40
-72
3
-60
34
-27
40
7
20
28
-9
37
-28
52
-28
85
-21
132
-26
175
-59
181
-109
141
-150
66
-150
-12
-97
-61
-6
-63
90
-30
162
16
192
47
192
58
179
59
171
64
163
76
147
81
112
65
64
15
26
-56
23
-119
65
-145
136
-124
202
-75
233
-30
223
-16
189
-35
161
-66
164
-74
197
-43
232
24
236
97
194
137
112
130
20
74
-47
-4
-65
-71
-34
-110
25
-117
91
-98
144
-70
179
-44
192
-27
190
-27
177
-42
167
-66
168
-82
190
-74
218
-30
234
37
215
97
148
120
49
86
-47
12
-98
-62
-83
-91
-23
-60
37
8
56
64
18
62
-49
-1
-92
-93
-71
-157
15
-153
123
-84
199
8
202
66
144
61
61
6
8
-60
6
-94
44
-83
78
-42
81
-9
45
-5
-7
-31
-47
-66
-56
-88
-43
-91
-23
-83
-8
-81
1
-83
21
-73
56
-43
92
9
103
59
75
75
13
34
-51
-43
-78
-124
-52
-168
9
-157
67
-112
83
-72
47
-70
-12
-110
-59
-158
-61
-178
-24
-148
22
-77
35
-1
1
40
-66
35
-131
-4
-161
-42
-146
-55
-107
-40
-71
-14
-60
-2
-67
-18
-77
-48
-71
-74
-38
-74
-1
-51
20
-25
6
-23
-30
-58
-66
-124
-69
-185
-24
-204
57
-168
141
-91
185
-6
167
42
103
31
29
-25
-13
-89
-3
-118
48
-96
99
-35
113
21
75
40
6
9
-51
-42
-60
-74
-21
-55
37
7
71
76
54
107
1
79
-49
14
-49
-41
6
-45
93
6
156
78
158
123
100
107
24
43
-21
-22
-13
-45
34
-10
69
57
52
102
-23
87
-115
12
-167
-78
-146
-129
-59
-107
48
-25
118
74
119
132
60
123
-18
54
-73
-37
-75
-112
-37
-156
18
-163
66
-155
93
-136
105
-111
103
-77
91
-34
63
3
14
20
-47
1
-98
-38
-112
-76
-78
-81
1
-31
90
63
151
170
153
245
98
255
15
193
-54
81
-70
-32
-18
-107
82
-122
192
-81
272
-18
299
35
274
58
221
49
168
27
133
6
116
1
106
6
95
11
79
11
63
7
53
4
53
8
54
13
49
13
34
-1
16
-28
4
-57
5
-74
17
-73
25
-54
19
-31
-7
-16
-47
-6
-88
0
-122
8
-146
21
-163
35
-177
46
-178
56
-166
67
-136
88
-100
118
-66
141
-47
151
-41
134
-39
99
-28
58
-8
24
16
1
35
-18
42
-34
42
-46
44
-38
51
-4
54
49
35
101
-8
126
-64
119
-106
97
-105
88
-66
116
-16
166
2
203
-30
179
-99
81
-150
-57
-141
-173
-63
-214
46
-171
122
-83
112
-18
21
-20
-106
-81
-202
-157
-222
-190
-181
-158
-122
-81
-87
-3
-91
42
-113
50
-119
46
-93
56
-57
77
-40
79
-66
25
-117
-93
-147
-238
-113
-349
-9
-374
127
-306
233
-182
263
-62
214
11
121
35
40
38
0
53
1
95
13
151
14
192
0
204
-16
190
-15
173
11
170
44
181
62
194
51
187
18
153
-19
107
-37
70
-33
56
-18
66
-2
88
1
109
1
126
6
148
23
181
40
224
40
260
9
260
-51
206
-119
102
-161
-22
-153
-125
-90
-167
-1
-142
68
-73
78
-4
18
16
-88
-30
-185
-122
-224
-209
-182
-241
-74
-197
44
-91
119
16
122
71
71
47
15
-37
9
-126
70
-169
180
-142
279
-67
322
9
290
44
202
19
105
-43
37
-106
18
-141
35
-134
61
-93
77
-33
74
31
48
86
4
120
-56
122
-118
85
-165
21
-171
-42
-127
-72
-40
-50
52
11
114
77
124
108
103
98
89
68
112
65
171
118
228
217
231
305
147
324
-1
240
-154
79
-239
-94
-219
-213
-118
-235
13
-173
110
-77
141
4
117
40
74
45
49
42
59
57
89
92
119
133
127
158
107
152
75
107
47
35
40
-37
65
-86
112
-91
161
-55
177
1
134
37
39
24
-82
-43
-177
-129
-207
-181
-165
-154
-91
-52
-47
74
-78
156
-179
147
-296
59
-358
-49
-325
-107
-223
-83
-113
-1
-61
67
-90
72
-157
7
-191
-74
-148
-96
-34
-26
88
118
146
264
109
342
0
322
-114
228
-174
112
-161
21
-100
-35
-37
-77
6
-126
28
-183
47
-231
71
-245
95
-227
93
-194
53
-168
-12
-160
-70
-148
-97
-105
-92
-23
-83
85
-97
172
-145
200
-201
165
-223
91
-179
23
-74
-9
59
-1
177
23
250
42
275
48
266
46
228
39
158
24
61
-16
-55
-86
-156
-168
-206
-221
-188
-205
-123
-112
-57
28
-40
157
-78
221
-145
213
-187
163
-168
117
-93
107
-2
122
57
127
60
84
28
-6
3
-112
13
-185
57
-199
99
-163
103
-110
54
-81
-31
-84
-109
-104
-153
-106
-156
-78
-140
-32
-139
1
-153
-4
-170
-47
-156
-100
-91
-124
16
-96
119
-28
180
43
174
72
111
41
32
-40
-18
-134
-17
-196
33
-205
98
-165
146
-100
156
-39
134
6
95
29
58
42
26
49
0
47
-30
27
-59
-17
-77
-73
-69
-123
-33
-145
18
-139
59
-118
71
-110
54
-127
30
-164
28
-192
58
-180
107
-115
141
-25
122
49
47
70
-54
36
-133
-19
-158
-49
-134
-33
-94
21
-86
62
-127
49
-190
-23
-222
-122
-187
-190
-81
-182
49
-108
139
-16
155
40
105
30
35
-27
-2
-86
7
-108
42
-86
63
-49
44
-34
-6
-50
-47
-74
-49
-67
-19
-5
11
95
-7
179
-89
199
-211
134
-315
15
-349
-101
-296
-164
-187
-158
-75
-108
-3
-55
19
-27
10
-24
-1
-28
1
-15
4
13
-11
38
-52
35
-115
-1
-166
-54
-182
-93
-158
-91
-115
-49
-84
9
-89
54
-132
62
-189
32
-232
-17
-243
-60
-221
-82
-182
-86
-144
-78
-114
-66
-88
-49
-64
-16
-42
38
-39
103
-76
148
-160
136
-276
51
-377
-91
-409
-234
-342
-310
-186
-277
-3
-136
133
52
166
204
93
262
-33
216
-135
119
-158
38
-97
23
-1
67
64
126
58
139
-2
85
-68
-15
-84
-100
-36
-124
49
-74
115
19
120
100
62
137
-27
127
-100
97
-130
76
-121
75
-95
81
-69
77
-41
60
4
47
71
52
149
89
209
136
223
165
188
157
122
112
54
57
3
14
-40
-9
-91
-26
-161
-60
-240
-115
-296
-175
-302
-203
-252
-177
-177
-103
-109
-9
-75
65
-71
96
-74
93
-58
79
-18
71
30
69
60
50
63
2
51
-77
50
-161
83
-207
147
-194
214
-122
243
-21
211
64
116
99
-11
74
-129
5
-195
-77
-192
-132
-126
-136
-25
-80
71
12
121
105
109
156
46
142
-36
69
-89
-25
-91
-97
-42
-118
23
-93
66
-49
69
-22
37
-25
1
-42
-18
-54
-16
-48
-13
-37
-34
-52
-74
-107
-102
-185
-85
-242
-9
-226
95
-132
169
4
161
115
64
148
-75
95
-185
5
-213
-57
-158
-47
-69
23
-7
105
-5
141
-47
109
-88
32
-81
-45
-17
-81
74
-73
148
-48
176
-39
164
-59
137
-93
126
-113
138
-98
153
-44
148
22
108
76
37
97
-45
84
-107
49
-137
10
-129
-21
-87
-35
-24
-25
42
1
94
35
117
52
104
36
66
-21
30
-102
21
-181
45
-228
96
-229
151
-190
183
-132
179
-78
141
-45
87
-35
33
-44
-6
-62
-27
-81
-28
-94
-9
-93
18
-74
44
-42
54
-13
43
4
18
1
-8
-8
-17
-9
-13
11
-8
44
-23
66
-61
59
-110
18
-141
-35
-136
-74
-98
-79
-54
-66
-34
-62
-42
-86
-59
-127
-54
-153
-15
-127
34
-46
45
49
-14
100
-137
66
-264
-31
-330
-134
-292
-172
-177
-117
-51
-5
23
101
24
147
-10
131
-21
97
18
97
90
144
133
196
103
194
6
99
-98
-63
-135
-216
-76
-285
44
-248
152
-145
186
-48
134
-6
49
-15
-13
-28
-15
5
12
86
18
169
-39
194
-139
133
-230
18
-249
-84
-177
-112
-62
-54
25
39
28
96
-52
72
-161
-23
-230
-134
-218
-197
-136
-179
-38
-95
19
3
11
66
-49
70
-119
26
-158
-35
-148
-74
-95
-83
-32
-61
17
-33
34
-23
25
-45
8
-85
9
-123
40
-127
94
-83
136
-8
128
58
57
64
-57
-11
-158
-141
-187
-264
-118
-310
22
-255
165
-122
233
15
204
87
98
74
-13
1
-70
-67
-62
-86
-18
-50
5
0
-21
21
-86
-6
-145
-59
-159
-92
-123
-81
-66
-28
-24
37
-15
82
-30
98
-42
102
-35
114
-8
134
12
151
17
146
14
119
24
87
58
81
107
104
134
130
115
118
54
45
-8
-71
-22
-177
34
-221
132
-185
209
-106
219
-45
153
-45
54
-106
-19
-180
-30
-214
9
-188
55
-120
60
-56
16
-29
-54
-45
-107
-80
-122
-104
-102
-105
-63
-89
-24
-67
13
-39
55
8
96
71
117
144
100
183
42
168
-25
108
-55
48
-26
40
44
104
102
205
89
278
-5
264
-130
165
-209
37
-190
-38
-81
-17
48
78
119
176
98
208
17
153
-54
56
-59
-13
4
-11
78
46
103
100
53
96
-42
29
-119
-55
-134
-100
-91
-72
-42
2
-44
69
-110
75
-206
15
-271
-72
-264
-133
-190
-137
-84
-91
-1
-32
42
12
53
29
54
37
59
47
58
59
37
54
-8
19
-59
-40
-87
-97
-82
-121
-50
-105
-24
-66
-25
-42
-56
-49
-89
-86
-92
-124
-49
-130
29
-95
107
-34
155
25
167
60
150
69
123
61
95
42
66
11
31
-37
-4
-98
-20
-154
-8
-177
28
-157
65
-102
72
-45
36
-19
-28
-36
-81
-79
-98
-116
-64
-117
-7
-84
45
-34
69
4
68
24
60
32
59
43
64
68
60
91
33
92
-11
64
-54
16
-71
-25
-54
-37
-21
-18
-4
9
-18
16
-57
-11
-98
-56
-108
-86
-86
-79
-52
-29
-37
35
-69
81
-139
83
-221
49
-280
0
-292
-32
-264
-37
-211
-16
-158
13
-115
36
-78
48
-43
49
-4
47
42
50
84
57
113
67
120
73
98
63
49
25
-19
-42
-84
-133
-117
-217
-100
-258
-35
-228
52
-128
117
9
132
138
87
219
9
239
-61
215
-93
180
-78
158
-40
147
3
136
33
115
59
91
89
86
127
116
148
176
129
236
51
255
-69
216
-186
132
-255
50
-249
10
-182
33
-100
96
-40
161
-22
190
-22
181
-14
154
21
139
76
149
113
162
107
143
57
70
-8
-47
-43
-170
-21
-245
52
-246
132
-182
173
-101
153
-46
84
-42
11
-75
-28
-110
-16
-110
28
-75
62
-24
59
2
16
-17
-41
-76
-78
-144
-76
-187
-47
-190
-19
-164
-21
-143
-59
-151
-112
-187
-145
-229
-133
-240
-80
-202
-16
-122
19
-39
8
11
-37
13
-86
-17
-105
-40
-86
-32
-59
8
-55
48
-98
49
-176
-3
-238
-86
-248
-147
-184
-139
-74
-49
23
93
54
217
4
265
-95
218
-182
106
-199
-12
-124
-77
13
-63
151
12
238
100
240
153
173
145
73
81
-11
-4
-45
-69
-29
-78
18
-32
60
58
69
153
30
213
-45
218
-122
168
-166
88
-151
19
-78
-13
25
-2
121
32
177
59
186
57
164
24
135
-20
115
-55
105
-76
88
-85
57
-104
23
-127
5
-141
18
-118
54
-47
91
57
88
156
30
202
-62
180
-147
112
-182
38
-153
1
-84
13
-20
51
7
71
-7
53
-31
6
-30
-35
13
-40
80
2
139
69
155
126
127
148
80
136
37
110
16
88
11
76
4
65
-12
43
-32
13
-38
-1
-24
16
-6
63
-11
113
-55
132
-134
91
-207
6
-228
-81
-170
-119
-50
-82
85
21
182
146
202
241
149
272
55
235
-40
148
-107
40
-134
-62
-120
-139
-79
-179
-22
-176
28
-137
55
-86
45
-45
4
-37
-46
-55
-76
-78
-67
-76
-30
-40
8
18
17
64
-14
65
-59
29
-83
-17
-67
-35
-18
-4
21
49
16
80
-45
52
-124
-36
-166
-139
-138
-203
-44
-190
65
-115
129
-33
119
0
50
-44
-23
-142
-47
-240
0
-288
97
-266
194
-189
253
-95
251
-15
199
30
121
39
40
21
-26
-19
-66
-63
-69
-92
-36
-88
13
-47
48
8
42
37
-11
8
-81
-81
-116
-187
-78
-245
33
-206
167
-71
250
105
233
243
117
296
-45
258
-179
175
-242
99
-233
60
-194
39
-158
8
-134
-54
-95
-130
-21
-180
97
-174
218
-115
296
-48
302
-13
253
-25
194
-55
164
-53
162
0
150
88
80
146
-56
121
-217
1
-322
-157
-309
-269
-177
-276
13
-171
171
-21
232
97
189
124
94
62
13
-43
-8
-132
21
-172
64
-174
81
-165
57
-174
9
-202
-33
-235
-47
-247
-32
-231
0
-184
30
-120
50
-53
57
8
49
50
28
63
0
37
-24
-19
-21
-83
21
-126
91
-127
168
-88
209
-41
197
-25
139
-59
75
-129
42
-198
63
-223
125
-192
189
-116
213
-35
185
18
117
30
42
10
-19
-23
-57
-53
-74
-81
-81
-109
-77
-131
-51
-134
-1
-105
59
-41
107
35
118
91
100
98
72
59
76
4
136
-25
240
1
357
74
436
161
448
221
392
226
294
172
195
89
123
4
81
-61
57
-103
39
-128
15
-146
-2
-157
-7
-151
6
-119
35
-59
56
12
56
71
24
96
-21
76
-64
24
-81
-38
-62
-78
-18
-85
24
-64
38
-35
8
-25
-58
-49
-133
-98
-183
-146
-194
-168
-170
-146
-134
-94
-109
-38
-103
-4
-103
9
-87
17
-37
44
30
98
93
164
117
209
95
203
49
145
15
66
26
14
81
20
142
