-236
-48
-257
-13
-243
18
-197
28
-141
18
-94
-13
-64
-46
-58
-72
-68
-80
-88
-64
-105
-28
-107
17
-90
51
-64
54
-44
23
-52
-33
-87
-89
-135
-121
-168
-127
-168
-124
-128
-126
-68
-147
-12
-181
25
-199
54
-196
94
-161
157
-122
233
-103
289
-117
294
-151
238
-177
145
-163
53
-110
-8
-39
-36
15
-47
35
-64
23
-92
7
-112
6
-103
21
-53
24
17
-4
73
-65
83
-127
49
-148
6
-105
-7
-9
37
93
113
150
175
138
170
78
83
25
-56
27
-185
104
-245
223
-211
323
-112
348
-4
276
52
130
28
-30
-62
-141
-170
-168
-245
-119
-250
-30
-191
51
-98
88
-14
78
28
47
29
25
11
33
4
73
30
113
80
127
129
99
147
39
124
-18
75
-47
33
-35
23
2
52
30
102
24
138
-22
139
-88
93
-147
17
-179
-66
-173
-141
-136
-190
-77
-211
-8
-192
61
-132
112
-42
121
52
73
108
-22
98
-127
25
-190
-67
-173
-124
-79
-107
46
-13
143
105
163
190
108
196
22
129
-37
33
-37
-42
15
-68
81
-53
124
-28
126
-21
97
-37
67
-65
57
-85
67
-86
88
-72
102
-52
115
-28
122
1
124
41
110
69
63
65
-12
6
-88
-100
-127
-217
-99
-286
-13
-276
85
-196
139
-93
115
-27
23
-30
-82
-89
-148
-153
-144
-182
-91
-153
-25
-89
6
-28
0
1
-25
1
-44
-11
-40
-18
-28
-18
-19
-26
-21
-56
-18
-93
11
-110
72
-79
141
-1
176
87
146
134
58
102
-42
1
-95
-113
-66
-185
33
-177
145
-101
211
-13
199
38
124
25
31
-34
-31
-98
-46
-132
-32
-129
-22
-110
-33
-105
-61
-123
-75
-148
-50
-145
18
-84
100
28
152
160
136
255
50
273
-72
208
-179
85
-222
-37
-188
-111
-103
-113
-13
-63
29
-4
6
21
-59
-8
-124
-67
-147
-117
-109
-110
-34
-41
33
63
53
151
13
185
-55
156
-107
95
-106
50
-53
51
13
87
47
124
23
117
-41
47
-100
-59
-110
-150
-55
-181
41
-133
127
-37
161
61
123
112
42
103
-40
47
-77
-17
-59
-57
6
-54
88
-15
157
47
192
105
187
139
150
136
101
103
62
53
52
18
76
22
116
73
141
150
119
214
39
222
-76
160
-177
47
-220
-65
-185
-133
-95
-136
7
-92
73
-40
86
-18
61
-37
31
-81
25
-119
49
-137
86
-132
119
-114
139
-95
153
-75
168
-42
187
6
187
51
159
64
102
25
40
-64
18
-160
59
-214
151
-196
246
-114
289
-21
243
27
124
-4
-12
-95
-103
-192
-119
-235
-74
-202
-18
-111
-3
-14
-41
45
-109
49
-157
34
-152
37
-93
83
-18
163
27
238
18
255
-30
202
-77
99
-80
-9
-28
-76
62
-88
139
-61
170
-35
143
-38
81
-75
25
-122
-1
-144
6
-121
25
-64
25
-3
-6
33
-53
35
-83
21
-67
22
-8
69
68
157
115
255
104
309
28
285
-74
182
-153
30
-165
-112
-100
-197
19
-200
141
-144
223
-59
240
11
202
39
136
30
86
5
71
-6
93
18
134
83
168
167
163
247
115
290
32
288
-62
240
-139
171
-180
104
-190
58
-183
32
-182
6
-191
-33
-199
-81
-187
-118
-134
-110
-54
-42
21
70
44
180
-8
230
-114
187
-226
69
-279
-68
-235
-157
-115
-160
28
-93
123
-4
141
43
94
28
37
-28
17
-76
51
-70
111
-8
148
77
125
130
50
117
-42
47
-93
-39
-72
-90
11
-81
112
-14
187
71
208
137
176
163
119
148
59
107
17
59
-7
10
-14
-31
-11
-60
4
-74
24
-69
42
-50
49
-32
48
-17
43
-5
45
16
55
53
64
100
49
138
0
133
-72
75
-134
-21
-146
-112
-93
-147
6
-110
104
-17
148
78
119
129
38
110
-45
49
-86
-14
-66
-41
-10
-27
45
7
71
25
71
18
71
-5
97
-10
145
22
192
81
202
134
158
141
78
93
3
8
-28
-69
-5
-100
51
-80
98
-34
106
4
75
11
27
-11
-8
-42
-16
-59
-5
-57
9
-45
7
-40
-7
-51
-21
-69
-24
-82
-17
-87
-10
-93
-10
-112
-11
-146
3
-177
48
-180
118
-134
182
-54
202
23
160
48
70
2
-16
-93
-50
-175
-6
-192
85
-122
159
-3
161
101
78
131
-45
80
-142
-8
-158
-61
-87
-37
18
58
85
168
76
221
4
187
-74
87
-93
-16
-31
-59
80
-25
175
59
198
128
132
134
9
70
-107
-34
-175
-124
-182
-168
-151
-163
-120
-124
-107
-78
-111
-37
-119
1
-122
35
-121
59
-119
60
-115
35
-91
-1
-31
-17
59
9
151
76
204
148
177
171
83
112
-33
-24
-107
-184
-96
-301
-4
-330
127
-272
236
-164
284
-59
273
15
227
57
180
81
139
96
95
89
39
44
-21
-47
-57
-159
-45
-249
23
-281
116
-246
186
-172
197
-107
146
-83
63
-97
-8
-122
-40
-124
-42
-95
-30
-45
-31
4
-46
39
-59
66
-58
95
-49
129
-45
151
-57
143
-77
98
-76
40
-35
13
41
38
115
105
141
165
95
163
3
89
-76
-25
-87
-112
-22
-120
76
-53
135
33
114
73
29
32
-55
-61
-78
-136
-21
-139
78
-65
147
35
144
100
75
93
-3
40
-34
-1
-4
13
50
75
71
136
33
146
-45
90
-105
5
-99
-43
-33
-21
42
52
63
119
8
122
-93
49
-174
-55
-185
-127
-126
-125
-46
-65
-4
4
-25
35
-87
10
-141
-38
-153
-71
-126
-71
-92
-56
-79
-61
-90
-99
-91
-153
-49
-175
35
-142
126
-57
177
37
164
91
100
91
28
52
-11
14
-12
1
1
-1
-1
-20
-18
-73
-20
-138
28
-169
127
-126
236
-15
293
106
255
167
137
124
6
6
-62
-117
-33
-175
59
-144
144
-59
165
14
111
33
23
2
-47
-34
-74
-39
-87
-17
-127
-14
-218
-78
-324
-221
-376
-378
-317
-462
-149
-409
55
-224
191
8
192
182
60
228
-119
148
-246
19
-257
-71
-165
-72
-38
-2
45
78
48
103
-5
53
-59
-42
-59
-121
6
-136
98
-81
161
10
154
83
73
96
-45
45
-150
-45
-200
-129
-183
-175
-119
-171
-42
-132
19
-82
52
-43
59
-26
57
-25
57
-30
54
-37
41
-52
17
-83
-18
-129
-49
-177
-63
-210
-56
-211
-40
-178
-35
-135
-46
-99
-69
-82
-81
-75
-62
-53
-8
-4
59
64
105
123
118
138
103
99
94
25
120
-37
183
-59
254
-39
286
-11
256
-17
177
-71
98
-150
64
-197
88
-170
140
-69
164
63
118
159
12
183
-107
141
-184
73
-190
28
-140
18
-80
25
-42
13
-29
-28
-16
-85
25
-113
93
-92
158
-28
180
39
149
74
83
73
32
62
23
86
51
158
75
251
57
309
-17
293
-104
199
-146
75
-107
-11
6
-21
134
37
209
107
194
133
106
88
-6
-17
-87
-132
-107
-211
-71
-234
-8
-199
52
-123
95
-22
112
93
104
197
56
267
-25
273
-120
206
-190
88
-199
-30
-125
-90
2
-69
127
21
187
122
154
177
40
157
-100
66
-204
-44
-233
-119
-187
-127
-102
-64
-21
40
23
144
22
218
-4
246
-30
235
-35
205
-6
176
53
160
119
155
173
149
200
127
204
81
202
20
206
-32
230
-54
260
-36
277
8
258
54
197
75
107
62
20
27
-45
-13
-76
-44
-80
-61
-70
-71
-54
-77
-28
-78
10
-63
57
-28
100
18
119
60
111
78
88
74
64
57
58
48
60
51
58
53
40
36
9
-4
-8
-47
8
-62
54
-25
102
54
106
133
49
165
-57
127
-158
45
-206
-31
-183
-53
-119
-16
-69
40
-70
63
-115
27
-157
-47
-149
-105
-76
-98
21
-27
82
58
61
93
-29
43
-132
-65
-182
-173
-159
-218
-91
-191
-39
-126
-48
-83
-118
-94
-200
-143
-247
-183
-236
-179
-192
-129
-165
-69
-175
-45
-207
-69
-216
-105
-164
-103
-58
-33
52
87
103
192
71
223
-18
162
-95
42
-99
-58
-18
-84
100
-30
192
62
204
134
144
149
46
110
-32
56
-66
23
-66
21
-62
30
-72
30
-87
8
-87
-15
-50
-11
16
33
85
106
118
168
101
181
52
136
9
57
8
-14
54
-42
122
-16
170
38
157
78
78
66
-45
-10
-165
-136
-241
-272
-245
-375
-178
-408
-69
-365
40
-259
110
-131
119
-25
68
33
-12
36
-86
4
-127
-33
-132
-50
-115
-44
-105
-30
-116
-32
-147
-56
-176
-91
-186
-119
-165
-120
-128
-89
-93
-37
-75
13
-76
45
-89
60
-98
58
-95
47
-81
29
-57
4
-24
-24
21
-47
74
-50
129
-33
168
-3
174
20
142
16
92
-16
48
-56
30
-76
40
-64
59
-23
59
21
30
36
-20
13
-59
-35
-64
-79
-25
-95
37
-78
91
-52
117
-32
115
-33
103
-39
100
-35
103
-4
99
42
64
75
-6
74
-91
31
-156
-33
-168
-81
-126
-84
-53
-43
15
16
49
61
49
71
36
48
30
12
44
-20
68
-43
92
-61
103
-83
103
-108
103
-124
110
-120
116
-91
109
-52
78
-23
25
-15
-32
-30
-66
-45
-69
-35
-47
11
-28
74
-37
124
-87
134
-158
90
-218
12
-234
-63
-193
-97
-110
-76
-18
-9
42
71
57
127
33
141
-1
119
-11
91
17
85
71
119
121
172
129
211
83
198
-6
114
-91
-19
-127
-150
-93
-230
-6
-226
87
-155
135
-63
112
2
37
12
-46
-13
-89
-35
-74
-16
-20
54
31
147
42
218
4
232
-52
189
-91
112
-87
41
-40
-4
22
-23
71
-30
95
-42
97
-62
87
-82
75
-98
62
-110
45
-122
30
-137
27
-144
46
-129
84
-85
120
-21
137
35
124
59
98
49
86
31
107
36
153
82
182
144
158
175
79
137
-23
35
-84
-85
-66
-150
25
-122
130
-16
176
99
124
148
1
96
-122
-26
-169
-145
-113
-190
8
-137
125
-26
171
76
133
117
45
91
-32
32
-57
-12
-34
-15
9
13
33
43
27
45
5
16
-1
-25
25
-54
83
-54
153
-26
216
21
254
76
262
127
237
162
180
170
97
137
7
69
-65
-21
-94
-98
-74
-134
-21
-123
37
-80
73
-33
83
-1
78
14
83
27
101
50
127
86
140
119
128
132
95
124
54
98
14
66
-25
26
-69
-30
-118
-110
-150
-200
-141
-267
-76
-272
27
-196
120
-66
153
60
101
125
-6
100
-111
13
-158
-81
-127
-137
-46
-143
39
-119
94
-100
115
-101
130
-105
159
-81
201
-18
219
66
190
129
111
140
12
105
-63
59
-88
40
-78
54
-71
74
-97
57
-146
-14
-177
-119
-148
-201
-50
-216
83
-156
185
-66
217
-1
177
5
106
-40
57
-98
51
-134
76
-137
95
-131
97
-136
89
-159
99
-168
146
-136
207
-54
247
49
228
117
151
120
54
65
-8
-6
-10
-42
37
-23
89
34
105
88
71
109
11
96
-45
70
-76
54
-93
46
-110
35
-137
7
-165
-36
-173
-72
-153
-83
-119
-75
-100
-69
-105
-91
-117
-141
-103
-188
-37
-187
69
-115
163
1
197
103
155
138
71
100
15
37
27
18
97
71
167
170
168
240
88
224
-30
122
-105
-4
-78
-63
27
-17
135
103
160
209
71
214
-78
108
-192
-49
-192
-159
-74
-153
90
-37
205
112
215
210
138
214
45
149
6
85
45
74
126
127
185
199
178
239
113
214
28
137
-28
54
-34
-4
-9
-25
17
-23
22
-21
5
-28
-16
-36
-27
-33
-32
-21
-40
-7
-58
-7
-78
-23
-84
-45
-71
-53
-36
-45
-3
-35
11
-44
7
-86
1
-153
18
-218
69
-255
141
-252
208
-218
243
-179
241
-148
215
-128
182
-103
151
-69
117
-31
70
-2
14
6
-38
-1
-61
-2
-51
26
-24
81
-10
139
-34
158
-94
116
-156
25
-175
-71
-133
-128
-47
-119
36
-67
70
-18
32
-16
-45
-74
-110
-159
-117
-216
-58
-206
33
-124
102
-11
110
81
59
115
-16
88
-73
30
-79
-22
-37
-49
27
-51
87
-47
127
-48
151
-55
172
-57
193
-43
204
-18
190
5
144
4
77
-30
11
-82
-25
-127
-28
-146
-6
-132
21
-92
27
-50
8
-22
-31
-11
-76
-21
-121
-46
-165
-91
-199
-155
-215
-228
-194
-286
-132
-302
-33
-255
72
-152
143
-30
157
69
115
117
52
111
7
78
8
57
52
62
109
90
146
111
153
99
139
54
132
-7
151
-50
192
-56
235
-28
245
8
207
21
130
-5
43
-62
-23
-129
-45
-172
-23
-173
27
-126
78
-44
107
50
101
129
60
170
2
163
-50
119
-65
66
-34
35
34
42
110
76
159
113
165
116
137
74
110
8
111
-47
151
-59
202
-30
221
8
185
12
100
-43
6
-146
-47
-251
-41
-315
16
-317
78
-281
111
-236
110
-206
95
-185
94
-144
108
-68
117
32
82
112
-9
127
-134
70
-239
-36
-274
-130
-229
-168
-139
-140
-54
-78
-14
-22
-15
4
-31
12
-31
32
-12
79
3
139
-13
176
-66
162
-124
104
-143
43
-101
28
-19
71
52
145
64
191
7
159
-78
59
-127
-69
-102
-157
-6
-166
108
-103
179
-23
178
26
120
21
52
-21
18
-57
29
-57
65
-26
89
18
84
41
55
33
30
5
30
-11
61
-4
100
33
123
80
117
116
81
127
33
121
-11
105
-39
95
-52
100
-54
115
-56
141
-64
164
-80
172
-100
158
-110
127
-95
95
-44
89
35
122
114
190
158
258
143
288
74
252
-13
155
-75
37
-79
-61
-31
-106
42
-103
100
-77
127
-55
130
-40
135
-20
153
28
173
104
166
176
110
204
17
163
-72
66
-110
-33
-66
-78
37
-40
144
59
194
161
157
210
54
179
-58
83
-128
-27
-132
-108
-80
-140
-14
-130
35
-105
50
-93
38
-97
18
-113
1
-131
-7
-144
-11
-152
-13
-153
-15
-150
-18
-141
-20
-130
-25
-122
-32
-126
-33
-141
-16
-157
26
-155
95
-124
175
-61
245
26
288
123
290
208
250
272
173
299
64
278
-59
206
-170
93
-244
-40
-252
-144
-190
-182
-77
-138
39
-35
108
81
112
156
64
164
10
118
-4
63
41
41
124
64
197
107
215
124
175
77
104
-33
57
-165
71
-261
149
-277
253
-210
332
-85
343
43
282
135
174
180
62
187
-25
178
-69
175
-80
182
-71
193
-55
198
-39
192
-19
175
2
146
25
110
50
71
76
37
103
22
129
31
144
66
130
111
79
148
-6
157
-106
138
-193
105
-243
85
-250
93
-233
128
-214
169
-214
192
-229
176
-243
123
-233
49
-190
-16
-112
-61
-19
-81
66
-80
129
-71
158
-61
155
-59
122
-74
66
-108
5
-161
-49
-220
-71
-261
-62
-262
-25
-215
9
-132
12
-52
-27
-5
-91
-3
-148
-34
-170
-66
-149
-74
-103
-52
-66
-23
-59
-12
-84
-35
-116
-83
-131
-129
-121
-152
-100
-149
-90
-142
-104
-148
-128
-175
-137
-199
-113
-192
-57
-143
-1
-64
28
6
16
35
-19
17
-35
-20
-9
-37
54
-16
116
29
139
58
109
37
49
-34
2
-124
1
-185
40
-194
83
-158
93
-119
52
-110
-15
-136
-66
-168
-74
-169
-45
-120
-15
-40
-18
25
-68
40
-136
4
-180
-52
-173
-88
-116
-83
-45
-45
4
-4
21
14
17
8
18
-9
37
-18
76
-15
117
-8
151
-10
186
-17
236
-9
302
29
363
98
389
165
351
188
258
145
145
47
62
-60
29
-132
35
-150
33
-136
-13
-138
-98
-185
-185
-267
-216
-333
-164
-326
-46
-219
81
-42
147
141
129
264
49
299
-45
265
-98
207
-98
160
-68
131
-45
96
-52
37
-81
-54
-103
-151
-93
-215
-55
-221
-13
-172
-8
-105
-58
-59
-146
-60
-242
-95
-299
-139
-298
-159
-247
-142
-168
-93
-96
-34
-47
13
-19
37
-4
41
6
31
8
5
7
-33
1
-78
-1
-124
7
-151
30
-146
58
-101
69
-30
45
35
-22
64
-112
47
-192
-6
-230
-64
-210
-94
-145
-81
-65
-39
-4
13
26
45
30
55
28
49
33
48
49
60
65
81
66
97
52
101
39
99
40
114
60
161
80
232
71
301
14
325
-85
279
-185
180
-239
69
-225
-2
-153
0
-73
54
-33
121
-65
149
-146
117
-234
44
-279
-24
-267
-52
-216
-30
-169
16
-156
45
-179
30
-208
-23
-205
-82
-149
-103
-54
-70
41
4
91
81
74
110
1
71
-83
-23
-132
-134
-117
-206
-45
-211
47
-148
107
-59
99
6
27
7
-73
-53
-147
-142
-156
-202
-96
-194
-9
-117
51
-14
45
59
-23
64
-110
14
-155
-46
-131
-62
-46
-4
44
103
84
204
54
244
-24
204
-93
111
-104
21
-47
-27
45
-21
128
9
162
30
146
16
103
-26
61
-71
37
-99
23
-106
-2
-105
-40
-111
-83
-121
-110
-122
-112
-98
-93
-48
-76
8
-78
45
-95
46
-110
15
-97
-25
-45
-46
30
-38
103
-13
146
12
150
22
126
13
87
-7
42
-25
-6
-40
-63
-57
-127
-82
-191
-114
-244
-149
-277
-181
-293
-209
-291
-238
-272
-271
-231
-297
-161
-302
-68
-268
34
-202
115
-113
153
-33
147
21
107
42
61
45
21
49
-5
62
-30
84
-62
99
-107
97
-154
78
-190
47
-202
16
-192
-11
-161
-28
-120
-34
-72
-27
-25
-4
16
26
36
53
30
62
7
47
-18
18
-25
-4
-6
4
27
43
48
103
38
148
-8
161
-69
137
-113
98
-119
75
-90
86
-52
127
-32
175
-50
198
-103
175
-166
111
-211
25
-214
-54
-174
-104
-99
-107
-16
-67
47
-5
69
53
41
76
-25
45
-98
-27
-141
-112
-132
-163
-74
-156
1
-91
47
3
34
77
-39
98
-138
64
-219
-1
-249
-62
-225
-91
-163
-87
-91
-64
-25
-36
25
-11
69
9
105
25
127
32
133
17
125
-21
118
-66
128
-95
153
-88
178
-46
173
11
123
47
34
46
-67
13
-146
-30
-182
-58
-184
-62
-167
-52
-146
-42
-127
-39
-100
-34
-57
-18
-4
17
37
55
54
80
47
81
32
66
23
52
31
52
40
59
38
56
25
30
21
-7
49
-30
118
-8
209
62
281
148
293
204
252
193
184
124
140
35
141
-28
180
-50
214
-47
211
-51
170
-79
117
-122
86
-143
85
-117
86
-57
50
-13
-34
-23
-134
-100
-189
-194
-158
-237
-47
-190
84
-69
157
61
133
123
34
93
-77
-5
-130
-101
-110
-141
-51
-122
-8
-80
-15
-59
-57
-72
-93
-95
-90
-86
-54
-31
-21
46
-37
87
-103
53
-175
-45
-192
-153
-122
-202
18
-153
158
-37
225
83
187
137
69
96
-55
-6
-124
-111
-111
-156
-39
-119
37
-22
67
84
35
153
-45
165
-131
129
-183
75
-182
38
-133
36
-65
69
-10
116
10
146
-8
140
-48
98
-81
35
-90
-16
-74
-46
-52
-57
-41
-72
-47
-100
-51
-132
-33
-142
17
-102
76
-12
100
87
57
141
-47
113
-155
16
-206
-90
-163
-129
-46
-73
76
52
132
169
96
217
10
180
-55
105
-45
64
40
94
137
176
183
246
151
242
74
156
24
38
46
-41
134
-47
230
4
269
54
229
48
145
-16
76
-93
62
-132
98
-105
131
-37
117
18
51
21
-32
-18
-78
-56
-66
-49
-16
12
21
95
3
144
-74
124
-169
42
-229
-64
-228
-153
-170
-201
-85
-207
4
-185
83
-137
152
-63
204
38
224
145
192
217
105
225
-8
163
-99
61
-131
-32
-100
-81
-37
-81
17
-62
36
-49
25
-52
11
-58
8
-45
13
-11
10
25
-15
45
-49
38
-62
30
-31
54
36
128
105
232
134
321
105
354
42
318
-8
247
-17
185
15
151
51
138
53
106
12
29
-42
-79
-67
-177
-44
-224
8
-211
42
-173
27
-156
-28
-183
-73
-229
-67
-243
1
-188
91
-66
141
66
112
141
20
130
-78
55
-120
-26
-88
-59
-9
-38
59
8
81
33
64
13
44
-26
57
-44
111
-13
169
54
191
115
157
129
91
89
35
25
25
-22
55
-27
88
-8
86
-5
37
-51
-25
-141
-55
-233
-25
-274
56
-239
136
-147
165
-52
124
-6
39
-21
-38
-74
-60
-111
-13
-93
70
-7
136
110
146
209
84
248
-19
212
-118
127
-168
35
-158
-25
-110
-37
-57
-17
-33
-2
-52
-18
-98
-81
-131
-163
-119
-226
-59
-236
26
-187
88
-110
91
-55
28
-60
-62
-127
-131
-218
-141
-281
-91
-280
-21
-221
21
-141
4
-94
-65
-108
-139
-175
-170
-252
-129
-294
-23
-271
111
-186
226
-65
292
52
297
141
252
180
173
163
81
95
4
-8
-40
-119
-35
-204
14
-231
83
-192
135
-110
134
-28
72
18
-31
10
-136
-42
-201
-102
-206
-136
-161
-133
-89
-96
-21
-43
29
12
61
60
78
102
81
135
69
156
40
154
-2
132
-45
93
-74
59
-84
38
-83
41
-82
56
-91
72
-115
78
-144
72
-168
54
-182
31
-182
6
-173
-22
-151
-47
-122
-67
-78
-72
-28
-52
21
-8
53
53
56
115
20
156
-50
161
-137
116
-214
35
-250
-54
-222
-112
-135
-107
-15
-29
87
95
127
214
86
272
-24
246
-147
151
-231
37
-242
-43
-194
-60
-133
-28
-100
17
-115
30
-157
6
-179
-28
-149
-31
-66
28
30
138
98
258
102
340
50
355
-23
308
-79
228
-99
147
-86
81
-66
24
-59
-36
-65
-107
-75
-181
-72
