-414
-54
320
-57
-384
23
-383
46
-372
69
-367
88
318
-136
-355
132
313
-172
299
-189
-315
191
276
-223
262
-238
-276
245
236
-268
-247
274
203
-292
187
-305
168
-316
149
-327
-152
333
-134
339
93
-346
71
-354
51
-355
30
-358
-30
363
-10
364
-30
-361
-52
-358
-75
-355
-93
-349
-111
-346
119
339
137
331
158
322
-187
-313
194
301
-220
-291
231
276
243
262
260
247
272
231
287
213
-307
-196
-318
-180
320
161
328
142
337
121
-352
-102
348
81
351
59
354
39
-364
-20
356
-4
358
-25
-363
43
-359
64
-355
83
341
-106
-344
124
-336
143
-327
163
-5
-1
-1
1
-1
-4
-1
0
-1
-1
-1
-1
-2
-1
-2
-2
-1
-4
-97
-349
-343
114
-334
135
325
-158
-175
-318
-307
190
206
292
-283
224
241
265
-260
-255
-239
270
284
219
296
202
-311
-189
-322
-168
-328
-152
334
129
107
-346
-91
347
-69
353
-359
-49
28
-361
359
6
13
359
33
358
354
-58
76
352
344
-98
-342
119
330
-138
155
325
313
-177
-306
192
293
-211
-284
228
240
266
258
252
272
235
-290
-220
297
202
-309
-185
167
-320
-151
328
-338
-129
-346
-110
-353
-89
353
69
-49
358
0
-1
-1
0
0
1
0
0
-1
-1
-1
0
0
0
-1
-1
-1
-2
-1
-1
0
-2
-1
-1
-1
-1
-1
0
-1
-1
-1
-1
-1
-1
-1
-3
-2
-1
-1
-1
-1
-2
0
-1
-3
-1
-1
1
0
-1
-1
0
-1
1
-4
0
-1
-1
-1
0
0
-1
-1
-1
-2
0
-1
-1
0
-1
-3
-2
-2
1
-1
0
-1
-1
-3
1
-1
-1
1
-2
0
-1
-1
0
-1
-1
-1
2
0
0
0
-1
-2
-1
-2
-1
-1
1
-1
-1
-1
0
-1
-1
0
0
1
0
-1
-2
-1
-1
0
0
-1
1
-3
0
-2
-1
-1
-1
-2
1
-1
-2
0
-1
0
0
0
-1
-1
-1
-1
-1
-1
-1
-1
-1
0
0
-1
0
0
-1
-1
0
-2
-1
-1
0
-2
-2
-2
-2
-1
-3
-3
-1
-1
-3
-2
-2
-1
1
-2
-1
-2
-1
-2
-1
-2
-4
-1
-1
-1
0
-2
0
-3
-1
-4
1
-1
-1
-3
0
-1
-1
-2
-1
-3
-1
-4
1
-1
-1
-3
1
-2
1
-2
-1
-2
0
-2
0
-4
-1
-3
0
-2
1
-2
1
-3
1
-3
0
-2
-1
-4
1
-3
1
0
1
-2
-1
-2
0
-1
1
-2
-1
-3
-1
-1
0
-1
0
-1
-1
-1
-1
-2
1
0
-1
-1
0
-1
0
1
0
-1
-1
0
0
-1
-1
0
-1
0
-1
0
0
-2
0
1
-1
-1
-1
-1
-1
0
-1
-1
-1
0
-1
-1
0
0
-2
0
0
-1
-1
0
-1
-1
-1
-2
-1
-1
-1
0
-1
-1
-2
-1
-1
-1
-2
1
0
-1
0
-1
-1
-1
-1
-1
-1
-1
-1
-1
-1
-1
-1
-3
-1
-1
-1
-4
-1
-1
-1
-3
-1
-1
-2
-1
-1
-2
-4
-1
-2
-1
-1
-1
-2
-1
-2
-1
-1
-1
0
0
0
-4
-1
-2
-1
-3
0
1
-1
-2
-3
-3
-1
-3
-1
-2
0
-2
-1
-3
-1
-1
-1
-3
-4
-3
-2
-1
-1
-1
-1
-2
-3
-3
-1
-3
-1
-2
-3
-1
-1
-3
0
-1
-1
-2
0
-1
-1
-1
-1
-2
1
-1
0
-4
1
-3
-1
-3
-2
-1
-1
-1
-1
-1
1
-2
1
-1
0
-4
-2
-1
0
-2
0
-3
1
-1
-1
-2
1
-1
0
0
0
-1
0
-3
-1
-2
0
-1
1
-3
-1
-3
0
-3
0
-3
-1
-1
-1
-1
1
-1
1
-1
0
-2
0
-1
1
-2
1
-1
-1
-1
0
-1
-1
-1
1
-1
-1
-1
1
1
-1
-1
1
-1
-1
0
-1
0
-1
-1
-1
-1
0
1
0
0
1
-1
-1
-1
0
0
0
-1
0
-1
0
-1
-1
1
1
-1
1
-1
-1
-1
-1
0
0
-3
-1
-1
-1
-1
-1
0
-1
-1
-1
-1
-1
-1
0
-1
0
-1
-1
-1
-1
-1
0
-1
-1
0
-1
-1
-1
-1
-1
-2
-1
-4
-1
-1
0
-2
-1
-1
-1
0
-1
-1
-1
1
-1
-1
0
-1
-1
-1
1
-1
0
-3
1
0
0
-1
0
-1
-1
-2
-1
-1
-1
-1
-1
-1
0
-2
0
-1
-1
-1
-2
0
0
-1
-2
-2
-1
-1
-1
0
-1
-1
0
-2
1
0
1
-1
-1
-1
-1
-1
-1
-2
1
-1
-1
-1
0
-3
0
-1
1
-1
-1
-1
0
-3
0
-1
-1
-2
-2
-1
-1
-1
-2
-1
-2
-1
-1
0
0
0
0
-2
-3
-2
-1
-1
0
0
0
0
-1
-2
-1
-2
-1
-4
0
-1
-1
-3
-1
-1
-1
0
-1
0
0
-1
-1
0
-1
-1
-1
-1
-1
-1
-1
-1
-1
0
-1
-1
-1
-1
0
0
0
-1
-2
0
0
0
-1
0
-1
-1
-1
0
0
-1
0
-2
-1
-1
0
-1
-1
-1
-1
-1
-1
-1
-1
-1
1
-2
-1
-1
-1
-1
-1
-1
-2
-1
-1
-1
-1
-2
-1
-1
-3
-1
-1
-1
-1
1
-1
-1
-1
0
-1
-2
0
-1
-2
-1
-2
-1
-1
-2
-1
-1
0
0
0
-1
0
-1
-1
-1
0
-2
-1
0
-1
0
0
-2
-1
0
-1
-1
-1
-2
-1
-1
-1
1
0
-1
-1
0
0
0
1
-1
-1
-1
-1
0
-1
0
1
-1
-1
-1
2
-3
2
0
0
-1
1
0
-1
-1
-1
-1
0
-1
-1
-1
1
-1
-1
-1
-1
-2
-1
1
0
-1
1
-1
0
-1
0
-1
0
-1
0
0
-1
-1
-1
-2
-1
-2
1
-2
-1
-2
0
-1
0
-1
-1
0
0
-1
-1
-1
0
0
-1
-1
0
-1
-1
-2
0
-2
-2
-1
-1
-2
0
0
0
-1
-1
-1
-1
-1
1
-2
1
-1
0
0
-1
-1
0
-1
-1
0
-1
-1
0
-1
-1
-1
-1
-1
-1
-2
-1
0
0
-1
-1
-1
-1
0
0
-2
-1
0
-1
-1
-2
-1
0
0
-1
-1
-1
-1
2
-1
1
0
-1
-1
0
-1
-2
0
-1
0
0
0
0
-1
-2
-1
0
-2
-1
0
-1
1
-1
-1
0
0
-1
-1
1
-1
0
-1
0
-1
0
-1
-1
-1
-1
-1
-1
-1
1
-1
-1
-1
0
-2
-1
-1
-1
-2
-1
-1
0
-1
-1
-1
0
-1
1
-1
-1
-1
1
-1
-1
-3
-1
-1
-1
-2
1
1
-1
-1
1
-1
-1
-1
-1
0
0
-1
-1
-2
0
-1
-2
1
0
-1
-1
-1
1
1
-1
-1
0
-1
-1
0
1
-1
0
-1
-1
0
-1
-1
0
-1
-1
-1
0
-2
1
0
1
2
1
-2
-1
-1
-1
1
-1
-1
1
-1
1
-1
1
-1
-1
-1
-1
-2
0
-2
0
0
0
-1
0
-1
3
-1
-1
-2
-2
-1
-1
-1
-1
-1
-1
0
-1
-1
-1
-1
0
-1
1
-2
1
-1
0
-1
-1
-1
1
-1
0
-1
0
-2
1
-1
0
-3
-1
0
0
-1
-1
1
1
1
-1
-1
0
0
-1
-1
1
-1
-1
-1
0
-1
0
-1
-1
0
0
-1
-1
-1
1
-1
-1
-1
-1
-1
0
-1
-1
-1
0
0
-1
1
-1
-1
1
-1
1
-1
0
1
-1
0
0
-1
-2
-1
-1
0
1
-1
0
-2
0
0
-1
-1
0
1
-1
-1
0
1
1
1
0
-1
0
1
0
-1
-1
-1
-1
-1
0
-1
1
0
-1
-1
-1
1
0
0
-1
-1
-1
0
1
-1
-1
1
0
-1
-2
0
0
0
0
0
-1
0
0
0
0
1
-1
-1
-1
-1
-1
1
-1
0
0
-1
-1
-1
0
-1
0
1
-1
-1
-2
-1
0
-1
0
1
-2
-1
-1
-1
-1
-1
1
-1
-1
-1
0
-1
0
-1
-1
-1
1
-1
-1
0
1
-1
1
-1
-1
-1
-1
-1
0
-1
0
0
-1
-1
1
-1
0
1
1
-1
0
-1
-1
-2
1
-2
-1
-1
1
-1
1
-2
0
-2
-1
-1
0
-1
-1
-1
1
-1
-1
1
0
0
-1
-1
0
-3
-1
-1
-1
0
-1
0
1
-1
1
-1
-1
-1
0
-1
0
-1
1
-2
0
1
-1
0
0
-1
-1
0
1
-1
-1
-1
1
-1
0
-1
1
1
1
-1
-1
-1
0
-2
0
-1
1
-1
-1
-1
2
0
-1
0
-1
-2
0
0
0
-1
-1
1
-1
-1
0
1
1
-1
-2
1
-1
-2
0
-1
-1
1
-3
-1
0
1
-2
0
-1
0
1
0
0
-1
0
-1
-1
-1
1
0
1
-1
-1
-1
0
-2
-1
1
-1
-1
1
-1
0
0
0
0
-1
-1
0
-1
-1
0
0
-1
-1
-1
1
-2
0
0
-2
-1
-1
-1
1
0
1
-1
-1
1
0
1
1
-1
-1
-1
2
1
-1
-1
0
-3
-1
0
-1
1
0
1
0
-1
-1
-1
-1
-3
-1
-1
1
-2
-1
1
1
-1
0
0
-1
-1
0
1
-1
-1
0
0
-1
0
-1
-1
1
-1
0
-1
0
-1
0
-1
1
-2
-1
-1
2
-1
1
-2
-1
0
1
-1
-1
-1
0
-1
-1
-1
-1
-1
0
-1
-1
-4
-2
1
1
1
-1
-1
1
0
-1
-2
-1
-1
1
-1
0
-1
-1
-1
1
0
1
-1
-1
-1
0
-2
-1
-1
0
1
0
-1
0
-1
-1
1
0
-1
-1
1
-2
0
-1
1
0
0
-1
0
0
-1
0
0
-1
1
-1
0
0
-1
-1
-1
0
-1
-1
0
-2
-1
0
-1
0
1
1
0
0
-1
-1
-1
-1
1
-1
0
0
0
1
1
-1
-1
-1
-1
-1
-1
1
0
0
-1
-1
-1
-1
0
-1
0
-2
-1
-1
1
-2
-1
0
-1
-2
-1
1
0
0
1
-1
1
-1
-1
-2
0
-1
-1
-1
-1
-1
-1
-1
-1
-1
0
0
0
-1
-1
0
0
-1
1
-1
-1
0
-1
1
-1
1
0
0
-1
-1
1
0
1
-1
1
-1
-1
-2
-1
0
0
-2
0
-1
1
0
-1
1
1
0
-1
-1
0
0
1
0
-1
-1
0
1
-1
1
-1
0
0
1
-1
1
0
-1
-1
-1
0
-1
-1
0
-1
-2
-1
1
0
1
-1
1
1
-1
-1
0
1
0
0
-1
0
-1
0
0
-1
-1
-1
1
0
1
0
1
-1
0
-1
-1
-1
-1
0
-1
0
0
-1
0
-1
-2
-1
-1
2
1
0
1
0
-2
-1
1
1
0
0
-1
-1
0
1
0
-1
1
0
-1
1
-1
-1
-1
1
0
2
0
0
0
0
-1
-1
0
0
1
-1
-2
0
1
-1
0
-2
-1
1
0
-1
-1
2
-2
-1
0
0
0
1
-1
-1
-1
-1
-1
2
-1
-2
0
0
1
-1
0
0
-2
0
-1
1
1
1
-1
-1
-1
0
0
1
1
1
1
1
0
0
0
-1
0
-1
-1
-1
-2
1
-1
-2
-1
0
-1
-1
-1
1
-1
-1
-1
0
-1
1
1
0
0
-2
1
1
-1
0
-1
-1
-1
1
0
1
-3
1
0
1
0
-1
0
-1
0
-1
-1
-1
1
0
1
0
-1
0
-1
1
-2
1
1
-1
-1
-1
-2
1
-2
1
-2
-1
0
0
-1
-1
1
0
1
0
-1
0
0
0
-1
0
-1
-1
-1
0
-1
-1
0
-1
0
-1
-1
0
0
-1
0
-1
0
-1
-1
-1
1
1
0
-1
0
0
0
0
-1
1
-1
0
-1
-1
-1
-1
0
-1
-1
-1
0
1
1
0
0
0
0
1
0
1
-1
0
-1
1
-1
0
-1
1
-2
1
1
1
-1
0
-1
-2
1
-1
-1
0
-1
-1
-1
0
-1
-1
0
-1
1
-1
1
0
-1
0
-1
-1
-1
-1
1
0
0
-1
0
1
-1
-2
-1
0
-1
0
-1
0
1
-1
-1
-1
-1
0
-1
1
0
1
-2
-1
0
0
-1
0
0
-1
0
0
0
-1
-1
-1
1
0
-1
-1
0
-1
-1
0
-1
1
0
-1
-1
-1
-1
0
1
-1
-1
0
-1
1
1
-1
1
1
-1
0
-1
-2
-1
-1
0
0
1
1
-1
-1
-1
0
-1
-1
-1
-1
-1
-1
-1
0
-1
-1
1
-1
0
-1
-1
-1
-1
1
0
0
-1
0
0
0
-1
1
1
-1
-1
0
-1
0
0
0
-1
0
0
0
-1
0
0
1
-1
0
-1
-1
0
0
0
1
-1
-1
1
-1
-1
1
1
-1
0
1
-1
0
-1
-1
1
-1
-1
1
0
-1
-2
-1
-1
-1
1
0
0
0
0
-1
-1
-1
0
0
0
-1
-1
1
-1
0
1
0
0
-1
-1
0
0
0
0
-2
-1
-1
1
-1
1
0
0
-1
-1
0
0
0
0
1
-1
0
-1
-1
-1
-1
0
1
-1
-1
0
0
0
-1
0
1
1
1
-1
0
-1
1
0
1
-3
-2
1
1
0
0
-1
-1
0
1
-2
0
1
0
0
1
-1
0
-1
0
-1
1
-1
1
-1
0
0
0
0
-1
-1
1
0
0
1
0
-2
-1
0
0
0
1
-3
-1
-1
0
1
-1
-2
-1
-1
-1
0
1
0
0
-1
-1
-1
0
1
-1
0
0
0
0
-1
-1
-1
1
-1
-1
-1
0
0
1
-1
-1
-1
-1
-1
1
1
-1
-1
1
-1
-1
-1
1
-1
0
0
1
-1
-1
-1
0
-2
-1
-2
-1
-1
0
-1
-1
0
-1
-1
0
-1
0
-2
-1
-2
0
1
0
-1
0
-2
-1
1
-1
-1
-1
-1
1
-1
-1
-1
0
-1
1
-1
1
-1
1
0
0
-1
-1
-1
1
0
-1
-1
0
-1
0
0
-1
-1
-1
0
0
0
-1
1
0
-1
-1
-1
0
-1
1
-1
-2
0
-1
1
1
1
0
-1
-1
-1
0
0
-1
-1
-1
0
-1
-1
-1
0
-1
-2
-1
-2
1
-1
0
-1
-1
0
-1
-2
1
-1
-1
-1
-1
-1
0
0
0
-1
-1
1
0
-1
-1
-1
1
-1
0
0
-1
-1
1
-1
-1
0
1
-1
0
-1
0
-1
1
1
1
0
-1
-1
1
0
1
-2
1
-1
-1
-1
-1
-1
0
-1
0
-1
1
0
1
-1
-1
-1
-1
-3
0
-1
-1
-2
1
0
0
-1
1
1
-1
-1
-1
-1
0
-1
-1
-1
-1
-1
1
-1
0
0
0
-1
-1
-1
1
0
-1
1
-1
-1
0
-1
-1
-3
-1
0
1
-1
1
0
0
0
1
-1
-1
-2
-2
-1
-1
-2
-1
-1
0
-1
-1
-3
-1
-1
-1
-1
0
0
-1
-2
-1
-1
0
0
0
-1
-1
-1
1
-1
-1
0
1
-2
-1
0
1
-3
1
-2
1
0
-2
-1
-1
0
0
-2
-1
1
0
-1
-1
0
1
-1
-1
-1
0
-1
-1
-3
-1
-1
-1
-1
-1
-1
-1
-1
-1
-2
-1
0
0
0
1
-1
0
0
-1
-1
1
-2
1
0
-1
-1
1
-1
-1
-1
0
0
0
0
-1
-1
0
-1
-1
-1
0
-1
1
-1
0
0
-1
-3
1
-1
0
-1
-1
1
0
1
-1
-1
1
-1
1
-1
1
-1
0
0
-1
-1
1
-1
0
-1
0
-1
1
-1
-1
0
-1
0
-1
-2
1
-1
0
0
0
-1
0
-1
1
-1
0
0
1
-1
0
1
-1
-2
-1
-1
-1
-2
-1
-1
1
-1
0
-1
-1
1
-1
0
1
-1
-1
-1
1
-2
0
0
0
-1
-1
-3
-1
-1
-1
0
-1
-2
-1
-1
-1
-2
0
-1
-1
-1
1
-2
0
0
0
-1
0
-1
-1
-1
-1
-1
1
-1
-1
-1
1
-1
1
0
0
-1
0
-1
-1
-3
-1
-1
-1
-1
0
-1
0
-2
0
-1
1
-2
-1
0
-1
-1
-1
1
0
-1
1
-1
0
0
-1
0
-1
0
0
1
-1
-1
-1
-1
-1
0
-1
-1
-1
0
-1
0
0
-1
-1
-2
0
-2
0
-1
-1
-1
1
-1
-1
-1
-1
-1
1
-1
-1
-2
-1
0
-2
-1
-1
-3
1
-3
-1
0
-1
-1
-1
-1
-1
-1
0
0
-1
-1
0
-1
-1
-1
-1
-1
0
-3
-1
-3
-1
-2
-1
-1
0
-1
0
1
0
-2
-1
-2
1
-2
-1
-2
0
-2
-1
-1
0
-1
-1
-1
0
-1
0
-1
1
-1
0
-2
0
-1
1
-2
-1
-1
-1
-2
1
-1
-1
-1
-1
-2
-1
-2
0
0
-1
-1
0
-1
-1
-1
-1
-2
-1
-2
-1
-2
0
-1
0
-1
-1
-1
1
-1
0
-4
1
-3
1
-1
1
-2
0
0
0
-2
-1
0
1
-1
1
0
1
-1
1
-2
0
0
-1
-1
1
-1
-1
-2
-1
0
-1
-1
-1
0
0
-2
0
-1
-1
-1
0
-1
-1
0
1
-1
1
1
-1
-2
-2
-1
-1
-3
-1
-1
0
-1
0
-2
0
-1
0
-1
0
-1
-1
0
-1
0
-1
-1
-1
-1
-1
1
-1
-2
1
0
-1
1
0
-1
-1
-1
1
-1
-1
-1
-2
-1
-1
-1
0
-2
1
-1
0
-3
-2
-2
1
0
-1
-1
0
0
0
-1
1
-2
-1
-1
-1
-1
1
-1
-1
-1
0
-1
0
-1
-1
-1
-1
-1
0
-2
0
0
0
-2
-1
-3
1
-1
-1
-2
0
-1
0
-1
-1
-1
-1
-1
-1
-1
0
-1
1
-1
0
-1
1
0
-1
-2
-1
-1
-1
-1
0
0
-2
0
-1
-1
-1
0
0
-1
1
-2
0
0
-1
-2
-3
-1
-2
-1
0
-1
1
-1
-1
-1
-1
-1
0
-1
0
-1
-1
-2
-1
-1
0
-1
-1
-2
-1
-1
-1
0
-1
-1
0
-1
-1
-2
-1
-2
1
-1
-1
-2
-1
0
-1
-1
-1
-2
-1
-2
-1
-1
-1
0
-1
0
-1
-1
0
-2
0
-3
1
-2
-1
-1
0
-2
-1
-1
-2
-1
1
-2
-1
-2
0
-1
0
-1
0
-1
0
-1
0
0
-2
-1
-1
-1
-1
-1
0
-1
-1
-1
-1
-3
-2
-1
-1
-2
0
-1
0
-1
-1
-2
-43
356
23
-362
359
1
17
360
38
357
-63
-356
-83
-354
-349
101
-340
120
-333
140
-163
-325
-181
-313
-305
197
214
289
228
276
263
-246
-251
261
276
232
288
216
-301
-200
310
180
322
162
-146
330
337
123
-344
-105
349
83
-64
356
42
-360
359
21
-4
361
-20
-361
-41
-361
60
355
-84
-351
102
347
339
-123
141
331
-323
161
-313
180
303
-199
290
-214
230
276
-249
-264
-249
262
-231
275
-217
288
-302
-200
179
-312
-323
-164
-332
-145
339
124
104
-347
-352
-83
-356
-64
-41
356
-21
360
360
-1
21
361
-41
-358
62
354
84
349
-345
103
-123
-341
333
-144
-162
-322
182
311
-197
-302
290
-218
-275
229
-261
245
-247
261
233
-277
-289
-215
-301
-199
-178
312
161
-327
142
-333
-121
339
346
100
82
-354
355
58
40
-360
-18
358
2
358
22
358
-358
41
-355
63
-351
81
105
342
-125
-342
144
329
-322
161
-182
-315
-301
197
-289
214
233
272
260
-251
246
-267
231
-281
289
213
301
194
-314
-180
-161
320
-334
-144
120
-342
-346
-104
-351
-83
61
-357
-40
354
362
17
-364
0
22
358
43
357
356
-69
85
348
105
344
-340
124
146
330
164
320
182
308
296
-201
215
287
-276
233
260
-250
262
245
-231
275
-216
291
-197
302
-180
313
158
-325
-141
333
119
-339
346
100
-81
351
-62
354
358
38
17
-360
361
-4
-359
25
358
-47
352
-68
-88
-350
-108
-345
337
-127
330
-146
320
-166
-313
184
-202
-299
-286
218
-236
-274
-249
-260
244
-266
-230
278
-293
-212
304
196
-314
-178
157
-325
333
138
119
-342
-347
-100
-351
-80
356
59
358
36
360
15
-359
3
26
359
47
357
-355
66
349
-88
107
345
-338
127
330
-148
-166
-322
-185
-312
-202
-300
-220
-287
273
-238
260
-255
-244
264
228
-281
293
211
-194
301
314
176
-325
-160
-138
329
-119
338
-346
-102
-78
350
-356
-59
-36
357
13
-363
-6
-363
-360
24
47
356
-354
65
349
-92
-110
-346
337
-131
-149
-333
-320
163
-312
182
-203
-300
-288
216
-237
-276
-259
249
-267
-247
226
-283
293
209
-306
-194
-317
-176
325
154
-336
-139
339
116
-348
-98
75
-354
354
54
-361
-38
11
-363
5
358
-361
25
-359
46
353
-73
-351
88
-113
-346
-337
129
-151
-331
165
318
305
-188
202
296
281
-222
269
-239
-254
-260
-270
-243
-284
-228
208
-296
190
-308
314
172
-327
-156
-337
-136
339
116
-1
-2
-2
-1
-2
-2
-2
-1
0
-1
0
-1
-1
0
-1
-1
298
199
311
182
320
165
331
144
338
127
344
106
349
86
354
66
357
45
359
22
-362
-3
361
-18
359
-40
357
-62
352
-80
346
-103
-340
122
334
-144
324
-161
313
-181
-303
197
292
-215
-276
231
267
-247
-249
261
235
-276
218
-291
-197
301
-181
313
165
-324
144
-333
124
-340
-104
344
-83
350
-63
352
45
-362
-20
358
2
-365
21
356
-42
-361
-61
-360
-82
-355
-103
-351
-121
-342
-141
-334
-161
-327
181
309
199
297
-216
-294
-233
-281
-247
-269
263
244
-278
-236
288
210
298
194
310
177
320
158
330
140
337
121
344
100
349
81
-357
-67
357
38
-363
-23
