199
-310
-312
-276
-248
264
178
-314
169
-322
150
-332
129
-342
-156
324
330
104
79
-356
-368
-80
-371
-58
-45
355
-5
-366
346
-15
-46
-362
-371
51
-366
71
337
-98
-128
-345
-146
-337
-167
-327
-185
-317
180
308
197
296
-292
225
-279
243
-266
-253
231
-268
-293
-221
287
210
299
191
-324
-170
323
151
126
-337
106
-344
342
93
-359
-71
45
-357
356
28
-13
360
356
-11
29
360
49
356
70
352
344
-94
339
-115
330
-136
151
325
313
-175
302
-192
205
293
-286
225
-245
-269
-257
256
-243
269
282
222
202
-299
-191
308
165
-320
-330
-151
-135
335
107
-343
-353
-93
352
68
-359
-52
361
28
-7
361
13
358
-35
-360
356
-57
74
351
-98
-348
341
-119
135
333
-327
153
-318
172
-192
-308
-296
207
279
-228
-270
240
-259
-255
-240
269
221
-288
202
-298
-190
306
165
-322
148
-332
336
127
340
107
-351
-91
-71
353
47
-359
358
26
4
-363
-363
13
356
-38
54
356
-79
-354
-100
-350
-119
-341
-335
136
325
-157
314
-177
302
-193
210
292
225
279
-244
-267
-254
257
270
235
-288
-221
297
202
-313
-187
-169
320
325
147
-132
337
-346
-110
-91
351
-354
-69
-49
358
-1
0
0
0
-1
-1
-1
0
-1
-1
-2
-1
-1
1
0
-1
0
-1
-1
-2
-2
-1
0
-1
-1
-2
1
-2
-1
-1
0
-1
-1
-1
-1
-1
-1
0
-1
-2
0
0
0
-1
-2
-1
-1
0
-3
-1
0
0
0
-1
-2
0
-3
-1
-1
-1
-1
1
-1
-1
-2
-1
-1
-1
-1
-2
1
-1
-1
-1
-1
-2
-1
-1
-2
-1
-1
-2
-1
-2
0
-1
-2
0
0
0
-1
1
-1
-1
-1
-1
-1
-1
-1
-1
-1
-1
-2
0
-3
-1
-3
-1
-1
-1
-2
-1
-1
-1
-1
-1
-2
1
-2
0
-3
-1
-1
0
-1
-1
-1
-1
0
0
-1
0
0
0
-1
1
-1
0
-1
-1
-1
0
-2
0
-1
-2
-1
-2
-1
-2
-1
0
-1
-1
-2
-1
-1
-1
-4
0
-2
-1
-1
-3
-1
0
-1
-2
-1
-1
-2
0
-1
-1
-1
-1
-2
-1
-1
-1
-3
-1
-1
-1
-2
0
-1
0
-3
1
-3
-1
0
1
-2
-1
-3
-1
-1
0
-4
-1
-3
0
-1
-1
-1
0
-2
0
-2
-1
-2
-1
-3
-2
-1
1
-1
0
-2
1
-1
0
-1
1
0
-1
-1
1
-1
1
0
-1
-1
1
0
-1
-1
1
0
0
-3
1
-1
0
-2
-1
-2
-1
-1
-2
0
0
-3
-1
0
0
-1
1
-1
-1
-1
0
-1
0
0
-1
0
-1
1
1
0
-1
-1
1
-2
-1
-1
-2
-2
-1
-1
0
-1
0
0
-2
-1
-1
1
-1
-1
-2
-1
-3
-1
-1
0
-1
-2
-1
-3
-1
-2
0
-3
0
-2
-1
-1
0
-1
-1
0
-1
-2
-1
-2
-1
-1
-1
-1
-1
-3
-1
0
-2
-1
-1
-1
-1
-1
-1
-2
-2
-2
-2
-1
0
-2
-1
0
-1
-1
-1
-1
-1
-2
-1
-2
-1
-3
-1
-1
-1
-3
-1
-2
-1
-3
-1
-1
-2
-2
-3
-2
-1
-2
0
-2
-3
-3
-1
-1
-2
-3
-2
-1
0
-1
-1
-1
-2
-2
1
-2
-1
-4
-1
-3
-2
-4
-2
-2
-2
-2
0
-3
0
-2
1
-3
-1
-1
-1
0
-1
-2
-1
-2
0
-1
1
-1
0
-1
0
-1
0
-3
-1
-1
1
0
-1
0
-1
-1
0
-2
1
-3
-1
-1
-1
-4
-1
-1
-1
0
-1
-2
-1
-1
0
-1
-1
-1
-2
-1
0
-3
1
-1
0
0
0
-1
0
-1
0
-1
0
-1
-1
-1
-1
-1
1
-1
-1
0
0
-1
0
-1
1
-1
0
-1
-1
0
1
0
-1
0
0
-1
-1
0
-1
-2
-1
1
0
0
-1
-1
0
1
0
0
1
-1
0
-1
-1
-1
0
-1
-1
-1
0
-1
-1
0
-1
-1
-1
-1
-1
1
-1
-1
-1
-1
-1
-1
-1
-2
-2
0
-1
-1
-1
-1
-1
-1
-1
-1
0
-1
0
-1
0
-1
-1
-1
-2
-1
-1
-1
0
-1
-3
-1
-1
-1
1
-1
-1
0
-1
-2
-1
-1
-1
-1
-1
-2
0
-1
-1
-1
0
0
-1
-3
0
-1
-1
0
-1
-1
1
-1
-1
-1
-1
-2
-1
-3
-1
-1
-1
-1
0
-1
0
-2
-1
-2
-1
-3
-1
-1
-1
-1
1
1
-1
-1
1
-2
1
-1
-1
-2
-1
-2
0
-3
0
0
0
-1
-1
-4
1
-1
0
-3
0
-2
-1
-1
0
-1
0
-3
0
-2
1
-1
-2
0
0
0
-1
-1
-1
-1
-1
-3
-1
-1
1
0
0
0
1
-3
-1
-1
-1
1
1
0
0
0
-2
-1
-1
-1
-1
-1
-1
-1
1
-1
-1
-2
0
-1
-1
-1
0
-1
0
-2
-1
-2
-1
-4
-1
0
1
0
0
-2
0
-1
0
-1
-1
-1
0
-1
0
-2
-1
-1
-1
-1
-1
-1
-1
1
0
-1
-1
-1
-1
0
-1
-1
-1
-2
-1
-1
-1
-1
-1
-2
-1
-3
0
0
-1
0
0
-1
-1
-2
-1
-1
-1
-3
-1
-1
-1
-1
1
-1
-1
0
-1
-3
-1
-1
-1
-1
0
-1
0
0
-1
-3
0
-1
1
-3
-1
-1
-1
1
-1
0
1
-1
-1
-3
-1
-1
1
-1
0
-1
0
-1
0
0
1
0
1
-1
1
0
1
-1
-1
-1
-1
0
0
-1
-1
-1
-1
0
-1
-1
-1
-1
0
0
-1
0
1
-2
-1
0
-1
-1
1
-3
-1
-1
-1
-1
1
-1
-1
-1
-1
-1
-1
-1
-1
0
0
-2
0
0
0
0
-1
-1
-1
-2
1
-1
-1
-1
-1
-1
0
-1
-1
-1
1
-2
-1
-1
-2
-1
0
-1
-1
-1
-1
-1
-1
-1
0
-2
-1
-1
-1
-1
-1
-1
0
-1
0
-1
-1
-2
-1
-1
-1
-1
-1
-2
-1
-2
-1
-1
-1
-1
-1
-1
-1
-1
0
0
1
-2
1
-4
-1
0
0
-2
-1
0
-1
0
0
-1
-1
-1
1
0
1
0
0
-1
0
-2
0
0
-1
-1
1
0
-1
-1
1
-1
0
-2
0
-1
1
-1
1
-1
0
-1
-2
-1
-1
-1
1
-2
-1
0
1
-1
0
-1
0
-1
0
1
0
-2
1
-2
1
-2
-1
-1
0
-1
1
-1
0
0
-1
-1
0
-1
-1
-1
-1
-1
0
-1
-2
-2
-1
-1
1
0
-1
-3
-1
-1
-1
0
-1
0
-1
-2
0
0
-1
-1
0
-1
-1
1
0
-1
1
-2
-1
-1
-1
-1
0
-1
0
-1
0
0
0
-1
1
-1
-1
1
0
-1
-2
-2
-1
-1
0
0
-1
-1
0
0
0
-1
-1
0
0
-1
-1
-1
1
0
0
1
1
-1
0
-1
-1
0
1
-1
-1
0
-1
0
-1
-1
1
1
1
-2
-1
-1
1
1
-1
0
-1
-2
0
2
0
0
-1
-2
0
0
-1
-1
1
0
-1
-4
-1
0
-1
-1
1
0
-1
-2
0
-1
-1
-1
1
-1
1
-2
0
-1
0
-2
1
-1
-1
-1
-1
0
0
0
0
-1
1
-1
0
-1
-1
-1
-1
0
0
-1
-1
-1
1
1
1
-1
-1
-1
1
-1
1
-1
-1
0
-1
0
0
-3
1
-3
-1
-1
-1
0
-1
1
-1
-1
-1
-1
0
-1
-1
-1
-1
-1
1
0
0
1
-1
-1
-1
0
0
-2
0
-1
0
1
-1
0
-1
-1
-1
-1
1
-1
1
0
0
1
-1
-1
-1
-1
0
-1
0
0
-1
0
0
-1
-1
-1
-1
-1
1
-1
-3
-1
-1
-1
1
1
-1
-1
1
-1
0
-1
0
-1
-1
-1
-1
-1
-1
-1
-3
-1
-1
-1
0
-2
-1
-2
-1
-1
1
-1
1
-1
-1
0
-1
1
-1
-1
-1
-2
-3
0
-1
-1
1
1
-1
-1
0
0
0
-1
-1
0
-1
-1
1
-1
-1
-1
-1
-2
-1
-1
-1
0
0
-2
1
0
-1
-1
0
0
0
0
0
-2
-1
-1
-1
-1
1
-2
0
-1
-1
-2
-1
-1
-1
0
0
-1
-1
-1
-1
-1
0
-1
-1
-1
1
-1
-1
-1
-1
-1
-1
0
0
-1
-2
-1
0
-2
2
0
-1
-1
0
0
0
-1
-1
-1
-2
-1
0
1
0
-2
-2
-1
0
-1
0
1
-3
1
0
-1
-1
-1
-1
0
-1
-1
-1
-1
1
0
-1
-1
-1
-1
-1
1
0
0
-1
0
-1
0
0
-1
-1
0
0
1
1
-1
0
-1
-1
-1
1
0
-1
0
0
0
-2
1
-1
-1
0
-1
-1
-1
-1
1
0
-1
1
-1
-1
0
0
0
-1
-1
0
1
1
-2
1
-1
-1
-2
1
0
0
0
1
-1
-1
-1
-2
1
1
-1
0
1
0
-1
-1
-1
0
1
-1
-1
0
-1
-1
1
-1
0
-1
-2
0
1
1
-1
1
-1
-2
-1
0
0
0
0
-1
0
1
0
1
-1
-1
0
-1
-1
-1
1
0
-3
1
-3
-1
-1
-1
1
0
-1
1
-1
1
-1
0
-1
0
1
0
0
-1
-1
0
-2
0
-2
0
-1
0
-2
1
0
-1
0
0
-2
-1
-2
0
0
-2
0
-1
-1
-1
-2
-1
-1
1
-1
-1
-1
1
-1
1
-1
0
-1
-1
-1
0
-1
1
1
1
-1
0
-1
-1
-1
0
-1
-1
-2
-1
-2
1
-1
0
-1
0
-1
-1
-1
-2
-1
0
-1
1
-1
1
0
1
0
1
1
-1
1
-1
-1
0
-1
0
0
-1
-1
-1
0
1
0
0
-1
-1
-1
-1
0
1
0
-1
1
1
-1
-1
1
0
-1
-1
-1
0
0
0
0
0
1
-1
1
-2
0
1
-1
-1
1
-1
-1
0
-1
-1
-1
0
0
-2
-1
1
-1
-1
0
0
-1
1
-1
1
1
-1
0
-1
0
0
1
1
-1
0
-1
-1
1
-1
1
-1
-2
1
-2
1
-1
-1
-1
-1
-1
1
0
-1
0
-1
-1
0
-1
-1
0
-1
-1
0
0
-1
0
0
0
0
-1
0
-1
-1
-1
-1
0
0
0
0
0
-1
0
-1
-1
-1
-2
0
-4
-1
-1
1
1
1
1
0
-1
-1
-1
0
-3
0
0
-1
-2
-1
-1
-1
0
0
0
1
1
0
-2
0
0
0
-1
1
-1
0
-1
-1
1
1
-1
1
1
0
-1
1
0
1
1
1
0
-1
0
0
0
1
-1
-1
-1
1
1
-1
0
0
1
0
-1
1
1
0
0
-1
-1
1
0
-1
0
2
-1
-3
0
-1
1
-2
0
1
-1
-1
-1
0
0
0
1
-1
-1
0
1
0
0
-1
0
0
-1
0
-1
0
-1
0
-1
-2
0
-1
-1
-1
0
-1
2
1
1
0
-1
-1
0
-1
0
1
-1
-1
0
-1
1
1
0
-1
-1
1
-1
0
-1
-1
-1
1
0
-1
1
-1
0
-2
1
-1
-1
1
0
1
1
-3
-1
-2
-1
-1
1
-1
-1
0
-1
-2
-1
-1
0
-1
1
-1
-1
-1
-1
0
-1
-2
-1
0
0
-2
-1
-1
-1
-1
0
-1
1
0
1
-2
-1
1
1
-1
0
-1
0
-1
1
0
1
-1
1
-2
-1
1
-1
1
-1
-2
-1
-1
0
-1
0
-1
-1
-1
-1
-2
1
-2
0
-1
-1
-1
-1
-1
-1
-1
-1
1
1
-1
-1
-1
-1
-1
0
0
0
0
-1
1
-1
-2
-1
-1
1
-1
-1
-1
-1
0
-1
0
0
0
-3
1
1
0
-1
0
0
-1
1
1
0
-1
0
-2
-1
0
-1
0
0
-1
-1
1
1
-1
0
0
-1
1
0
0
1
-1
-2
-1
0
-1
-2
-2
1
0
0
0
-1
-1
-1
0
-1
-1
1
-1
0
0
-1
0
-2
-1
0
-1
0
-1
-1
-3
0
-1
1
-1
-1
-1
0
-1
1
-1
0
1
-1
-1
1
-1
0
0
-1
0
1
1
-4
-1
-1
-1
-2
-1
0
0
0
-1
-1
-1
0
-1
0
-1
1
0
-1
-1
1
-1
2
0
1
0
1
-1
0
-1
0
-2
-1
1
-1
0
-1
0
1
-1
2
-1
0
-1
-1
0
-1
-1
0
0
1
-1
0
-1
-1
-1
0
-1
-1
-1
-1
0
0
0
-1
-1
1
0
-1
1
-1
-1
-1
-1
-1
-1
0
-1
-1
0
1
-1
-1
1
-1
-1
0
0
0
-1
-2
-1
0
0
-1
0
0
1
0
1
-1
-1
-1
-1
1
-1
0
-2
0
0
0
0
-1
-1
-1
0
0
-2
-1
0
-1
-1
-1
0
1
0
-1
-1
-1
1
0
0
-1
-1
-1
0
-1
-1
-1
-2
0
-2
0
1
1
0
1
0
-1
1
-1
-1
-1
-1
-1
-2
0
-1
-1
-1
0
1
-1
0
1
0
1
-3
-1
1
1
1
-1
-1
-1
-1
-1
0
-1
0
2
-1
0
-2
-1
-1
-1
-1
-2
0
1
-1
1
-1
-1
0
-1
-1
0
0
1
1
0
-1
0
1
-1
-1
0
0
1
-1
1
0
-1
-1
0
-1
0
-1
0
-1
1
-1
-1
0
-1
1
1
1
0
-1
0
-1
1
0
0
-1
0
0
1
0
-1
1
0
-1
0
-1
3
0
0
0
-1
-1
0
0
-1
-3
0
-1
-1
0
-1
-1
0
-1
0
-1
1
-3
-1
-1
-1
-2
0
-1
-1
-1
1
-1
-1
0
-1
-1
1
0
0
-1
0
-1
0
0
1
-1
0
-1
-1
-1
1
-1
1
-1
-1
-1
-1
-1
1
-1
-1
0
0
-1
-1
-1
-1
-1
0
1
1
-2
-1
0
-1
1
-1
-1
1
-4
-1
1
-1
-1
-1
-3
1
-1
-1
0
-1
0
0
-1
0
-1
-1
-1
-1
-1
0
-1
-1
-2
-1
-2
-1
-2
0
1
-1
-2
-1
-1
0
-1
0
-2
0
-2
0
-1
1
-1
-1
0
1
-1
1
-1
1
-1
-1
-3
0
-2
0
-1
-1
-3
-1
0
0
-1
-1
-1
-1
-1
-1
-2
0
-1
1
0
1
-1
0
-1
1
0
1
1
-1
-1
1
-2
1
-2
-1
-1
1
-1
-1
0
1
0
1
-1
0
-1
0
-1
1
-1
-1
0
0
-1
-1
-1
-1
0
0
-1
-1
0
2
0
0
-1
0
1
-1
0
1
-2
-1
1
1
-1
1
-2
1
-2
-1
-1
-1
0
-1
-1
0
-2
0
0
0
-1
-1
-2
-1
0
0
-2
2
0
1
-1
-1
-1
1
-1
-1
-1
0
-2
1
2
1
0
-1
0
0
-1
-1
0
-1
-1
-1
0
1
-1
0
0
-1
0
0
-1
0
-1
-1
-1
1
-1
-1
-1
0
0
1
-1
-1
-1
-1
0
0
-1
-1
-1
0
-2
-1
0
-1
-1
-1
-1
-1
-1
-1
-1
0
-1
-1
0
0
-1
0
-1
-1
-1
-1
1
-1
-2
-1
0
-1
-1
-1
0
0
0
-1
1
1
0
-1
-1
-1
1
-1
-1
-1
-1
0
-1
-1
-1
-1
-1
-1
-1
-1
0
-1
-1
-1
-1
-1
-1
-1
-1
0
-2
-1
-1
1
0
-2
0
-1
-1
0
1
-2
-2
0
0
-1
0
1
-1
0
-1
-1
1
0
0
0
0
1
-1
-1
-1
-2
-1
-1
-1
-1
-2
-1
-1
-1
-1
0
0
-2
-1
-1
-1
-1
-1
0
0
-1
-1
-1
0
-1
0
1
-1
-1
0
-1
-1
0
-1
0
0
0
0
1
0
0
-1
-1
-1
-1
-1
-1
1
1
-1
0
-2
-1
-1
-1
-1
1
-1
0
-1
1
1
1
-1
1
-1
0
0
-1
-1
1
-1
-1
-1
-1
0
0
1
0
-1
-1
-1
-1
0
1
-3
0
-2
-2
-3
-1
-3
0
-1
-1
0
0
-1
-1
0
-1
-1
0
-1
-2
-1
0
-1
1
-2
-1
0
1
-1
-2
-1
1
-1
-1
-1
-1
-1
-1
-1
-1
-1
1
-2
0
0
1
-1
-1
1
-1
-1
1
-1
-2
-1
1
-2
-1
-1
1
-1
1
0
-1
-1
1
-2
0
-1
-2
-1
-1
0
-1
-2
1
-1
-1
1
0
-1
1
-1
-1
-1
1
-1
0
0
-1
-1
-1
0
1
-3
0
-1
-1
0
-1
-2
1
0
0
-1
-1
-1
-1
-1
1
0
-1
-3
-1
0
-1
-1
0
-1
-1
-1
-1
-1
-1
-2
0
-2
0
0
0
-1
-1
-2
-1
-1
-1
-1
-1
-1
-1
-2
1
-3
-1
-1
1
-1
0
-1
1
-1
-2
-1
-1
-1
1
-2
-1
0
0
-2
-1
0
-1
-1
-1
0
-1
-1
-1
-2
0
-1
-1
-1
0
-4
-1
-2
0
-2
-1
-3
-1
-1
-1
-1
-1
-1
-1
-1
-1
-1
-1
-4
0
0
0
-2
-1
-1
-1
-2
0
-1
-1
-1
1
-1
0
0
0
-2
-1
-1
-1
0
-1
0
0
-1
-1
0
-1
0
-1
-2
1
-1
-1
-4
-1
0
-2
-3
-1
-1
0
-3
-1
0
1
-1
0
-2
-1
0
0
-1
0
-1
0
-4
-1
-1
0
-1
-1
-1
-1
-1
-1
0
0
-1
-1
-2
0
-1
0
-1
0
-2
-1
0
0
-1
-1
-1
-2
-1
-1
-2
0
-1
-1
-1
-1
-1
0
-2
-1
-2
-1
-1
0
-2
0
1
0
-3
-1
-1
-1
-1
-2
-2
-1
-2
-3
-1
-1
-1
1
-2
0
-1
0
-1
-1
-1
0
-1
-1
0
-1
0
0
-2
-1
-1
0
-1
0
0
-1
-1
-1
0
-1
-1
0
-1
-1
-1
1
-2
0
1
-1
-2
0
-1
0
-1
-1
-1
0
0
-1
-1
-1
-1
0
-1
0
-1
0
-1
0
-1
-1
0
0
-1
0
-1
0
0
-1
-2
-1
-1
-2
-1
-1
-1
0
-1
-2
0
-1
-1
-4
-2
0
-1
0
-1
-1
-1
-1
-1
0
-1
1
-1
-1
-1
-1
-1
1
-1
-1
0
-1
-1
0
-1
-1
-1
-1
-1
1
-1
-1
-1
-1
-1
-1
-1
-1
0
1
-1
0
-1
0
0
-2
-1
-1
-1
-2
-2
-1
0
0
-1
-1
-2
0
-1
0
-3
1
0
1
-1
0
0
1
-1
-1
-1
0
0
-359
-47
23
-361
-4
358
-361
18
-358
38
355
-62
351
-82
-349
101
119
338
332
-142
324
-162
178
312
-199
-303
-292
213
-280
231
245
262
-250
259
232
-275
-216
288
-202
298
181
-311
320
163
143
-330
-126
339
-106
344
-354
-86
-356
-65
44
-360
-361
-22
359
-1
18
359
-361
40
-62
-356
351
-83
-104
-347
-122
-340
140
331
-161
-325
311
-180
197
301
214
290
231
277
262
-248
248
-264
231
-277
214
-291
-199
299
182
-311
321
162
144
-332
-123
339
-104
346
-83
349
-63
354
-42
357
21
-361
358
-1
-20
-361
-42
-359
-354
63
83
349
-344
103
-123
-339
332
-144
323
-163
-313
180
-198
-303
-216
-291
-231
-277
-262
246
-261
-247
-276
-233
-291
-216
-302
-200
180
-314
324
161
-330
-144
124
-342
-103
344
-351
-84
62
-358
360
37
361
19
0
360
-361
18
356
-45
-355
63
-352
82
103
343
-337
123
-144
-332
-165
-324
-182
-312
199
298
289
-219
-233
-279
-263
245
-246
261
-276
-233
289
212
-303
-199
-314
-182
159
-327
332
137
-123
337
-103
343
80
-355
-357
-63
-40
357
-21
358
-3
-363
358
-26
-45
-359
-66
-358
84
349
105
344
-125
-339
-332
145
163
320
-313
180
199
297
216
286
232
274
-262
249
244
-265
-231
277
-214
289
194
-304
177
-314
-161
323
331
141
339
119
100
-347
78
-353
354
59
358
37
359
16
-5
-361
24
361
359
-45
65
355
-86
-351
-107
-344
-340
127
330
-147
165
320
-185
-311
199
300
-218
-287
273
-236
259
-251
-244
264
-228
277
211
-292
-304
-196
-315
-177
157
-325
-333
-139
-120
339
98
-349
80
-352
-356
-60
-358
-39
-18
360
4
358
25
359
-358
45
67
353
-349
85
109
344
339
-129
148
328
-321
165
-310
182
203
296
-286
218
-235
-274
-259
250
-267
-245
-281
-228
-292
-213
-194
302
314
174
-325
-159
136
-334
120
-344
-346
-100
352
75
-358
-59
-36
357
-16
358
361
-7
27
358
45
356
-68
-358
-351
88
108
342
128
335
-148
-332
168
318
-187
-310
297
-206
218
284
-274
235
-260
249
265
241
226
-283
-294
-212
-308
-194
-317
-177
-328
-158
-137
332
-119
339
-350
-98
-78
350
354
54
32
-361
361
11
361
-8
358
-30
47
355
68
352
88
349
-345
109
-338
128
326
-150
-321
167
-187
-312
202
296
-224
-287
236
270
255
-255
-245
266
-284
-227
208
-296
-194
306
-317
-174
322
156
-337
-138
-119
342
-349
-96
-356
-76
354
55
-361
-35
-16
361
-8
-361
-360
28
-359
49
351
-69
-350
91
-344
112
336
-129
-152
-329
169
320
187
308
205
298
284
-220
-269
238
-257
253
-241
269
226
-281
-208
295
-307
-191
-171
318
-153
327
136
-333
115
-342
96
-349
354
74
54
-359
-356
-35
14
-361
-8
-361
30
359
51
357
-69
-356
350
-93
-341
110
338
-135
-326
150
172
314
192
305
209
293
287
-226
272
-243
-255
250
-265
-245
284
218
-206
291
191
-311
173
-321
328
151
-134
329
-115
337
-94
344
-354
-77
-357
-57
359
27
361
4
-9
-366
358
-37
-54
-363
-76
-359
90
343
339
-119
-338
129
-155
-332
313
-175
-309
185
206
293
279
-228
-244
-274
