-310
199
199
-306
198
-303
269
190
-327
-204
-192
305
-349
-166
-156
324
100
-351
334
86
-368
-79
344
45
344
25
-24
358
346
-16
19
356
-66
-360
59
352
338
-98
331
-115
-348
134
-165
-330
-183
-317
297
-192
283
-208
-235
-281
231
271
247
257
-249
273
275
225
197
-293
180
-305
313
170
-157
327
-342
-132
-119
344
-100
349
-76
354
-362
-51
-365
-29
-363
-10
-18
-362
28
361
354
-57
71
354
-100
-349
111
342
133
335
-330
154
315
-174
303
-194
-213
-297
-286
225
239
267
-259
255
-276
-240
219
-286
201
-300
-311
-188
315
168
325
147
129
-339
-349
-112
-353
-91
352
69
358
48
359
26
361
6
-361
13
-361
34
-54
-358
-78
-355
346
-98
115
339
334
-136
325
-157
173
314
192
305
209
293
225
280
-244
-269
-254
257
-275
-240
284
219
-301
-206
-311
-189
-323
-170
-331
-151
129
-339
-112
342
88
-352
352
69
354
47
26
-361
-8
361
13
361
34
358
56
358
74
351
345
-99
339
-119
-139
-335
-327
159
-178
-316
-194
-307
-213
-294
-282
228
244
266
-253
259
-238
274
218
-288
297
202
-188
310
-321
-168
146
-330
336
128
-110
345
-352
-90
-70
355
-358
-49
-1
0
-1
-2
0
-3
-1
0
0
0
-1
1
-1
-1
-1
-1
0
0
-1
-1
-1
-1
-2
-2
-2
-1
-1
-1
-1
-1
-2
-1
-1
0
-1
-1
-2
-1
-1
-1
0
-1
-1
-1
-1
-1
-2
-1
0
-1
-3
-1
-1
-1
-1
-1
-1
0
-2
-2
-2
-2
-1
0
-3
-1
-2
-1
-3
-1
-1
2
-2
-1
-1
0
-1
-2
-1
-2
-1
0
0
-1
-1
-1
-1
1
0
-1
-1
-1
-2
0
-1
1
-1
0
-1
-1
0
0
-1
1
-1
0
-2
-1
-3
1
-1
-3
-1
0
-2
-2
-1
-1
-1
-2
-2
-1
-1
-1
-1
-1
-1
-1
0
-1
-1
0
-1
-1
-1
-1
-1
-1
-1
0
-1
-1
-1
1
-1
-1
-1
0
-1
-1
-1
-1
-1
0
-1
0
-1
1
-1
-1
-2
-2
-3
-1
-3
0
-1
-1
-2
-1
-2
-1
-1
-1
-2
-3
0
-1
-1
-1
-3
-2
-1
-1
-2
-1
-2
-1
-3
0
-2
-1
-2
-1
-1
-1
-4
0
-2
-1
-2
-1
-1
-1
-4
-1
-1
2
-2
0
-1
0
0
-1
-1
2
-1
-1
-1
1
-1
1
-1
-1
-2
1
-1
0
0
-2
-2
-1
-1
-1
-1
-1
-1
1
-1
1
-1
0
-1
0
-1
-1
-2
0
-1
-1
0
0
-2
1
-1
-1
-1
-1
-1
-1
-1
1
-1
-1
-2
-1
0
-1
-1
-1
-1
2
-1
-1
-1
0
0
-1
0
-1
-2
-1
-1
-2
0
0
-1
0
-1
0
-2
-1
-1
0
-1
0
-3
-1
-1
-2
-1
-2
0
0
-2
-1
1
-1
-1
-1
-2
0
-1
-1
-1
-1
-2
0
-1
-1
-2
-1
-1
-2
-1
0
-1
-2
-1
-1
-1
0
-1
-1
0
-1
-1
-1
-1
-1
-2
-1
-1
-1
-1
-1
-3
0
-2
-1
-1
-1
-1
-3
0
-2
0
-1
-3
-1
-2
-1
-1
-1
-2
0
-2
-1
-2
1
-2
-2
-3
-2
-3
-2
-2
-2
-2
-1
-1
-2
-1
-3
-2
0
-1
-1
-4
-1
-1
-2
-3
1
-2
-2
-3
-1
-1
-1
-2
0
-2
0
0
-1
-2
0
-1
0
-2
-1
-3
-1
0
1
-3
0
-1
1
-1
-2
-3
1
-1
-1
-1
1
-1
0
-1
0
0
-1
-1
0
0
-1
-1
0
-3
1
-2
1
-1
0
-1
-1
-1
1
0
0
-1
0
-1
1
-1
-1
-1
0
0
0
-2
0
-1
-1
-2
1
0
-1
-1
0
-1
-1
0
-1
-1
0
-2
-1
-1
-1
-1
-2
0
0
-1
1
-1
-1
-1
0
-1
-1
-1
-1
0
0
-1
-1
0
0
1
-1
-1
-1
-2
-1
-2
0
1
1
0
-1
-1
1
-1
-1
-1
-1
-1
-1
-1
-1
-1
-1
-1
0
-1
0
-1
-1
-2
-1
0
-1
-1
0
-2
-1
-1
-1
-1
-1
-2
-1
-1
-1
0
0
0
0
-1
0
0
0
0
-1
-1
-2
-1
-1
-2
0
-1
0
-1
0
-1
-1
0
0
-2
-2
-1
1
-1
-1
-3
-1
-1
0
1
-1
-2
0
-3
1
-3
-1
-1
1
-3
-1
-1
0
0
-2
-3
-1
0
1
0
1
-2
-1
-3
-1
0
0
-3
-1
-2
-1
-2
-1
-2
-1
-3
1
-1
-1
-2
1
-3
-1
-1
-1
-3
-1
-1
0
-2
1
-1
0
-1
1
-2
0
-2
-1
0
-1
0
-1
-1
0
0
0
-1
-1
-1
1
-1
0
1
1
-1
0
-1
-1
0
0
0
0
-1
-1
-3
-1
0
-1
-1
-1
-1
0
-3
-1
-3
-1
-1
0
0
0
-2
1
-1
-1
-1
-2
0
0
-1
-1
-1
-1
-1
0
-1
-1
-1
0
-1
-1
-1
-1
-2
1
-2
-1
-1
-1
0
0
-1
-1
-1
-1
-2
1
-1
-1
-1
-1
-2
1
-1
-1
-3
-1
-1
-4
-3
0
-1
1
1
0
-2
-1
-1
-1
-1
1
-1
1
-1
1
-2
0
-1
1
-1
0
-1
-2
-1
0
-2
-3
0
0
-3
-1
0
0
-1
0
-1
-1
-1
1
-1
-1
-1
0
-1
-1
0
-1
-3
0
0
-2
-2
0
-2
0
0
-1
0
-1
0
0
-1
-1
-1
-1
-1
0
-2
0
0
0
0
0
-1
-1
-1
0
-1
-1
-1
-1
-1
-2
-1
-1
0
-1
-2
-1
-1
-1
-1
-1
0
-1
0
0
1
0
-1
-1
-1
1
-1
-1
0
0
-2
-1
0
1
-1
-1
-2
0
0
1
-1
0
-1
0
-1
0
-1
0
-1
0
0
-1
-1
1
0
-1
-1
1
0
-1
1
-1
-1
0
-2
-1
-2
-2
-2
1
-2
-1
-1
0
-2
1
-1
1
0
-1
-1
-1
-1
1
-1
1
-1
0
-1
0
-2
-1
-1
0
-1
-1
-1
1
-1
-1
1
0
0
0
-1
0
-1
1
-1
0
0
-1
1
-1
-1
0
0
0
0
0
0
0
-1
0
-2
-1
0
-1
-1
0
-1
-1
-1
-1
0
-1
-1
1
0
0
-1
-1
-1
-1
-1
0
-1
0
-1
-1
0
-1
0
1
-1
-1
-1
1
-1
-1
-3
1
-1
-1
-1
0
-1
-1
-1
-1
-3
0
-1
0
0
0
-1
0
-1
1
0
0
-1
0
-1
-1
-1
1
-3
0
-1
0
0
0
-1
1
0
0
-1
1
0
0
0
2
-1
1
-1
-2
0
-1
-1
1
-1
0
-1
0
0
-1
1
1
-1
2
1
0
-1
1
-1
0
-2
1
-1
0
-2
1
-1
1
-1
0
1
-1
-1
0
-1
1
-1
1
0
0
-1
0
0
-1
-2
-1
-1
-1
0
-1
0
-1
-2
1
0
0
0
-1
0
-1
-1
0
-1
-1
0
0
-1
0
0
-1
-1
-1
-1
1
0
-2
-2
1
0
0
-1
1
0
0
-2
0
0
-1
-1
0
-1
0
-1
0
-1
0
-1
1
-1
0
-1
0
-1
-1
-3
2
0
-1
-1
0
1
-1
-1
1
-1
-1
0
0
-1
0
-2
1
-1
-2
-1
-1
0
-1
0
-1
0
-1
-1
0
-1
-1
-1
-1
0
-1
-1
1
0
1
-3
3
-1
-1
0
1
1
-1
0
0
-4
0
-2
-1
-1
0
-3
-1
0
-1
0
0
-1
0
1
1
-1
0
-1
-1
-1
-1
1
-1
0
-1
-1
-3
-1
-1
0
0
-1
1
-2
-1
0
-1
-1
-1
0
0
-3
-1
-1
-1
0
1
-1
1
0
-1
1
-1
-1
-1
0
-2
-1
-1
-2
-1
-1
0
0
1
-3
-1
-1
0
1
-1
-1
1
-2
-1
0
0
0
-1
1
-1
1
0
-1
-1
-1
-1
-1
0
-1
-1
0
-1
0
0
-1
-1
-2
-2
-1
0
-1
1
0
0
0
0
-1
-1
-1
0
-1
-1
-1
-1
-1
-1
-1
0
-1
-1
-1
1
-1
-1
-3
-1
-2
1
0
0
1
-1
1
-1
0
-1
-1
0
0
1
-1
1
-1
-1
-2
-1
-2
-1
-1
0
0
-1
-1
-1
-1
-1
0
-1
-1
0
0
1
-1
0
-2
-1
-1
-1
0
-1
0
0
-1
-1
-2
-1
-2
0
-1
0
-1
1
-1
1
-2
-3
1
-1
-1
0
0
-1
-1
-2
-1
-1
0
-1
-1
-1
1
1
-1
-1
-1
1
-1
0
-1
-1
-1
1
0
1
-1
0
0
0
0
-1
1
-1
-1
0
0
1
1
-1
-1
-1
-1
1
1
-2
0
1
-1
-2
0
-1
-2
-1
-1
0
-1
-1
-1
-1
1
0
-1
-1
-1
-1
-1
0
-1
-1
-1
-1
0
1
0
-1
0
-1
-1
-1
1
1
0
1
-1
-1
-1
1
-1
1
0
0
-2
-2
0
-1
-1
2
-1
-1
-1
1
-1
0
0
-1
-1
0
-1
0
0
0
-1
-1
-1
-1
-1
1
-1
-1
1
1
-2
-1
0
-1
0
1
1
-1
-2
1
0
0
-1
0
0
-1
1
0
-1
-1
-1
1
-1
0
-2
-1
-2
-1
-1
0
-1
-1
-1
1
-2
-1
-1
-1
1
1
-1
-1
-1
0
-2
1
-1
1
0
0
1
0
-1
-1
-1
0
-1
-2
0
1
-2
1
1
0
1
1
0
-2
-1
0
-3
0
-1
-1
1
1
0
-1
0
-1
-1
-1
-1
1
-1
-1
-1
0
0
0
1
1
0
-1
-1
-1
-1
0
1
-1
1
0
0
0
-1
0
0
0
-1
-1
1
-1
-2
-1
0
0
1
-1
1
-1
-2
-1
-1
-1
-1
-1
-1
-1
-1
-1
-1
0
0
-1
-1
-1
0
-1
-1
-2
-2
-1
-1
-1
0
1
1
-1
0
1
-1
-1
0
0
0
-1
-1
-2
-3
1
-1
0
0
0
-1
-1
1
-1
0
-1
-1
-1
0
-1
-1
1
-3
0
1
1
0
0
0
-1
0
0
-1
0
0
0
1
-1
-1
0
-1
-1
-1
-2
0
0
1
-1
1
1
-1
0
-1
0
1
0
-1
0
-1
-1
-1
0
0
1
-1
0
0
0
-1
-1
-1
-1
-1
-1
1
1
0
-1
-1
-1
-1
-2
-2
0
-1
1
-1
-1
-1
1
0
2
-1
1
-1
-1
0
-1
-1
1
-1
0
-1
0
-1
-1
0
0
-1
-1
-1
-1
0
-1
-1
-1
1
-2
0
0
0
-1
-1
-1
1
0
0
1
1
0
-1
0
0
-1
0
1
0
-1
-1
0
0
0
-1
-1
0
0
-1
-1
1
1
0
1
-1
-1
-1
-1
-1
0
-2
-1
-1
1
0
-1
1
1
0
0
0
0
-1
0
0
0
-1
0
-1
-1
-1
0
-1
-1
1
-1
-1
-1
1
-1
0
0
0
1
0
1
1
-1
-1
1
-1
-1
0
1
-1
0
-1
-1
1
-1
-1
-1
1
-1
1
-2
-1
-1
-1
0
-1
-1
-1
0
0
-1
0
0
1
-1
0
-2
-1
-1
-1
-1
1
0
1
0
-1
-1
-1
-1
0
0
0
1
1
1
1
0
-1
-1
1
-2
0
-1
1
1
-1
-1
-1
1
0
0
-1
-1
0
-1
-1
-1
0
-1
0
-1
0
-2
-1
-2
-1
1
1
-1
1
0
-1
-1
-2
-1
0
-1
-1
-1
-1
-2
1
-1
-1
0
-2
-1
-1
-1
-1
-1
0
1
-1
1
1
-2
0
0
-1
1
0
0
-1
0
-1
0
-1
-1
0
-1
0
-1
-1
1
-2
-1
0
-1
-1
-1
-1
0
0
-1
1
0
-1
-1
0
-1
1
0
1
-1
-1
-1
1
-2
-1
-1
0
-1
-1
-1
1
-1
-1
-1
-1
0
0
-2
0
-1
-1
-1
-1
-2
-1
-1
1
-1
-1
0
1
-1
0
1
0
-1
0
-2
1
-1
0
1
-1
-1
-2
-1
-1
-2
-1
-1
1
1
0
0
0
-1
1
0
-1
-1
0
-1
0
-1
-1
-1
-1
1
0
-1
0
0
0
0
0
-1
1
0
-1
1
1
0
-1
-1
0
-1
-1
1
-1
-1
-1
-1
0
0
1
-1
-1
0
0
0
0
-1
1
0
1
-1
0
-1
0
1
-1
0
-1
-1
-1
-1
-1
-1
-1
0
0
0
-1
0
1
1
1
0
0
1
-1
0
-1
-1
-1
-2
-1
0
1
0
1
0
-1
-1
-2
1
-1
-1
-1
0
0
-1
-1
-1
0
-2
0
-1
-1
0
-1
0
1
-1
0
-1
0
-2
0
0
-1
-1
-1
1
-1
0
0
-1
1
1
1
0
-1
0
1
-3
-2
0
-1
-1
0
-1
-1
0
-1
-1
-1
-1
1
0
-1
-1
1
-1
1
-1
1
-1
-1
0
-1
-1
1
0
1
-2
-1
0
1
-1
-1
-1
0
0
-1
-4
1
-1
1
-1
-1
0
0
-1
-1
-2
0
-1
1
-1
0
-2
-1
-1
-1
0
1
-1
1
-1
-1
-2
1
0
0
0
0
-1
1
-1
0
0
-1
-1
-1
0
0
-1
0
-1
-1
-1
-1
0
0
-1
0
-1
-1
0
0
-1
-1
-2
1
-3
0
-1
1
1
-1
0
0
0
0
-1
1
1
-1
-2
1
-1
-1
-1
2
1
1
0
1
-1
-1
-1
0
0
-1
-3
1
0
1
0
1
-1
0
0
1
-1
0
1
-1
-1
-1
0
-1
-1
1
-1
0
-1
0
-1
0
-1
0
-1
-1
0
0
0
-1
0
1
-1
-1
-1
-2
-2
-1
-2
1
-1
0
-1
-1
0
0
0
1
-1
-1
-1
3
-1
1
-1
-1
-1
-1
-2
0
-1
0
-1
-1
0
0
0
1
-2
0
0
-1
-2
-1
-1
-1
-2
0
-1
0
-1
-1
-1
0
-1
-1
0
-1
-1
-1
-2
0
-2
-1
-1
1
-1
1
-1
0
-1
-1
-1
0
-1
-1
-1
0
-1
-1
0
0
-1
-1
-1
-1
0
1
-1
-1
-1
0
-1
0
-1
0
-1
0
-1
-2
-1
1
-1
-1
-1
-1
0
0
0
1
-1
-1
-1
0
-2
0
-1
0
-1
0
-1
-1
-1
1
-1
1
0
1
0
-1
-1
1
-1
0
0
-1
-1
-1
0
-1
0
-1
0
1
-2
1
-1
-1
0
0
-1
0
-1
1
0
0
-1
-1
-2
-1
0
1
-1
0
0
0
-1
1
0
0
-1
0
-1
0
0
0
-1
0
-1
-1
-1
1
-1
0
-1
1
-1
-2
0
-1
0
0
-1
-1
-1
-2
-1
1
-1
-2
-2
-1
-2
-1
-1
-1
-1
-1
-1
1
-1
0
1
0
0
-1
-1
0
1
0
-1
-2
0
0
-1
-1
-1
-1
0
-2
-2
-1
-1
0
0
0
1
0
0
-1
-2
-1
0
1
-1
0
-1
-1
0
-1
-1
0
-2
1
-2
-1
-1
-1
-1
-1
0
0
0
0
0
-1
-1
1
1
0
-1
0
0
-1
0
0
-1
1
-2
1
-2
0
0
1
-1
0
-1
-1
0
-1
-1
1
-1
-1
-1
-1
0
0
-2
-1
-1
1
-2
0
0
-1
-2
1
-2
-2
-1
1
-2
-1
-2
-1
-1
0
-3
-1
0
0
0
1
-1
-1
-1
0
-2
0
-3
1
-1
1
-1
1
0
1
-1
1
-1
1
0
-1
0
0
-1
-1
0
-1
0
0
-1
1
-1
1
0
1
-1
0
-1
0
0
-1
-3
-1
-1
0
1
0
-1
0
-2
1
-1
0
0
0
0
-1
1
-1
-1
1
0
0
-1
-1
1
-1
-1
-1
-1
-1
-1
0
0
0
-1
-1
-1
-1
-2
0
0
1
-2
1
-1
-1
-1
-1
1
-1
0
1
-1
0
-1
1
-1
0
-1
0
-1
0
0
-1
-1
-1
0
-1
-1
-2
0
-1
-2
0
-1
-1
-1
-1
-1
0
-1
-2
-1
-1
-2
0
-1
0
-1
0
-2
1
0
-1
-1
-2
-1
0
-1
1
0
-1
1
0
0
-1
-1
-1
1
-1
-1
1
-1
0
0
-1
0
-1
-1
-1
-1
-1
-1
-1
-1
-1
0
0
-1
1
-2
-1
0
-1
0
-3
-1
-1
-2
0
-1
1
-2
-1
-1
-1
-1
-1
-2
0
-1
-1
-1
1
-2
-1
-3
0
-2
-1
-1
1
-1
-1
0
-1
-1
-1
-1
0
-1
2
0
-1
-2
1
-2
-1
-1
1
-4
-2
-1
-1
-1
2
-1
0
0
0
0
-1
-1
-1
-1
0
-2
1
-1
0
-2
0
-2
-1
-2
-1
-2
0
-2
-1
-1
0
-1
-1
-1
1
-1
0
-1
-1
-3
-1
-2
0
0
1
-1
0
0
-1
-2
-1
-4
-1
-1
1
-3
-1
-2
-1
-1
-1
-1
-1
-1
1
-2
-1
-1
0
-2
1
-2
0
-1
1
-1
0
-1
-1
-2
1
-4
-1
0
1
-1
-1
0
-1
0
0
0
-1
-2
0
0
0
0
-1
-1
-1
-2
0
-1
-1
-1
-1
-1
0
-3
-1
-2
-1
-1
-1
-2
0
0
-1
-3
-1
-1
-1
-4
-1
-1
-1
-2
1
-2
1
-3
0
-3
1
-1
0
-1
-2
-1
1
-2
-1
-2
-1
-1
-2
-1
1
-2
-1
0
0
0
-1
-4
-1
-1
-1
-1
-1
-2
-1
-1
0
-2
-1
-2
-1
-1
-2
-1
0
-1
-1
-1
-1
-1
-1
-1
1
-1
-1
0
0
-1
-1
-1
0
-2
-1
0
0
-1
0
-1
0
0
0
-1
-1
-1
0
-1
-1
0
-1
0
1
-2
-1
-1
0
-2
-1
0
-1
-2
0
-1
1
0
-1
1
0
0
1
-2
0
-1
0
-1
0
-1
-1
-2
1
-3
0
-1
0
0
-1
-1
1
-1
-1
-2
-1
-1
0
0
-1
0
-1
-1
1
-1
-1
0
-1
-1
0
-1
0
0
0
-1
0
0
-1
-2
0
-1
0
-1
-1
0
0
-2
-1
-2
0
0
-1
-2
-1
-1
0
-1
1
-1
0
-1
-1
-1
-1
-1
0
0
-1
-1
0
0
2
-1
-1
-1
1
-1
-1
-1
-1
-2
1
-3
-1
-1
0
-2
-1
-1
-1
-3
-1
-2
-1
-2
1
-1
1
-2
-1
-1
-1
0
1
-1
-1
-1
-1
-2
-1
-2
-1
-2
-2
-1
0
-1
1
-1
-45
357
-363
-25
-363
-4
-361
19
359
-40
-63
-358
81
352
344
-104
120
339
-142
-334
159
323
-314
178
302
-199
-216
-292
-279
230
-265
245
249
-263
231
-277
-291
-218
-200
301
311
180
-163
321
-146
330
339
125
105
-344
-85
350
354
61
40
-360
-23
358
-362
-2
-361
19
-41
-359
-63
-357
350
-83
-105
-346
339
-125
141
331
324
-163
-313
179
-199
-304
289
-217
276
-233
-249
-263
-264
-249
-233
275
-291
-216
-199
302
-182
312
163
-324
143
-333
123
-341
-347
-105
83
-354
-356
-64
358
40
-22
359
-1
-361
-21
-363
42
358
63
356
83
351
344
-105
340
-124
-144
-333
-322
161
180
311
-198
-302
216
288
-232
-276
249
261
247
-263
233
-280
214
-291
200
-304
180
-316
163
-324
330
139
-339
-125
-346
-105
353
79
356
59
-360
-44
-18
359
-362
1
-362
21
46
356
65
354
-352
83
106
342
126
337
330
-146
321
-165
-313
181
-200
-303
-290
216
275
-236
-249
-265
262
243
278
228
-290
-216
-197
301
-316
-181
-325
-163
333
139
339
119
348
98
-82
350
356
57
358
35
-361
-23
-363
0
359
-25
-358
42
-65
-358
-353
84
-346
105
124
336
-147
-331
-165
-322
312
-186
-201
-301
-291
216
-235
-276
-252
-263
-266
-245
-279
-231
211
-291
193
-304
-180
313
-160
324
333
140
340
119
345
100
-82
352
357
59
38
-361
-361
-18
2
361
359
-25
358
-45
65
354
350
-88
-344
107
-338
127
144
329
-168
-320
310
-184
-300
201
-219
-287
235
274
-260
250
-247
265
278
226
-293
-211
-195
304
-177
315
325
158
139
-334
340
121
-348
-99
351
78
-58
356
-38
359
16
-361
5
360
-360
25
47
358
-355
67
-351
87
107
344
338
-130
-148
-332
168
320
-185
-314
-299
202
286
-221
-274
236
-251
-261
-267
-246
279
227
-293
-214
194
-306
-175
314
158
-327
136
-336
-342
-119
-348
-99
-78
350
-356
-59
36
-363
361
11
4
358
-361
25
46
357
-69
-357
91
347
-111
-346
337
-133
-329
146
320
-170
-187
-312
-204
-301
-221
-288
-238
-275
251
256
-269
-246
226
-282
-211
292
-195
304
-176
313
-156
323
-137
332
-345
-119
-348
-101
75
-355
-359
-60
-36
356
-362
-16
360
-8
-29
-363
-359
46
-355
68
-351
89
-113
-346
334
-133
-151
-331
317
-170
308
-190
-206
-300
284
-223
238
268
-255
-258
-269
-244
223
-283
292
209
-310
-194
170
-317
-156
323
-138
334
-345
-117
94
-347
351
75
356
53
31
-361
-361
-13
-11
-362
-362
30
49
358
-355
72
349
-91
342
-110
-132
-335
-330
151
-171
-317
-310
189
205
298
284
-222
-240
-271
-254
-256
-270
-240
-282
-224
-294
-209
-308
-190
317
173
325
154
136
-334
-342
-115
97
-348
-352
-74
358
55
-33
361
13
-362
9
358
-359
30
-355
51
356
-72
94
348
344
-115
337
-136
-151
-330
172
315
-187
-310
-295
204
286
-227
272
-242
255
253
241
-272
-223
280
-206
293
190
-310
173
-322
-327
-156
-334
-138
-342
-117
94
-354
73
-359
52
-361
-361
-37
-361
-14
363
-15
356
-37
-55
-361
351
-79
-96
-354
339
-119
-339
129
-330
148
168
314
-192
-310
293
-211
279
-227
267
-243
