-28
91
-43
146
-41
190
-24
204
-10
190
-8
148
-21
93
-49
40
-83
-1
-111
-22
-118
-23
-95
-14
-38
-16
37
-42
104
-98
145
-174
147
-243
121
-283
95
-290
78
-281
87
-275
99
-283
92
-299
60
-298
21
-271
-1
-215
11
-149
49
-105
86
-95
90
-107
49
-109
-11
-73
-64
-1
-81
84
-63
149
-35
175
-21
165
-29
146
-45
135
-42
132
-9
114
36
59
62
-32
41
-127
-19
-185
-81
-176
-103
-113
-62
-40
26
-6
105
-35
124
-105
63
-158
-48
-148
-151
-57
-188
86
-139
214
-30
272
79
231
134
118
102
-11
3
-100
-117
-110
-202
-50
-216
42
-164
116
-77
141
1
112
39
54
34
3
6
-17
-11
-6
0
8
30
-1
60
-46
58
-116
16
-178
-47
-204
-101
-184
-115
-134
-80
-89
-20
-73
36
-96
60
-139
41
-173
-6
-180
-63
-151
-113
-93
-148
-16
-159
70
-140
151
-88
211
-12
225
60
180
92
84
57
-24
-37
-93
-149
-83
-221
4
-209
123
-117
210
6
224
99
166
118
78
66
19
-18
21
-81
77
-98
148
-76
192
-47
193
-37
164
-54
128
-81
107
-98
101
-95
101
-76
93
-45
78
-8
61
37
38
91
4
135
-57
145
-139
95
-214
-6
-244
-119
-197
-192
-86
-187
42
-114
130
-20
139
40
81
29
1
-34
-44
-100
-27
-124
31
-89
89
-18
107
49
80
85
30
88
-18
76
-43
65
-57
56
-74
34
-95
-10
-108
-66
-87
-101
-31
-87
35
-21
73
58
46
103
-37
72
-134
-19
-186
-123
-156
-181
-54
-158
62
-71
134
27
128
82
63
66
-17
0
-62
-76
-59
-129
-24
-146
8
-150
12
-164
0
-200
-5
-240
23
-244
89
-187
163
-69
197
72
160
182
51
218
-95
169
-225
66
-284
-40
-262
-95
-180
-84
-89
-21
-35
46
-39
77
-85
54
-127
-4
-125
-51
-67
-44
23
20
97
117
117
197
71
218
-11
170
-79
88
-98
17
-65
-10
-17
-1
4
11
-26
-19
-91
-103
-142
-216
-137
-306
-64
-324
53
-255
161
-127
214
11
192
105
120
141
41
129
-3
101
3
91
50
111
110
156
156
213
168
252
142
260
88
227
27
161
-18
81
-28
18
1
3
49
44
83
123
72
197
0
226
-107
190
-206
108
-251
25
-223
-17
-142
2
-52
58
-1
112
-4
126
-44
89
-88
20
-107
-52
-92
-105
-62
-134
-33
-151
-16
-163
-1
-168
17
-151
35
-109
42
-62
20
-39
-30
-63
-81
-129
-93
-199
-36
-228
73
-180
189
-71
252
47
229
115
134
101
17
20
-56
-73
-59
-117
-4
-93
54
-18
71
56
24
87
-54
64
-117
16
-129
-11
-87
11
-31
74
0
138
-21
158
-81
121
-134
47
-141
-21
-90
-37
-2
9
76
95
105
177
77
222
13
219
-47
195
-76
170
-69
168
-51
182
-50
184
-74
146
-108
66
-122
-31
-88
-104
-6
-122
94
-78
167
-6
175
49
117
48
25
-14
-54
-108
-71
-187
-21
-206
72
-152
165
-47
211
63
192
136
116
146
19
96
-59
11
-94
-72
-85
-127
-49
-144
-13
-129
-6
-108
-37
-100
-100
-119
-171
-159
-226
-199
-244
-218
-232
-204
-206
-165
-183
-122
-173
-97
-163
-93
-129
-88
-55
-54
47
25
144
136
191
235
160
268
69
209
-32
76
-81
-71
-43
-163
63
-162
180
-83
245
21
224
87
135
87
32
42
-30
-1
-33
-1
-2
48
18
108
-12
133
-83
88
-156
-14
-180
-129
-126
-202
-7
-202
133
-136
243
-39
294
51
284
107
240
128
182
124
134
109
96
87
69
62
53
37
49
18
51
5
57
-4
59
-16
59
-35
62
-56
76
-63
103
-47
129
-11
129
23
91
25
25
-21
-38
-98
-59
-170
-21
-188
55
-137
124
-36
139
64
79
109
-32
83
-142
9
-204
-67
-201
-106
-154
-101
-102
-73
-72
-56
-62
-60
-47
-76
-4
-74
66
-34
134
30
168
81
146
83
88
23
33
-80
22
-177
62
-231
131
-233
190
-202
205
-172
177
-163
126
-175
81
-181
60
-165
53
-122
42
-66
15
-17
-28
13
-69
30
-98
39
-112
44
-123
34
-134
-1
-139
-62
-120
-127
-64
-167
21
-158
104
-109
146
-58
122
-47
49
-99
-27
-190
-54
-262
-13
-263
69
-176
128
-42
110
69
4
100
-144
40
-263
-66
-295
-144
-234
-149
-134
-86
-62
-3
-57
31
-108
-12
-159
-109
-147
-194
-54
-207
89
-132
212
-2
257
117
207
173
96
151
-18
81
-91
7
-107
-33
-91
-36
-76
-17
-81
-1
-100
6
-124
11
-140
16
-146
20
-149
15
-144
-6
-119
-23
-54
-13
40
49
138
155
192
263
170
317
74
274
-47
148
-131
-16
-134
-152
-58
-209
52
-186
138
-117
160
-46
122
1
49
26
-25
47
-93
73
-158
91
-233
81
-309
35
-354
-31
-345
-76
-276
-69
-176
-7
-95
78
-67
139
-99
146
-159
99
-206
32
-217
-23
-196
-46
-167
-48
-153
-45
-154
-45
-158
-45
-153
-30
-141
1
-137
29
-148
31
-170
1
-171
-40
-131
-54
-54
-21
22
48
46
106
1
99
-90
13
-169
-111
-181
-206
-118
-220
-25
-154
30
-62
5
-11
-83
-39
-170
-113
-191
-175
-127
-163
-18
-79
65
22
81
79
35
59
-16
-18
-20
-88
40
-107
118
-79
163
-47
141
-64
74
-137
23
-229
28
-274
88
-239
156
-142
168
-45
104
-7
-5
-44
-89
-113
-99
-153
-36
-125
52
-45
107
38
98
74
50
52
7
3
0
-34
25
-37
49
-21
44
-25
8
-59
-26
-103
-26
-119
13
-74
60
21
69
121
18
180
-76
178
-168
135
-218
89
-218
62
-194
44
-175
6
-164
-64
-134
-146
-52
-192
83
-159
226
-54
310
62
293
123
192
82
73
-33
9
-153
35
-206
125
-173
208
-87
224
-16
168
4
79
-29
12
-65
-9
-66
-11
-41
-40
-33
-117
-87
-209
-216
-248
-363
-177
-434
-1
-370
209
-177
347
62
345
238
209
281
22
197
-115
57
-136
-45
-54
-59
62
0
138
67
137
85
81
31
28
-63
30
-139
96
-147
193
-83
262
17
257
100
177
122
57
78
-53
-10
-110
-94
-108
-144
-62
-146
-6
-112
31
-71
37
-40
20
-28
-8
-32
-32
-40
-54
-47
-82
-62
-117
-91
-157
-135
-189
-182
-197
-213
-181
-214
-154
-186
-136
-146
-136
-115
-153
-102
-157
-98
-136
-77
-86
-27
-25
47
14
115
13
144
-14
119
-33
63
-16
14
47
6
121
35
164
70
149
63
93
1
39
-89
34
-152
89
-145
168
-63
215
47
187
124
91
134
-22
82
-105
11
-120
-35
-85
-42
-42
-29
-23
-32
-27
-67
-26
-117
6
-146
74
-129
144
-72
177
-18
162
1
117
-18
82
-47
93
-39
136
19
170
107
153
165
77
153
-17
71
-72
-37
-46
-101
51
-88
165
-8
231
86
213
131
124
100
17
6
-52
-105
-58
-185
-8
-213
67
-187
138
-121
186
-30
202
72
182
167
119
229
15
228
-104
158
-199
36
-227
-84
-172
-147
-53
-128
74
-43
148
54
136
105
54
78
-48
-16
-114
-132
-105
-211
-28
-220
78
-157
167
-54
204
54
181
129
117
159
40
151
-24
119
-57
90
-64
71
-55
62
-49
52
-54
26
-66
-23
-66
-82
-40
-129
21
-142
102
-109
179
-45
223
24
226
72
195
87
154
78
126
64
116
52
117
51
118
48
112
41
107
33
107
35
112
49
113
74
95
90
59
83
12
57
-23
23
-35
-1
-26
-11
-16
-13
-17
-32
-24
-70
-18
-111
21
-122
91
-82
156
-2
178
76
130
105
34
63
-65
-28
-114
-110
-95
-140
-38
-109
1
-56
-12
-33
-70
-68
-127
-134
-131
-182
-71
-163
17
-76
69
25
46
77
-42
47
-137
-42
-175
-131
-133
-158
-41
-112
40
-30
58
28
18
30
-37
-10
-59
-45
-31
-38
21
8
50
57
32
66
-21
21
-57
-42
-41
-69
25
-30
93
59
101
141
28
151
-94
76
-197
-44
-219
-138
-148
-147
-29
-65
70
61
97
169
56
220
-21
211
-78
183
-93
163
-78
162
-63
159
-68
131
-84
73
-88
4
-57
-42
2
-44
61
-13
87
17
66
16
15
-26
-25
-84
-23
-117
30
-90
105
1
158
129
151
241
75
298
-50
279
-177
195
-264
83
-280
-16
-228
-64
-132
-51
-33
9
30
84
38
132
-7
132
-71
84
-122
13
-130
-50
-98
-82
-40
-76
14
-52
45
-33
52
-30
54
-40
66
-43
95
-26
131
16
153
66
145
108
107
123
50
114
-8
81
-57
41
-91
-6
-112
-56
-121
-104
-110
-136
-81
-143
-40
-119
-10
-77
-4
-36
-26
-19
-65
-28
-95
-46
-94
-47
-67
-15
-33
40
-19
95
-39
118
-82
99
-117
53
-117
8
-76
-8
-13
4
42
28
70
40
75
31
71
11
78
1
95
14
103
40
84
54
27
31
-44
-32
-98
-112
-102
-173
-55
-185
18
-144
81
-81
107
-24
95
3
63
1
37
-12
28
-21
31
-21
31
-19
23
-25
5
-37
-8
-44
-9
-35
-5
-3
-7
38
-29
70
-66
81
-101
71
-113
67
-88
91
-36
149
13
229
30
294
4
314
-47
278
-94
201
-102
122
-59
74
19
76
100
117
146
170
141
200
95
190
40
153
8
112
18
106
57
146
98
216
99
276
52
288
-33
229
-109
117
-135
-4
-88
-84
13
-97
122
-57
185
-13
174
-9
110
-71
34
-175
-4
-276
16
-331
72
-327
122
-283
132
-243
93
-238
35
-269
-8
-311
-8
-330
34
-310
91
-255
133
-185
149
-121
141
-71
122
-37
101
-13
77
-1
51
-6
28
-30
19
-59
34
-73
71
-62
111
-36
132
-14
127
-18
109
-49
109
-76
138
-70
188
-16
218
61
196
112
110
97
-3
16
-82
-84
-86
-134
-17
-96
61
14
81
129
6
171
-137
111
-275
-22
-331
-152
-279
-206
-151
-163
-25
-57
37
41
19
82
-47
58
-102
1
-107
-42
-66
-43
-11
-16
22
13
20
11
-2
-23
-14
-69
4
-102
54
-105
115
-77
171
-28
204
34
212
95
191
146
140
170
69
157
-8
106
-65
32
-78
-32
-46
-62
19
-49
85
-11
126
27
136
43
127
40
121
30
130
33
141
49
139
65
116
70
71
59
21
38
-25
17
-64
-6
-106
-38
-149
-92
-173
-157
-152
-202
-76
-186
40
-96
144
42
186
170
145
230
45
195
-55
93
-100
-18
-69
-91
11
-110
95
-98
145
-85
167
-87
178
-86
207
-54
247
23
266
121
236
196
153
220
51
194
-29
153
-64
132
-66
142
-76
153
-122
125
-192
42
-248
-71
-246
-156
-173
-167
-66
-98
16
9
31
99
-22
134
-98
121
-148
95
-149
91
-115
110
-78
129
-57
124
-45
92
-13
57
53
52
134
87
190
132
182
143
113
89
23
-21
-37
-136
-36
-205
12
-203
67
-150
88
-86
62
-42
11
-21
-31
-8
-49
16
-49
51
-54
77
-69
77
-90
54
-95
25
-78
11
-57
9
-53
-1
-79
-48
-117
-123
-127
-197
-87
-219
-4
-166
75
-64
101
28
59
57
-15
19
-57
-42
-22
-59
75
-3
171
97
199
167
136
150
33
43
-36
-84
-16
-147
74
-101
160
22
155
135
34
151
-148
59
-292
-80
-315
-171
-214
-145
-54
-12
66
151
91
257
37
264
-30
199
-39
126
28
104
131
141
205
199
206
222
136
186
41
103
-34
16
-66
-40
-68
-52
-69
-38
-84
-23
-115
-14
-138
-8
-142
6
-128
26
-107
44
-91
45
-76
26
-45
-1
4
-17
61
-13
107
-6
123
-13
105
-49
76
-105
61
-160
74
-181
106
-165
134
-122
138
-79
115
-52
81
-44
51
-42
39
-38
34
-37
27
-49
14
-83
6
-129
24
-163
67
-158
119
-114
143
-55
116
-21
42
-35
-46
-89
-100
-144
-97
-157
-51
-107
-4
-17
-4
57
-63
74
-152
17
-220
-78
-221
-156
-147
-173
-40
-121
51
-37
81
31
47
48
-16
17
-66
-34
-73
-69
-40
-66
11
-31
53
13
71
54
77
83
80
112
87
146
90
182
74
203
30
188
-28
136
-78
56
-98
-16
-80
-60
-36
-67
8
-42
33
-6
30
27
5
49
-31
56
-69
49
-110
23
-145
-25
-164
-90
-152
-148
-100
-170
-13
-141
74
-64
124
28
115
95
47
111
-45
77
-117
28
-144
-3
-127
6
-92
49
-70
96
-75
120
-91
113
-93
94
-59
90
8
118
81
170
129
220
133
235
100
197
56
118
31
21
45
-61
98
-103
170
-96
236
-52
271
11
263
65
214
90
139
77
64
36
24
-6
25
-24
63
2
109
59
131
115
110
141
60
117
15
66
4
23
35
18
84
54
109
95
84
100
14
45
-58
-59
-86
-165
-50
-233
35
-240
128
-206
187
-168
210
-144
216
-130
226
-98
248
-29
257
64
217
137
115
146
-24
83
-145
-25
-198
-124
-173
-165
-98
-139
-25
-80
8
-29
1
-9
-18
-7
-17
3
4
41
23
88
8
115
-44
91
-104
25
-131
-42
-100
-62
-32
-15
23
64
19
117
-56
100
-158
12
-222
-103
-206
-175
-119
-173
-6
-100
66
-13
69
35
19
27
-40
-21
-64
-66
-41
-81
4
-61
37
-33
35
-24
12
-47
-11
-85
-8
-113
22
-114
62
-85
86
-47
81
-19
48
-14
2
-30
-40
-54
-66
-74
-76
-81
-77
-72
-76
-55
-81
-40
-94
-35
-111
-52
-112
-81
-88
-108
-26
-110
65
-67
161
10
223
88
226
130
173
104
100
19
45
-93
42
-179
84
-215
141
-202
175
-163
172
-130
139
-100
103
-64
82
0
65
91
28
179
-47
218
-149
185
-234
93
-253
-6
-176
-59
-31
-33
125
50
230
137
247
168
197
123
127
16
90
-99
105
-176
161
-196
219
-165
244
-110
225
-60
172
-24
105
4
40
28
-13
54
-59
79
-96
101
-123
117
-144
129
-157
133
-165
122
-173
91
-170
45
-151
-5
-104
-41
-34
-45
47
-13
118
45
159
120
160
187
119
236
43
252
-59
226
-173
148
-272
30
-330
-103
-318
-211
-235
-247
-103
-206
30
-98
112
25
122
111
74
135
14
112
-11
83
16
91
76
147
125
223
121
269
56
248
-33
158
-94
36
-88
-59
-10
-86
100
-39
191
54
218
144
178
191
92
187
1
143
-63
88
-88
40
-85
6
-68
-15
-47
-37
-29
-62
-15
-93
-2
-127
11
-163
23
-197
35
-222
50
-226
68
-202
77
-151
62
-86
15
-28
-60
5
-144
11
-206
5
-229
13
-206
48
-159
110
-108
177
-80
221
-73
223
-72
184
-58
120
-17
56
45
6
114
-22
167
-33
190
-37
179
-43
136
-55
68
-81
-14
-123
-93
-178
-151
-233
-165
-266
-131
-250
-60
-180
17
-70
68
44
79
127
59
166
35
173
34
178
61
204
96
256
103
309
66
337
-16
324
-112
276
-194
220
-247
179
-284
152
-317
125
-357
73
-392
-1
-394
-76
-344
-119
-250
-117
-146
-81
-67
-44
-28
-39
-16
-69
6
-107
60
-112
136
-69
198
6
209
72
159
89
74
53
1
-5
-25
-41
-6
-32
28
8
33
42
-1
38
-52
-10
-83
-67
-65
-94
-11
-71
40
-13
52
36
10
44
-61
10
-116
-39
-129
-60
-100
-40
-61
16
-42
73
-57
103
-89
99
-110
78
-103
57
-69
42
-27
25
18
-4
69
-35
139
-47
227
-18
309
49
356
126
338
171
261
158
163
98
93
28
73
-6
88
8
97
44
63
51
-11
-3
-87
-107
-109
-211
-47
-252
78
-203
206
-83
272
43
247
118
155
121
48
69
-21
10
-38
-19
-25
-13
-14
2
-30
-1
-62
-32
-81
-71
-64
-84
-13
-49
42
22
62
97
26
133
-54
112
-144
42
-203
-42
-209
-103
-173
-123
-116
-101
-65
-59
-38
-13
-31
25
-34
55
-35
82
-37
103
-33
115
-26
117
-10
111
23
116
71
141
124
192
155
252
148
293
90
290
0
231
-88
133
-144
28
-148
-47
-112
-75
-61
-64
-29
-41
-25
-27
-42
-32
-60
-46
-61
-54
-44
-49
-22
-35
-9
-30
-10
-37
-7
-53
11
-56
45
-26
78
31
77
89
27
107
-66
65
-163
-26
-213
-119
-194
-165
-117
-136
-26
-47
21
56
5
116
-65
115
-139
69
-173
18
-153
3
-98
27
-52
69
-45
88
-80
61
-124
-6
-141
-79
-107
-115
-35
-91
39
-20
71
58
37
98
-47
75
-139
1
-190
-85
-173
-131
-95
-107
4
-18
74
97
78
182
17
199
-70
144
-133
57
-129
-10
-60
-14
38
42
106
118
105
158
40
129
-45
41
-95
-59
-79
-109
-9
-84
64
-6
81
74
24
101
-80
58
-177
-33
-214
-112
-176
-141
-96
-110
-17
-49
23
4
24
23
6
12
1
-6
18
-11
46
-1
67
11
68
8
57
-5
54
-15
61
-6
76
29
78
67
49
83
-4
66
-58
16
-87
-40
-73
-77
-28
-83
23
-69
58
-52
68
-52
59
-66
45
-88
35
-107
23
-117
4
-124
-25
-134
-64
-147
-100
-156
-131
-158
-154
-152
-172
-146
-180
-143
-175
-136
-141
-112
-83
-61
-15
18
42
103
67
171
57
199
23
187
-8
148
-23
107
-18
71
-10
47
-8
22
-21
-11
-43
-49
-59
-88
-62
-116
-47
-126
-21
-119
10
-98
42
-60
73
-10
93
42
91
83
66
98
24
75
-18
28
-37
-21
-28
-42
-4
-36
11
-9
-3
9
-51
3
-110
-32
-151
-69
-151
-81
-115
-47
-67
21
-36
99
-42
153
-83
158
-135
112
-171
37
-169
-42
-125
-102
-53
-124
24
-113
77
-81
86
-55
44
-60
-35
-110
-116
-191
-164
-274
-154
-310
-88
-274
1
-172
71
-35
87
86
48
154
-17
160
-66
127
-69
88
-24
66
48
64
119
71
169
71
194
61
202
44
193
21
167
-6
121
-49
64
-105
14
-156
-11
-182
-8
-161
6
-98
6
-14
-28
52
-90
83
-155
78
-190
59
-182
49
-139
56
-82
71
-28
80
16
76
61
70
109
75
155
94
182
117
178
128
143
115
95
85
53
57
26
42
1
33
-32
12
-69
-33
-95
-91
-83
-137
-21
-139
66
-88
139
-21
161
24
130
8
78
-61
49
-141
71
-188
126
-187
177
-153
187
-123
155
-119
107
-127
77
-116
73
-63
64
17
16
75
-80
71
-193
-6
-258
-106
-233
-159
-122
-124
13
-15
101
102
99
154
28
117
-45
16
-59
-80
2
-117
101
-93
182
-42
205
-17
185
-25
159
-47
163
-42
187
7
196
73
149
98
45
46
-71
-72
-134
-199
-106
-265
-6
-233
100
-124
141
-8
86
48
-37
18
-160
-68
-217
-148
-185
-163
-88
-93
16
40
76
182
71
288
17
333
-46
325
-81
293
-68
269
-11
274
57
304
107
339
119
351
87
318
33
246
-18
151
-44
65
-46
3
-38
-40
-42
-76
-58
-122
-69
-166
-53
-181
0
-139
65
-41
98
68
69
134
-16
116
-107
25
-143
-78
-81
-125
50
-81
185
23
249
114
215
131
127
62
52
-45
49
-111
112
-98
187
-24
204
49
142
61
35
4
-47
-75
-56
-110
5
-65
76
39
97
136
43
170
-45
138
-115
75
-121
41
-72
57
-17
100
-3
121
-36
86
-82
3
-89
-78
-37
-112
52
-78
124
-15
134
27
82
10
6
-59
-47
-144
-48
-207
3
-228
74
-208
144
-164
199
-102
245
-21
279
78
281
173
235
228
144
214
34
126
-47
1
-64
-110
-13
-173
74
-181
151
-163
190
-141
194
-134
191
-126
187
-98
185
-52
166
-3
120
22
61
16
16
2
15
16
54
76
97
165
105
243
64
266
-3
231
-54
167
-54
119
-12
115
40
136
56
147
31
119
-9
60
-22
8
9
4
65
50
100
114
85
143
28
117
-19
57
-16
18
49
42
136
124
183
211
149
240
51
185
-56
69
-112
-49
-95
-112
-37
-113
10
-83
9
-69
-33
-91
-74
-127
-74
-138
-29
-96
28
-18
57
58
38
86
-5
60
-32
9
-11
-25
47
-18
107
11
122
21
80
-21
12
-106
-37
-196
-36
-238
4
-205
37
-117
18
-26
-70
17
-197
-4
-302
-59
-337
-101
-288
-86
-185
-4
-79
111
-18
206
-16
241
-49
201
-76
108
-61
7
6
-62
103
-84
187
-75
225
-64
204
-88
144
-148
85
-224
64
-274
88
-265
139
-192
171
-83
151
6
74
35
-21
3
-88
-59
-88
-98
-26
-85
59
-23
112
48
103
75
35
29
-47
-77
-89
-199
-67
-288
19
-311
130
-267
226
-183
275
-91
270
-19
226
15
155
4
82
-49
29
-134
17
-223
54
-282
136
-286
236
-230
313
-135
330
-45
278
4
175
-7
64
-65
-12
-134
-33
-179
-8
-184
45
-153
97
-107
135
-56
158
-11
173
25
176
52
170
63
145
50
111
11
76
-47
52
-105
45
-148
47
-167
47
-168
35
-161
10
-155
-22
-154
-47
-149
-59
-144
-55
-132
-37
-118
-6
-100
35
-81
89
-50
146
-8
199
45
231
105
225
152
177
166
86
135
-27
50
-133
-67
-198
-190
-201
-273
-139
-278
-41
-198
48
-56
82
92
42
189
-57
206
-164
152
-226
73
-214
16
-145
6
-62
29
-16
45
-22
15
-64
-67
-94
-168
-78
-236
-15
-236
62
-175
105
-85
89
-11
21
18
-64
7
-124
-16
-138
-25
-112
-9
-71
15
-37
32
-15
25
7
0
40
