-52
25
-35
54
4
78
61
84
113
72
149
41
158
6
141
-19
106
-30
62
-19
23
11
7
47
16
70
37
61
54
18
49
-50
13
-116
-37
-156
-77
-165
-88
-158
-67
-152
-32
-159
-6
-175
-3
-173
-8
-144
-1
-86
32
-24
81
16
118
16
112
-9
54
-30
-33
-18
-114
28
-156
88
-161
127
-148
132
-140
105
-143
74
-144
62
-115
65
-51
62
30
32
94
-33
107
-97
78
-122
35
-86
26
2
71
91
152
129
218
95
221
11
140
-66
9
-88
-110
-33
-159
69
-117
159
-8
182
108
115
171
-18
152
-156
66
-243
-41
-244
-117
-165
-128
-49
-82
54
-4
107
59
106
77
74
51
46
1
42
-35
64
-38
86
-14
83
15
42
22
-24
-4
-81
-47
-99
-74
-66
-59
-1
6
62
92
95
168
91
206
62
191
35
141
28
70
47
-6
84
-72
133
-122
178
-146
214
-141
225
-110
185
-80
90
-85
-52
-149
-198
-265
-293
-389
-300
-462
-220
-441
-94
-329
11
-179
47
-53
18
4
-38
-9
-69
-53
-40
-78
39
-63
124
-15
177
33
179
53
141
40
94
7
59
-21
36
-33
21
-30
1
-21
-23
-2
-44
27
-63
66
-91
100
-138
102
-206
48
-263
-54
-272
-168
-206
-242
-76
-240
68
-173
167
-86
183
-38
127
-59
47
-136
-4
-211
3
-245
47
-215
88
-141
88
-64
42
-13
-28
13
-95
28
-136
45
-163
67
-186
71
-208
44
-215
1
-182
-32
-105
-25
-11
25
59
79
70
94
23
34
-34
-87
-47
-214
16
-285
142
-265
273
-168
350
-47
339
41
261
66
157
45
81
11
49
1
47
13
42
28
17
18
-21
-29
-43
-90
-23
-130
41
-112
123
-40
172
59
154
135
66
146
-60
87
-170
-13
-216
-101
-187
-127
-105
-79
-18
23
26
129
7
191
-55
190
-115
140
-128
88
-79
74
6
110
82
172
110
211
76
194
16
116
-31
16
-24
-60
33
-79
105
-46
145
-2
129
8
73
-34
22
-112
21
-176
85
-183
185
-121
274
-19
302
73
258
106
162
69
61
-19
-3
-122
-13
-199
21
-231
74
-216
116
-168
131
-116
114
-74
71
-56
25
-60
-1
-75
9
-71
57
-29
127
54
180
161
183
242
122
259
18
197
-83
75
-134
-52
-119
-138
-58
-158
8
-129
35
-88
8
-71
-57
-88
-122
-122
-155
-146
-151
-143
-126
-116
-94
-80
-70
-47
-47
-18
-17
18
14
61
31
95
16
97
-30
42
-83
-59
-100
-164
-53
-222
43
-195
148
-96
202
23
171
103
73
110
-39
57
-103
-3
-89
-15
-16
38
64
136
99
226
71
261
6
234
-52
173
-66
124
-36
119
1
150
6
180
-45
168
-132
98
-214
-8
-244
-103
-205
-144
-119
-122
-33
-57
16
8
18
37
-10
23
-33
-11
-22
-34
18
-30
62
-1
78
24
57
19
13
-21
-22
-71
-20
-94
24
-59
84
34
116
151
93
242
6
264
-101
213
-182
115
-192
21
-122
-25
0
-9
128
51
212
117
228
148
188
119
120
40
66
-65
46
-157
66
-209
108
-216
148
-183
158
-139
130
-112
74
-115
13
-145
-30
-184
-36
-212
-12
-216
23
-204
47
-196
49
-209
43
-243
47
-272
78
-269
129
-210
168
-112
151
-13
59
30
-88
-11
-233
-117
-311
-231
-288
-287
-177
-248
-34
-134
72
1
107
93
80
119
46
92
49
62
105
70
182
125
232
191
216
216
141
170
46
66
-13
-52
-4
-127
64
-134
152
-74
213
14
222
95
180
141
116
149
50
136
7
109
-16
78
-21
47
-12
21
11
1
40
-8
68
-10
88
-14
100
-25
108
-35
122
-35
146
-12
163
28
153
62
108
62
33
11
-37
-76
-64
-157
-31
-184
43
-141
112
-45
124
51
64
95
-49
71
-161
2
-223
-68
-221
-98
-172
-86
-117
-50
-82
-25
-67
-27
-45
-39
6
-35
82
4
157
65
192
116
170
117
107
54
42
-47
17
-143
41
-196
94
-194
135
-159
136
-127
99
-117
46
-125
7
-135
-2
-123
9
-87
25
-40
28
0
17
20
3
24
-2
23
-2
17
-6
1
-21
-37
-41
-103
-48
-168
-24
-210
25
-201
73
-151
83
-102
36
-94
-50
-150
-126
-247
-140
-327
-71
-339
49
-263
157
-139
191
-35
139
-12
40
-76
-38
-182
-41
-257
30
-255
131
-177
189
-79
162
-25
70
-47
-30
-122
-71
-187
-28
-182
69
-88
157
55
175
186
112
246
-3
226
-110
151
-164
69
-158
17
-120
2
-80
4
-63
7
-67
-1
-78
-10
-91
-13
-98
-15
-109
-22
-112
-38
-99
-49
-47
-27
41
49
132
171
187
295
169
363
83
336
-25
218
-95
59
-83
-78
11
-139
133
-129
231
-75
264
-22
233
8
165
16
93
24
30
42
-33
56
-105
51
-173
16
-209
-33
-192
-57
-110
-27
0
61
92
169
127
247
98
267
37
225
-18
152
-42
86
-40
42
-36
15
-51
-12
-84
-45
-121
-71
-146
-81
-161
-68
-177
-50
-204
-49
-231
-71
-229
-95
-177
-88
-81
-26
21
72
79
159
69
177
13
115
-32
7
-15
-77
72
-86
181
-21
242
68
214
110
112
76
2
-6
-51
-71
-28
-62
35
21
71
125
40
187
-52
172
-144
103
-180
36
-147
19
-81
48
-40
76
-54
55
-103
-25
-129
-124
-91
-177
8
-149
112
-57
158
37
122
76
37
42
-36
-22
-45
-56
11
-24
80
59
105
142
61
175
-28
146
-114
85
-162
32
-173
8
-179
-1
-203
-26
-251
-81
-286
-145
-272
-175
-212
-142
-137
-53
-92
46
-105
109
-162
116
-220
84
-240
51
-218
37
-181
33
-158
8
-151
-51
-133
-122
-73
-159
38
-120
152
-11
207
110
168
173
46
134
-88
18
-158
-103
-127
-163
-29
-135
73
-61
113
-1
84
-1
25
-51
-13
-106
-10
-129
6
-122
-13
-129
-87
-197
-187
-334
-243
-481
-197
-549
-50
-474
125
-267
227
-11
193
183
28
243
-180
170
-328
42
-352
-56
-260
-71
-122
-21
-18
33
16
34
-1
-38
-13
-151
27
-241
127
-260
250
-201
334
-95
339
-3
258
36
128
16
1
-44
-78
-99
-97
-117
-69
-89
-30
-32
-1
30
6
76
-3
96
-11
95
-8
88
4
75
13
54
14
16
10
-37
11
-92
27
-133
58
-144
91
-123
106
-93
93
-71
60
-71
29
-81
22
-76
45
-41
76
18
90
72
69
86
25
53
-4
-8
7
-57
68
-62
141
-23
189
23
178
28
126
-21
76
-101
74
-156
128
-144
209
-64
254
44
228
115
131
118
16
59
-66
-16
-81
-61
-49
-58
-8
-30
7
-12
-1
-19
-6
-36
21
-32
77
16
136
99
161
171
137
199
84
175
49
129
58
106
105
126
146
166
141
173
76
113
-8
-14
-57
-156
-30
-247
64
-245
166
-164
210
-57
163
11
40
9
-107
-52
-218
-129
-264
-181
-247
-186
-197
-146
-139
-74
-90
14
-57
107
-44
187
-62
234
-109
219
-163
136
-192
10
-156
-112
-44
-167
123
-137
284
-40
374
73
365
135
267
112
137
16
35
-110
1
-210
33
-247
97
-219
150
-153
161
-83
122
-38
54
-31
-18
-52
-64
-81
-78
-97
-61
-88
-32
-61
-9
-27
-8
-6
-18
-13
-29
-36
-23
-57
8
-56
56
-26
95
22
103
63
71
73
16
45
-40
-6
-73
-61
-76
-103
-56
-127
-27
-137
5
-137
41
-126
85
-97
132
-45
171
21
182
77
168
109
132
110
99
95
80
81
71
72
59
60
31
24
-6
-35
-30
-98
-19
-131
25
-110
72
-41
78
31
23
59
-74
21
-166
-61
-202
-132
-165
-152
-86
-111
-18
-51
-1
-26
-29
-62
-54
-134
-30
-188
57
-175
167
-94
234
6
219
58
133
35
32
-45
-19
-118
4
-130
71
-67
123
29
112
100
44
110
-38
73
-83
33
-73
28
-33
60
-7
89
-24
76
-70
9
-95
-74
-66
-117
14
-88
93
-2
112
80
47
98
-74
34
-179
-73
-206
-150
-144
-144
-33
-50
57
85
78
198
33
250
-40
241
-93
207
-98
182
-70
174
-39
167
-27
134
-30
72
-22
3
16
-43
74
-45
127
-16
142
11
104
3
33
-51
-27
-127
-43
-181
-4
-179
64
-115
120
-19
127
66
70
100
-21
60
-110
-35
-150
-150
-117
-243
-18
-275
122
-238
256
-146
344
-37
363
50
316
91
234
81
153
40
100
4
81
-7
78
9
68
37
35
53
-20
45
-74
22
-110
1
-116
1
-105
23
-98
59
-107
88
-136
95
-173
81
-203
49
-217
14
-211
-23
-192
-61
-158
-94
-105
-112
-37
-103
35
-68
95
-14
122
34
112
54
77
44
45
23
33
12
41
30
52
71
38
109
-10
117
-81
83
-141
25
-163
-27
-138
-48
-82
-34
-25
-4
12
23
33
31
52
34
85
49
129
91
164
142
166
182
127
182
66
141
13
75
1
26
32
21
81
63
115
122
109
170
64
186
4
171
-47
141
-74
114
-81
93
-82
76
-84
49
-89
15
-83
-15
-63
-28
-37
-16
-21
5
-28
18
-57
11
-91
-11
-109
-26
-100
-10
-71
45
-49
122
-62
189
-119
213
-199
179
-272
107
-298
28
-266
-20
-191
-18
-103
18
-42
63
-26
83
-41
63
-64
13
-60
-33
-16
-45
57
-5
125
73
153
149
124
182
51
152
-23
73
-52
-8
-15
-46
71
-17
158
64
197
148
161
186
71
153
-28
72
-87
-13
-84
-59
-41
-51
3
-11
11
20
-23
14
-71
-35
-98
-96
-81
-139
-20
-146
57
-120
118
-81
148
-50
150
-37
136
-37
112
-45
81
-64
40
-98
-4
-142
-35
-185
-45
-206
-32
-195
-14
-158
-11
-119
-31
-100
-52
-102
-53
-103
-14
-70
53
6
107
99
108
159
52
146
-32
57
-81
-57
-60
-126
29
-110
123
-22
153
72
84
102
-58
33
-201
-100
-260
-223
-214
-262
-93
-197
28
-67
84
57
61
122
-7
118
-64
78
-71
47
-32
49
21
74
47
93
37
81
7
38
-15
-19
-8
-59
28
-67
78
-39
124
15
150
83
153
151
131
207
82
233
14
215
-56
152
-104
62
-107
-27
-63
-85
11
-105
84
-98
132
-87
146
-91
140
-108
138
-116
148
-102
160
-62
162
-11
142
35
103
67
59
89
22
107
-8
115
-42
100
-77
52
-95
-21
-74
-85
0
-100
109
-47
202
51
228
138
166
163
42
99
-84
-22
-157
-144
-152
-217
-100
-230
-40
-205
-10
-180
-6
-169
-8
-158
13
-121
48
-48
65
38
39
100
-36
103
-127
57
-192
-3
-207
-36
-188
-35
-173
-21
-190
-40
-231
-105
-255
-194
-222
-252
-119
-238
17
-146
123
-21
158
78
120
113
52
91
6
47
2
17
29
9
52
3
57
-25
54
-72
68
-112
117
-111
183
-59
225
13
209
57
132
40
37
-29
-29
-109
-33
-147
10
-124
55
-59
66
10
25
50
-42
60
-102
62
-138
73
-156
98
-173
120
-197
122
-220
108
-222
93
-195
96
-154
113
-128
116
-127
78
-136
1
-119
-84
-54
-128
50
-108
141
-49
170
-5
122
-22
33
-103
-30
-198
-24
-238
42
-189
107
-79
106
16
21
38
-101
-21
-180
-98
-162
-110
-65
-18
34
136
48
266
-50
284
-208
177
-327
6
-329
-127
-211
-151
-37
-70
92
46
122
112
68
93
-1
15
-16
-54
45
-58
141
10
209
107
204
175
129
178
26
132
-55
73
-94
34
-103
27
-114
33
-142
35
-186
22
-223
3
-242
-5
-241
-4
-233
3
-227
-1
-216
-16
-190
-33
-141
-33
-80
-13
-30
12
-9
16
-21
-14
-47
-74
-60
-136
-49
-173
-23
-176
-3
-154
-9
-130
-46
-114
-93
-107
-132
-96
-151
-71
-160
-35
-164
-3
-170
14
-161
21
-126
40
-57
89
18
167
71
243
71
280
21
250
-45
163
-81
64
-64
-1
-7
-11
45
20
51
41
-8
11
-97
-78
-164
-193
-163
-279
-88
-291
23
-227
118
-123
149
-34
117
5
52
-11
-2
-50
-16
-82
7
-86
43
-62
69
-33
72
-13
62
-2
50
9
47
30
44
59
26
81
-12
73
-62
31
-100
-29
-107
-83
-74
-107
-16
-93
40
-51
71
0
72
42
45
71
4
83
-45
79
-96
54
-142
8
-173
-52
-167
-107
-117
-126
-32
-92
62
-11
121
84
123
152
70
164
-6
124
-66
62
-82
17
-59
11
-21
34
-4
64
-17
74
-45
56
-63
30
-46
28
1
59
54
123
85
189
72
221
23
204
-35
143
-70
60
-66
-11
-22
-46
42
-39
103
2
132
56
122
100
72
112
1
86
-63
33
-90
-21
-68
-45
-6
-23
69
33
119
90
129
116
110
97
87
48
93
8
135
6
185
45
201
89
159
99
66
48
-35
-47
-94
-143
-86
-195
-24
-186
49
-134
103
-75
129
-34
148
-4
182
39
233
113
272
202
263
265
188
259
69
173
-44
37
-100
-90
-90
-159
-42
-161
-8
-124
-21
-91
-75
-80
-138
-83
-177
-70
-187
-26
-186
31
-206
66
-250
51
-286
-11
-279
-76
-206
-100
-91
-62
9
5
47
45
9
9
-64
-95
-112
-222
-89
-304
-4
-305
98
-232
158
-139
142
-81
74
-76
-1
-112
-38
-145
-25
-148
16
-121
48
-88
51
-78
30
-100
13
-139
21
-168
52
-165
94
-129
115
-78
107
-33
73
-6
25
5
-16
11
-38
18
-40
39
-31
67
-20
100
-12
124
-14
129
-21
105
-23
64
-5
23
45
8
114
39
180
110
207
191
171
243
81
238
-28
181
-106
103
-126
52
-86
50
-18
93
42
151
75
194
88
217
103
235
132
267
163
316
165
351
115
336
24
248
-66
108
-106
-31
-66
-111
32
-98
133
-13
179
88
140
144
40
131
-68
62
-131
-16
-127
-63
-66
-57
10
-13
66
42
86
82
78
99
55
98
36
89
23
79
11
71
1
64
-10
62
-20
62
-30
64
-41
62
-53
49
-58
25
-43
4
-1
-1
67
23
148
78
222
157
267
240
274
313
238
356
169
360
72
315
-37
211
-134
64
-192
-103
-181
-241
-99
-313
28
-299
156
-216
231
-116
235
-44
176
-28
105
-51
67
-73
81
-50
128
25
161
128
143
205
69
213
-28
155
-94
59
-85
-14
-2
-24
119
32
224
124
270
206
248
239
180
215
105
151
49
76
28
13
26
-26
33
-47
35
-55
31
-55
18
-51
4
-43
-9
-32
-17
-21
-16
-3
-1
25
25
69
56
124
69
174
58
199
25
186
-16
132
-41
59
-31
-1
13
-30
74
-23
124
3
144
24
129
25
102
2
83
-28
88
-45
119
-37
159
-6
190
36
200
78
180
103
136
103
73
74
-4
8
-78
-86
-133
-195
-151
-288
-127
-337
-72
-330
-16
-276
11
-209
-3
-158
-45
-139
-84
-139
-91
-131
-57
-90
-4
-18
38
60
47
112
23
119
-12
92
-26
54
-16
30
4
21
16
9
4
-19
-17
-66
-24
-110
2
-114
59
-68
112
16
134
100
110
151
62
158
26
151
30
162
70
207
107
272
106
312
55
292
-21
210
-75
103
-76
16
-28
-21
34
-21
67
-16
57
-39
26
-94
11
-150
38
-166
98
-127
151
-52
158
15
110
36
30
7
-37
-43
-62
-76
-47
-71
-23
-37
-19
-8
-48
-4
-91
-33
-120
-76
-118
-113
-86
-138
-39
-156
16
-182
79
-202
164
-203
270
-161
374
-81
441
7
440
62
373
54
281
-4
207
-71
175
-105
174
-91
160
-52
97
-39
-9
-86
-116
-178
-165
-267
-128
-293
-21
-229
98
-96
161
40
144
121
63
124
-29
67
-81
0
-81
-40
-54
-47
-34
-42
-47
-54
-83
-88
-112
-123
-110
-126
-78
-76
-40
16
-38
114
-85
173
-172
173
-262
118
-312
42
-305
-22
-245
-52
-163
-52
-86
-38
-33
-28
-4
-27
11
-33
18
-38
21
-42
18
-45
13
-47
15
-43
28
-19
59
33
98
119
122
214
112
291
61
317
-16
281
-86
192
-115
89
-93
3
-33
-45
38
-64
85
-73
95
-94
74
-132
42
-177
18
-206
3
-214
-13
-204
-36
-191
-74
-185
-104
-180
-112
-156
-95
-96
-66
-9
-59
77
-93
122
-158
100
-219
25
-229
-59
-168
-98
-48
-66
79
20
157
119
163
173
107
163
37
107
-2
47
6
20
42
34
66
66
49
74
-8
37
-72
-40
-104
-120
-78
-159
-8
-135
69
-62
110
22
92
71
26
59
-47
-3
-81
-74
-48
-107
41
-72
145
22
216
138
214
221
141
231
37
165
-45
62
-59
-20
-7
-42
76
-1
136
64
134
100
78
71
8
-11
-18
-97
30
-130
135
-84
243
17
297
120
272
169
191
141
107
68
74
-3
100
-25
159
8
206
67
204
117
156
132
88
115
33
94
3
84
-8
89
-20
94
-40
84
-62
58
-69
30
-54
18
-27
23
-11
26
-22
6
-59
-52
-101
-139
-121
-229
-103
-293
-60
-314
-11
-302
20
-273
28
-245
18
-217
9
-185
11
-139
18
-82
24
-25
23
23
18
59
14
81
18
92
22
91
24
68
27
24
34
-31
59
-81
100
-107
146
-105
173
-88
166
-76
122
-88
62
-120
8
-159
-23
-182
-30
-179
-23
-151
-19
-114
-28
-79
-43
-54
-54
-32
-53
-9
-41
18
-24
48
-8
81
7
115
16
150
14
182
-6
194
-46
179
-95
130
-136
61
-146
-4
-120
-38
-69
-33
-21
-2
0
26
-12
33
-38
14
-51
-9
-30
-6
16
37
66
113
93
194
73
250
15
251
-57
204
-112
124
-126
40
-93
-22
-25
-50
54
-41
113
-11
134
10
105
-2
41
-59
-33
-153
-76
-251
-70
-309
-17
-299
52
-223
91
-112
71
-16
-9
29
-117
19
-206
-26
-245
-66
-227
-81
-173
-66
-110
-36
-55
-4
-15
23
17
44
39
60
50
67
45
54
29
21
17
-22
29
-46
62
-33
100
15
118
76
96
115
40
116
-23
82
-63
40
-62
11
-30
6
14
17
53
30
81
35
106
46
136
69
164
109
173
153
153
178
103
177
42
153
-7
127
-38
107
-62
91
-92
62
-124
8
-143
-57
-121
-107
-52
-106
41
-49
118
32
139
91
102
95
40
50
1
-10
8
-41
52
-26
92
14
95
43
62
41
21
20
4
14
18
48
37
110
22
153
-41
139
-120
62
-157
-30
-110
-69
15
-13
154
120
233
267
210
348
109
334
-6
250
-66
161
-53
117
-1
126
37
144
26
131
-21
75
-59
4
-57
-41
-20
-37
12
-8
-5
-6
-72
-69
-148
-185
-170
-296
-105
-335
27
-267
158
-122
216
32
168
117
45
109
-88
30
-161
-54
-148
-92
-74
-57
6
28
43
117
16
166
-54
156
-131
98
-173
28
-164
-21
-107
-26
-33
11
28
69
51
115
37
127
0
104
-31
62
-38
22
-21
1
5
-8
17
-28
12
-65
10
-114
30
-144
82
-124
140
-54
163
26
117
66
8
26
-109
-82
-172
-191
-142
-236
-42
-182
61
-64
94
48
35
88
-77
39
-168
-49
-180
-102
-122
-83
-45
-11
-16
52
-62
49
-144
-31
-197
-134
-173
-194
-77
-173
28
-93
82
-13
59
14
-8
-20
-62
-73
-60
-91
-13
-49
30
25
23
84
-40
87
-121
45
-168
-1
-156
2
-107
63
-71
145
-86
197
-157
183
-242
106
-289
6
-274
-78
-197
-124
-95
-134
11
-118
105
-81
185
-22
245
62
267
150
231
206
136
200
11
131
-95
26
-146
-61
-133
-101
-86
-88
-45
-53
-39
-28
-54
-23
-72
-28
-75
-25
-63
-12
-59
-8
-73
-33
-95
-91
-99
-154
-60
-186
15
-164
88
-103
118
-41
91
-21
26
-47
-27
-91
-36
-108
-4
-81
33
-25
39
18
6
17
-38
-23
-49
-66
-13
-72
53
-37
101
8
99
13
56
-40
16
-122
25
-178
90
-163
173
-78
210
25
165
84
54
71
-65
7
-129
-51
-119
-54
-64
7
-14
91
-8
149
-40
161
-71
141
-63
131
-11
158
51
211
77
247
52
231
-4
156
-47
56
-44
-23
-1
-54
42
-54
48
-61
6
-110
-52
-195
-82
-274
-54
-298
21
-247
93
-137
113
-28
63
33
-33
23
-119
-28
-147
-68
-106
-54
-25
21
45
129
56
220
1
250
-95
207
-184
118
-228
23
-211
-35
-157
-45
-99
-21
-73
1
-93
-9
-139
-64
-173
-140
-163
-194
-100
-195
-11
-136
58
-49
71
17
24
23
-50
-33
-101
-114
-93
-168
-26
-165
59
-106
108
-34
95
0
21
-32
-65
-122
-115
-227
-99
-298
-20
-306
82
-248
168
-155
206
-57
188
19
127
53
45
42
-42
-13
-105
-98
-124
-184
-88
-240
-3
-238
107
-171
197
-66
233
37
201
95
118
92
27
38
-34
-30
-46
-78
-16
-93
32
-78
74
-48
95
-17
97
10
89
30
71
45
44
49
6
38
-37
7
-73
-35
-90
-71
-86
-89
-66
-83
-48
-60
-42
-33
-53
-13
-75
-6
-99
-7
-115
-16
-124
-25
-124
-42
-117
-60
-101
-77
-71
-86
-33
-77
6
-49
37
-9
40
27
11
40
-49
16
-123
-51
-184
-149
-202
-248
-158
-306
-57
-287
74
-187
185
-28
229
130
187
235
71
257
-60
205
-154
127
-177
71
-141
64
-90
94
-64
119
-85
98
-127
27
-146
-62
-111
-122
-20
-120
89
-60
168
23
185
80
146
88
80
54
30
2
15
-33
28
-43
44
-35
46
-27
32
-33
13
-45
8
