199
-309
-311
-278
197
-303
-324
-226
168
-323
149
-332
-351
-166
111
-348
330
105
78
-357
-88
346
38
-365
-46
354
-2
-367
-25
-364
346
-35
-369
51
-367
72
-363
92
327
-117
-146
-335
140
329
-182
-316
-317
192
197
296
272
-223
-280
243
244
-253
229
-267
214
-281
-217
300
-197
310
-323
-170
146
-329
328
131
106
-344
344
93
67
-354
-56
358
26
-358
-13
362
-366
11
28
361
-59
-357
69
354
344
-96
112
342
-338
136
151
326
168
315
-310
190
205
294
-286
223
238
268
-259
-254
-272
-240
281
221
293
204
-190
309
-172
320
-330
-150
-341
-132
342
108
-93
348
352
68
356
49
360
28
6
-363
12
359
360
-37
56
356
-76
-355
-98
-349
-118
-344
-138
-337
153
322
-319
171
190
303
-295
209
280
-228
-267
240
-260
-254
-239
269
-222
282
202
-297
-312
-189
166
-321
-330
-151
335
128
-112
342
-93
349
-356
-71
47
-359
-30
359
4
-362
-363
13
356
-35
355
-57
-356
75
-351
97
-119
-340
-335
136
-328
156
-177
-315
303
-194
293
-211
-284
226
241
267
-253
256
271
237
284
221
202
-301
-312
-187
318
166
327
147
337
129
-345
-111
87
-351
67
-354
-49
358
0
-1
0
-1
-1
-1
-2
-1
-2
-1
0
0
-1
-1
-1
-1
1
-2
0
-1
-1
0
0
-1
0
0
-1
-2
-1
-1
0
-1
0
-1
-1
-3
-1
0
-2
-1
0
0
-1
0
-3
-1
-4
0
-1
-1
-1
-1
-1
-2
-1
-1
-3
-1
-1
0
-1
0
-2
-1
-1
-1
-2
-1
-2
1
-2
0
-2
-1
-1
-3
-2
-1
-1
-1
-2
-1
-1
-2
-2
-1
-2
1
0
-1
-1
-1
0
0
-2
-1
-1
-1
-1
-1
-1
0
0
-1
-1
0
-3
-1
-1
-1
-1
-1
-1
-1
-1
-1
-1
0
-1
-1
-1
0
-1
0
-1
-1
-1
-3
-1
0
-1
-2
-2
-1
0
0
-1
-1
-1
-1
-1
-1
-2
-1
0
-1
-1
-1
-1
0
0
-1
-3
-1
-2
-1
-1
-1
-1
-1
-2
-1
-1
-1
-1
-1
-2
-1
-2
0
-3
-3
-1
-2
-2
0
-1
0
-3
-1
-2
-1
-4
-1
-3
-1
-1
-2
-2
1
-2
-1
-1
0
-1
-1
-3
0
-1
-1
-1
0
-2
1
-1
-1
-1
0
-1
1
-1
0
-2
0
-1
0
-2
-1
-3
1
-1
0
-2
1
-2
-1
-2
0
-2
1
-3
1
-1
1
-2
1
-1
0
-1
0
-2
0
1
0
-1
1
-1
-1
-1
-1
-3
-1
0
-1
-1
-1
-1
0
-1
1
-1
0
-1
0
-1
1
1
1
-1
-1
-3
-1
0
0
1
1
-1
0
-1
-1
0
-1
-1
-1
-1
-3
-1
1
0
-1
0
-1
0
-1
-1
-1
0
-1
1
-1
-2
-1
-4
-3
-1
-1
0
1
-1
-3
-1
-1
-1
-1
0
-1
-2
-3
-1
-1
-2
-2
-2
-3
-1
-2
-1
-1
0
-1
-1
-1
0
-1
-1
-2
-2
-1
-1
-1
-2
-1
-2
-1
-2
0
-1
-3
-1
-3
-3
-1
-1
-1
-1
-2
-1
-2
-2
-2
0
-1
-3
-1
-1
-2
-3
-1
-1
-1
-2
-1
-3
0
-3
-1
-4
-1
-1
-2
-2
-1
-2
-1
-4
0
-1
-2
-2
0
-4
-2
-3
-1
-3
-1
-1
0
-4
-1
0
1
-1
-1
-1
0
-2
1
-1
-3
-3
1
-3
-1
0
-1
-1
-1
-1
1
-2
-1
-2
0
-3
0
-3
1
-3
0
-1
-1
-1
-1
-2
-1
-1
0
-1
1
-1
-1
-2
0
-1
-1
-2
1
-1
-2
-1
-1
-1
-1
0
0
-1
1
-2
0
-2
-1
0
1
-1
-1
-1
1
-1
-1
0
1
-2
-1
-1
1
-2
1
0
-1
-1
1
-1
1
-1
1
1
-1
-1
-1
0
1
-1
0
0
0
-1
0
-1
-2
0
-2
-1
-1
-1
0
0
1
-1
0
0
1
-1
0
-1
-1
-1
0
-2
0
-1
-1
0
-1
0
-1
-2
0
0
-1
-1
-1
-1
1
-1
-1
-1
-1
-2
-1
-1
0
-1
0
-3
-1
-1
-1
-1
-2
-1
-3
-1
-2
0
-1
-1
-1
-2
-2
-2
-1
-1
0
0
-1
-2
-2
-1
1
-2
0
-1
-1
-1
-1
0
-1
-1
0
-4
-1
-3
-1
-3
1
-2
0
-3
1
-2
0
-2
-1
-1
-1
-1
0
-2
-1
-1
-1
-2
1
-1
0
-1
-1
-2
0
-1
0
-4
0
0
0
-1
0
-1
-1
0
1
-1
-1
-1
-1
-2
0
-1
-1
-2
-1
-2
1
-1
-1
-1
-1
-3
-1
-2
-1
0
0
-1
-1
-1
0
0
0
-1
-1
0
0
-1
-1
-1
-1
-1
-1
-1
0
-1
0
-1
1
-1
-1
-2
0
-2
-1
-1
-1
-2
1
-1
-1
-1
1
-1
-1
-3
-1
-1
-1
-1
-2
-1
-1
-1
-1
1
-1
-2
-1
0
0
-2
-1
-2
0
-1
-1
-2
-2
-1
-1
-2
-1
-2
-2
-1
-1
-1
-1
0
-1
-2
-1
0
0
-1
-1
0
-1
-2
1
-2
-1
-1
-2
-2
-1
-1
-2
-2
-1
-1
0
-1
-1
-1
-2
-2
0
-1
-1
-2
-1
-1
-1
-1
0
-2
0
0
-1
-1
-1
-1
-1
0
-1
-1
1
1
-1
-1
-1
-1
-2
-1
-2
-3
0
-1
-1
-2
-1
-1
-2
-2
0
0
0
-1
-1
-2
0
-1
-1
0
1
0
-1
-1
-1
-1
-1
-1
-1
-2
-2
0
1
-2
-1
-1
-1
0
-1
-1
2
-1
-1
0
0
-1
0
-1
-1
-1
-1
-1
0
0
0
0
1
-1
-1
-1
-1
-1
0
-1
-1
-3
-1
0
0
-1
-1
-1
0
1
0
-1
1
-1
0
-1
0
-1
0
-1
1
0
-1
-1
1
-2
-1
-1
-1
0
-1
-1
0
0
0
0
0
-1
-2
-1
0
-1
0
-1
0
-1
0
-2
-1
-3
-1
-2
-1
-2
-1
-1
1
-1
0
-2
-1
-1
-1
-1
-1
-1
-1
-1
-1
0
-1
-1
-1
-3
-1
-1
-1
0
-1
-1
1
-1
0
-1
-1
-1
0
-1
-1
1
-1
-1
0
1
0
0
-1
-1
0
-1
1
0
1
-1
0
-1
-1
-3
1
0
0
-3
-1
-1
0
-2
-1
-1
0
-1
1
0
1
-2
-1
-2
-2
1
-1
-1
1
-2
1
-1
0
-3
-1
0
-1
-3
-1
-1
0
0
0
-1
0
0
-1
-2
-1
-1
-1
-1
-1
-1
1
-1
0
-1
0
1
0
0
1
-1
-1
-2
1
-3
0
1
0
-1
0
-1
0
-1
1
-1
1
0
-1
0
-1
-3
1
-1
1
0
1
-1
-1
-1
-1
-1
-1
-1
-1
-2
-1
-1
0
-1
1
-1
-1
-1
-1
0
-1
0
-1
-1
-1
-1
1
0
-1
1
0
-1
0
-1
-1
-1
0
0
0
0
-1
0
0
-1
0
-1
-1
-1
-1
-1
-1
-1
1
0
-1
-1
-1
-1
1
-1
-2
-1
-1
-1
-1
-2
0
-1
-1
-1
-1
-2
-2
-1
0
-1
-1
-1
-1
0
-1
-1
-1
-1
-1
0
0
-1
0
-1
1
1
1
0
-1
-1
1
1
0
-3
-1
-1
-2
-1
0
-1
-1
-1
-1
-1
-1
-1
-1
1
-1
-1
1
-2
-1
-1
0
0
0
-1
1
-1
0
0
1
0
0
-1
-1
0
-1
-1
1
-1
1
-1
1
-1
-1
-1
-1
-1
-1
-1
1
-1
0
1
-1
-1
1
0
0
-2
-1
0
0
1
0
-1
1
-1
0
1
0
0
-2
-1
1
1
-1
0
-1
-1
-1
-1
-1
1
-1
-1
-1
-1
-1
-1
-1
-1
-1
0
1
-1
1
-1
-1
0
1
-1
-2
1
-1
-1
-1
-1
-1
-1
0
-2
0
-1
-1
-1
-1
-1
1
1
0
-1
0
-1
1
1
-1
-1
-1
-1
0
0
-1
-1
-1
0
1
0
0
-1
0
-3
0
-1
-1
1
-1
-1
0
0
1
-1
0
-3
-1
-1
1
-1
-1
-1
-1
-1
-1
0
1
-1
-1
-1
0
0
-1
0
0
-1
-2
-1
-1
-1
-1
-2
-1
-1
-1
-1
1
0
-1
0
0
-1
0
-2
-3
1
0
-1
0
-2
0
-1
-1
-1
1
-1
0
-1
1
-1
-1
1
0
-1
1
0
-2
-1
1
-1
1
0
-1
-1
1
1
1
-2
0
-1
-1
-1
-1
0
0
-1
-1
1
0
-1
1
-1
-1
-1
0
0
-1
-1
-1
1
-1
-1
-1
-1
-1
-4
0
-1
-1
0
2
-1
-1
0
0
1
-2
0
-1
0
0
0
0
1
-1
-1
0
0
1
-1
0
-1
-1
0
-1
0
-1
-1
-1
1
1
-2
1
-1
-2
-2
0
1
0
-3
-1
1
0
-1
0
0
-1
0
-1
-1
1
-2
1
-1
1
0
1
1
0
-1
0
-1
-1
-1
-2
1
-1
0
-1
1
-2
-1
-1
-1
-1
1
-1
-1
0
1
-1
1
1
0
-2
-1
-2
1
-1
0
-1
-1
0
1
-1
0
1
0
-1
-1
-2
-1
-1
-1
-1
-1
0
0
-1
-1
-1
-1
1
-1
-1
-1
-1
-1
0
0
-1
-2
-1
-1
-2
-4
-1
0
-1
-2
0
0
-1
-1
0
-1
0
-1
-1
1
1
0
-2
0
1
-1
1
-1
-1
-1
3
0
1
-1
1
-3
-2
-1
-1
-1
1
-1
-1
-1
0
0
1
-2
-1
-1
-1
0
-1
-1
-1
-1
-1
-1
0
0
0
0
0
-1
0
-1
0
-1
-1
-1
0
-1
-1
-1
1
0
1
-1
0
-1
0
0
1
-1
0
0
0
-1
0
0
1
0
0
1
0
1
-1
-1
-1
1
-1
0
-1
-1
0
-1
-1
0
0
-1
-1
-1
1
1
1
0
-2
-1
-1
1
0
-1
-1
-1
1
0
-1
-1
-1
0
-1
-1
1
0
1
1
-1
-1
1
-1
-1
-1
-1
-1
2
0
0
-1
0
0
-1
0
0
-1
-1
0
-1
-2
-2
-1
-1
-1
1
-1
1
-1
-1
-1
0
0
-1
1
-1
-1
-1
1
-1
-1
0
2
0
-1
1
-1
-1
-1
0
-1
0
-1
1
-1
0
1
-1
-1
-1
-1
-1
0
-1
-1
0
0
1
-1
-1
-1
-1
-1
0
0
0
-1
0
0
0
-1
-1
-1
0
-1
-1
-2
-1
1
-1
-1
0
0
0
1
-3
1
0
-1
0
-1
0
1
-1
0
1
0
1
0
0
0
0
-2
0
0
0
-3
0
1
0
0
0
-2
0
0
-1
-1
1
-1
0
1
-2
-1
-1
0
1
0
0
0
-1
0
-1
2
0
-1
-1
0
-1
-1
-1
-1
0
-1
1
0
-1
-1
-1
0
-1
-1
-1
-1
-1
1
-1
0
-1
-3
0
-1
0
0
-1
-1
-1
1
0
-1
-1
1
-1
0
-1
1
-1
0
0
-1
0
1
1
-1
-2
0
-1
-1
0
0
-1
-1
1
0
-1
1
-1
0
0
-1
-1
-1
0
-1
-1
0
1
-1
-1
-1
-1
-2
-1
0
1
1
-2
-1
1
1
-1
0
0
0
-1
-1
0
1
0
1
0
1
0
0
-2
-1
-1
0
-3
0
-2
-1
-2
0
-1
1
0
1
-1
0
-1
1
-1
1
-1
-3
0
-1
-1
1
0
-1
-1
-1
0
-1
-1
1
1
0
-1
1
-1
-1
0
-1
-1
0
-1
1
-2
-1
-2
-1
-1
1
-2
-1
1
-1
0
0
-1
0
0
0
-1
-1
0
-1
0
-1
-1
-1
-1
0
-1
-1
-1
0
-1
0
-1
-1
0
-1
0
-1
-1
1
-1
0
0
-1
-1
-1
0
-1
-1
-1
0
0
-1
0
1
-1
0
-1
-1
0
-1
-1
-1
1
-1
1
-2
0
-1
0
-1
0
-1
-1
-1
0
-1
0
0
-1
0
-1
1
-1
-1
-1
1
-1
0
1
0
0
-1
0
-1
1
1
0
0
0
1
-2
1
0
-1
1
1
0
-1
-1
-1
-1
0
0
-1
0
1
0
-1
-1
1
1
0
0
-1
0
-1
-1
-1
0
0
0
0
0
0
0
0
-1
-1
-1
0
1
-1
1
-1
2
-1
1
1
-1
-1
1
-1
-1
-2
-1
-1
0
-1
1
-1
-1
-1
-1
0
0
1
0
-1
-1
0
0
0
-1
-1
-1
-1
1
-2
-1
0
-1
-1
1
0
0
0
0
0
1
-1
-1
0
-1
-2
0
-1
1
0
0
-1
-1
0
0
0
0
-1
-1
-1
1
-1
-1
-1
0
1
-1
-1
-1
-1
-1
0
0
-1
-1
0
1
-1
-1
-1
-1
-1
1
1
-1
-1
-1
1
-1
-1
-1
-1
-1
0
0
-1
-1
1
0
-1
1
0
-1
-2
0
0
-2
0
-1
0
-1
-1
0
0
0
-1
-1
-1
0
-1
0
-1
-2
0
0
1
0
-1
-1
0
0
1
1
-1
-1
-1
0
0
0
-2
-1
1
1
0
0
-2
-1
1
-1
0
0
-1
-1
0
1
0
-3
0
0
-1
-1
0
-1
-1
1
-1
1
-2
1
-1
0
1
0
-1
1
-1
-1
-1
-1
0
-1
-1
0
1
1
1
0
0
1
-1
-1
0
0
-1
1
-1
0
1
0
-1
1
0
-1
-1
1
-1
-2
-1
-1
1
0
1
1
0
-1
1
1
0
0
-1
1
-1
-1
0
1
0
0
-2
0
-1
-1
-2
-1
-1
1
-1
-1
0
-1
-1
1
-2
0
0
0
-1
-1
0
1
-1
1
-1
-1
1
0
1
1
0
1
-2
-1
-3
-1
-2
1
-2
-1
-1
-1
-1
0
-2
0
-1
-1
-1
1
0
1
-1
-1
-1
1
-2
0
-1
0
-1
-1
-1
0
0
0
-1
-1
-1
0
1
-1
-4
-1
-1
0
-1
-1
-1
0
-1
0
-1
0
-2
-1
-1
0
-1
-1
1
1
-1
-1
-1
-1
-1
0
-1
0
-1
-1
-1
1
-1
1
-2
0
-1
-1
-1
0
-1
-1
0
-1
-2
2
-1
-1
-2
1
0
0
-1
0
-1
0
-1
-1
-1
3
1
-1
-3
1
-1
1
1
-1
0
0
-2
-1
-1
-1
-1
1
-1
1
-1
1
-1
-1
0
-1
-1
1
-1
1
-1
0
0
0
-1
0
-2
2
-1
-1
-3
1
1
0
-1
-1
0
0
1
-1
-1
1
-1
0
-1
0
-2
-1
-1
0
0
0
0
-1
0
1
-3
-1
1
-1
0
1
-1
0
-1
1
-1
-1
-1
-1
-2
0
-1
1
0
0
-1
-1
-2
-1
-2
-1
-1
0
-1
-2
-2
-2
-2
-3
0
-1
-1
-1
-1
-1
-1
0
0
1
-1
0
-1
1
0
-1
1
-1
-1
-1
-3
-1
0
-1
-1
1
-1
1
-2
-1
-1
-1
-1
1
-1
-1
-1
0
-1
0
-1
0
-1
0
0
-1
-1
-1
-1
0
-1
-1
-2
-1
-2
1
-1
1
-1
-1
-1
-1
0
-1
-1
-1
0
0
-1
-1
0
-1
0
-1
-2
1
-1
0
-1
0
0
1
0
0
-1
0
-1
-1
-2
-2
0
-1
0
0
-1
-1
-1
-1
0
0
-1
-1
0
0
-1
0
-1
0
-1
-1
-1
-1
0
1
-1
0
0
0
-1
-1
0
0
-2
0
-1
0
-1
0
0
-1
-1
1
-1
-1
-3
-1
-1
-1
0
-1
-1
1
-1
-1
-1
-1
0
-1
-1
0
0
1
0
0
-1
0
0
1
-1
-1
0
-1
-1
-1
0
0
0
0
-1
0
-1
0
-1
0
-2
1
-1
1
0
1
-1
0
1
-1
-1
3
-2
0
-1
-1
0
0
0
-1
-1
-1
-1
0
-2
0
0
0
-1
0
-1
-1
0
1
-1
1
-1
1
-1
-1
-1
1
0
-1
0
0
-1
1
-1
0
0
-1
0
0
0
1
-1
1
-1
0
0
1
0
-1
-1
0
-3
0
-2
0
0
0
-1
1
0
0
-1
0
-2
-1
-1
-1
-1
1
-1
-1
-1
1
-1
0
0
-1
-1
0
-1
0
-1
-1
0
-1
-1
-1
-3
-1
-1
0
-1
0
-1
-1
-1
-2
-1
-2
-1
0
-1
0
-2
0
0
-1
-2
1
-1
0
-2
-1
-1
0
0
2
-1
-1
1
0
0
-2
-1
-1
-1
0
-1
-1
-1
0
-1
-1
-1
1
-2
0
-3
-1
-3
1
-4
1
-4
1
-2
0
-1
-1
-1
-1
-1
1
-2
0
-1
0
-2
0
-1
0
-1
-1
-1
1
-2
-1
-2
0
-2
0
-1
-1
-1
0
-2
-1
-1
0
-2
0
-3
-1
-1
-1
-1
-1
-1
0
-1
1
-2
0
-2
0
0
1
-2
2
-1
0
-2
-1
-2
-1
-4
1
-1
0
-1
-1
-2
3
-1
-2
-1
0
-1
0
-4
1
-1
1
-1
0
-1
0
-2
0
-1
1
-1
-1
-1
-1
-1
-3
-1
-1
0
0
0
-1
-2
-1
-1
0
-2
0
-1
-1
-1
0
-2
0
-1
-1
-1
1
-2
0
-1
1
-2
0
-2
-1
-1
1
0
0
0
1
-1
0
-2
1
-1
-1
-1
0
-3
1
-2
0
-2
0
-1
0
-1
-1
-4
-1
-1
0
-1
1
0
1
-1
1
-1
-1
0
-1
-1
0
-2
-1
-1
1
-2
0
-1
-1
-1
0
-1
-1
-2
-1
-1
-1
-1
-1
-1
-1
-1
-1
-1
1
-2
-1
-2
-1
0
-1
-1
-1
1
-1
-3
-1
-1
0
-1
-1
0
0
-3
1
-1
-1
-3
0
0
-1
-1
-1
-1
0
0
-1
-2
-1
-1
-1
-1
-1
-1
1
-1
-1
0
0
-3
0
-1
-2
-1
0
-1
-1
-1
-1
-1
0
-2
-1
-1
0
-1
1
-2
0
-1
1
-1
-1
-1
-1
0
0
-2
0
-1
-1
-1
-1
-1
1
-1
0
-1
-1
-1
0
-1
0
-1
0
-2
0
-1
-1
0
0
-2
1
-1
1
-1
-1
-1
-1
-1
0
0
0
-2
0
-1
0
-1
0
-1
1
-1
-1
-1
-2
-2
1
-1
0
-1
-1
-1
-3
-3
-1
-1
0
-3
0
-1
0
-1
-2
-1
-1
0
-2
-1
-1
0
0
-1
-2
-1
1
-1
0
0
-2
-1
0
-1
1
-1
0
0
-1
0
0
-3
-1
-1
0
-1
-1
-1
-1
-2
0
-1
0
0
-359
-47
22
-363
-3
358
-363
18
-359
37
354
-60
350
-82
-349
100
120
340
330
-142
322
-162
178
313
-198
-303
-292
214
-278
230
245
262
-252
260
231
-277
-218
287
-202
301
180
-313
320
163
144
-331
-126
337
-106
344
-352
-86
-355
-64
42
-358
-361
-22
361
1
17
361
-359
40
-59
-355
348
-82
-104
-346
-123
-340
139
330
-161
-324
312
-180
197
302
215
289
231
276
264
-248
249
-263
233
-278
216
-290
-197
299
180
-314
320
161
144
-333
-124
339
-104
345
-83
349
-63
355
-42
357
21
-360
360
0
-19
-361
-42
-359
-355
62
83
349
-345
103
-123
-339
333
-144
322
-163
-311
180
-198
-303
-216
-289
-231
-278
-262
245
-260
-250
-276
-233
-290
-216
-303
-199
180
-314
324
159
-330
-144
122
-342
-103
343
-351
-86
62
-356
358
37
361
18
1
358
-361
18
359
-46
-356
62
-351
83
103
343
-338
122
-144
-334
-164
-325
-182
-313
200
298
289
-219
-233
-279
-263
245
-246
261
-276
-235
291
212
-303
-198
-315
-183
160
-325
332
139
-122
337
-101
343
81
-353
-357
-63
-40
356
-18
357
-2
-362
360
-25
-43
-360
-65
-356
85
348
105
344
-124
-339
-331
144
163
320
-310
181
198
298
215
286
233
273
-264
249
243
-264
-231
277
-216
291
193
-305
177
-315
-161
322
330
141
338
120
101
-345
80
-351
355
59
358
37
358
18
-6
-361
24
360
356
-45
66
355
-87
-352
-108
-345
-337
127
330
-148
164
322
-185
-310
202
298
-217
-288
274
-235
259
-250
-246
264
-228
278
211
-291
-304
-194
-315
-178
158
-325
-333
-141
-119
340
100
-347
79
-353
-356
-58
-358
-37
-16
359
4
358
25
359
-358
45
68
354
-350
86
109
344
336
-127
149
328
-320
165
-310
185
204
298
-286
218
-234
-273
-260
249
-265
-244
-281
-230
-291
-213
-193
303
316
174
-325
-158
139
-334
119
-344
-349
-100
352
76
-357
-59
-36
357
-16
357
361
-6
27
357
-358
46
66
353
351
-91
107
341
-337
126
-149
-330
-170
-323
-186
-311
-206
-302
285
-223
271
-240
-260
249
-267
-247
-227
276
-294
-214
-307
-194
-175
313
326
155
-335
-139
-119
339
-350
-100
351
75
355
55
33
-359
-361
-16
6
358
359
-30
46
355
-69
-356
347
-93
-111
-345
-340
129
148
326
-172
-320
-190
-310
202
296
219
283
235
270
250
257
-245
267
225
-284
209
-296
-194
305
-317
-174
-329
-156
-337
-136
113
-342
-349
-96
-79
354
355
54
-35
360
-16
361
-10
-361
-361
30
-51
-358
351
-69
346
-91
110
342
-132
-337
-151
-327
319
-169
308
-187
-299
204
284
-221
239
272
-253
-256
-241
269
228
-279
209
-293
-305
-190
317
173
-153
325
336
135
-115
340
-93
349
354
74
359
54
-358
-33
363
10
-8
-361
-358
29
358
-52
-352
70
351
-93
-112
-344
338
-134
-149
-330
170
315
309
-192
207
292
-221
-286
272
-243
257
254
-268
-245
284
220
-207
291
-307
-194
172
-322
327
149
-133
330
344
109
95
-354
-353
-79
-357
-57
-32
354
12
-366
362
-15
358
-37
-360
47
-356
68
346
-98
339
-119
333
-137
325
-157
315
-174
-308
185
-298
204
280
-228
-241
-274
