-114
-133
-140
-71
-134
-16
-100
18
-60
27
-25
13
-7
-8
-8
-27
-23
-31
-42
-16
-54
20
-47
59
-18
92
21
92
48
60
47
8
12
-42
-43
-66
-90
-62
-112
-45
-99
-33
-72
-41
-52
-64
-49
-76
-52
-71
-36
-39
8
-7
74
-3
129
-35
141
-91
101
-138
28
-146
-40
-108
-77
-49
-82
1
-74
24
-79
27
-103
32
-127
58
-127
103
-90
138
-37
141
1
105
-7
58
-55
40
-107
74
-122
151
-76
220
11
234
87
173
100
64
33
-38
-86
-76
-195
-33
-235
69
-185
163
-72
199
47
148
112
37
98
-83
17
-152
-84
-141
-150
-61
-149
49
-86
135
8
163
90
128
124
56
112
-16
74
-59
40
-76
32
-85
46
-111
57
-165
42
-235
-12
-286
-81
-293
-134
-245
-139
-162
-91
-79
-12
-31
67
-25
115
-48
122
-74
97
-85
59
-72
21
-41
-8
2
-25
47
-18
88
13
109
62
89
105
17
105
-95
41
-212
-80
-279
-209
-260
-288
-161
-272
-28
-168
74
-21
98
103
45
156
-44
140
-111
91
-121
53
-80
52
-23
78
9
98
4
85
-28
34
-56
-35
-61
-97
-43
-139
-15
-156
8
-154
25
-132
34
-85
33
-12
12
64
-48
119
-137
122
-230
79
-282
22
-262
-3
-178
36
-72
129
-3
226
1
267
-54
226
-118
119
-136
3
-87
-74
9
-89
107
-57
163
-15
167
11
137
22
100
32
74
55
48
91
13
114
-33
110
-73
89
-78
76
-42
98
13
154
47
207
27
216
-44
139
-117
-1
-142
-151
-82
-246
44
-247
179
-167
262
-59
256
21
184
47
89
33
19
12
-4
17
5
48
15
83
6
91
-15
61
-15
11
28
-21
116
-2
216
67
281
158
271
221
184
216
49
140
-78
19
-151
-87
-153
-132
-107
-98
-59
-8
-54
90
-105
148
-194
146
-271
100
-291
52
-241
47
-146
89
-49
159
1
205
-7
193
-47
118
-78
17
-63
-62
-6
-86
53
-61
69
-24
21
-20
-72
-68
-165
-145
-207
-203
-181
-199
-109
-117
-41
9
-21
130
-61
197
-139
195
-212
141
-241
66
-211
12
-135
-6
-40
11
36
47
77
81
78
93
44
76
-2
28
-35
-27
-37
-62
-1
-50
54
15
97
113
97
201
41
238
-49
207
-128
126
-150
44
-101
2
-1
21
102
82
162
141
160
163
114
134
55
72
16
6
1
-43
-1
-71
-8
-93
-28
-112
-53
-127
-70
-123
-82
-95
-103
-62
-147
-49
-213
-79
-275
-147
-288
-215
-229
-238
-110
-181
23
-62
107
66
112
141
49
132
-32
49
-68
-48
-33
-103
57
-92
144
-30
183
30
153
49
79
16
8
-37
-21
-63
-9
-37
9
33
-6
103
-78
129
-185
93
-285
9
-330
-74
-305
-116
-231
-105
-152
-63
-105
-28
-100
-32
-119
-81
-124
-146
-93
-195
-26
-206
50
-186
103
-157
119
-149
111
-168
111
-193
144
-187
212
-126
286
-9
325
128
296
232
199
262
69
214
-38
113
-83
15
-47
-38
42
-23
136
37
192
111
187
153
131
141
53
83
-7
2
-26
-65
-3
-96
42
-83
81
-40
90
10
55
35
-11
23
-88
-20
-147
-80
-169
-131
-158
-158
-132
-166
-109
-176
-96
-205
-81
-248
-45
-285
30
-281
135
-220
231
-117
274
-16
240
31
140
-9
33
-118
-28
-238
-1
-303
93
-276
198
-175
252
-51
219
33
119
50
6
20
-63
-7
-73
9
-45
76
-27
158
-53
204
-119
182
-185
102
-197
6
-128
-49
9
-38
168
35
296
132
366
216
373
260
340
264
294
240
250
203
214
158
181
112
153
69
133
33
117
8
103
-10
86
-28
64
-49
49
-71
48
-76
64
-57
79
-16
73
23
33
32
-35
-6
-98
-78
-119
-139
-81
-147
-4
-83
64
28
78
138
18
192
-93
173
-201
101
-259
23
-248
-22
-190
-27
-127
-13
-83
-11
-58
-34
-30
-66
25
-77
102
-47
173
12
202
66
173
77
99
29
28
-55
-6
-132
13
-165
63
-148
105
-103
110
-65
78
-57
31
-76
1
-100
-2
-107
14
-93
29
-71
25
-54
4
-55
-24
-69
-47
-78
-67
-88
-91
-102
-124
-134
-162
-183
-181
-231
-163
-250
-113
-216
-59
-144
-36
-69
-67
-39
-134
-74
-187
-152
-180
-215
-91
-211
45
-122
164
12
207
122
156
151
57
88
-24
-23
-33
-105
36
-119
131
-61
185
11
160
33
70
-22
-23
-132
-55
-231
-3
-255
105
-186
203
-57
230
67
173
133
62
129
-42
79
-98
34
-96
23
-59
47
-23
89
-9
124
-16
141
-28
146
-38
141
-43
126
-49
91
-49
37
-30
-18
25
-46
114
-16
204
65
254
157
227
204
130
170
7
60
-76
-81
-78
-186
-1
-210
110
-157
197
-62
221
27
187
82
119
105
50
118
-8
127
-64
123
-124
92
-184
27
-213
-52
-184
-100
-96
-88
22
-8
121
103
161
195
139
237
83
223
36
184
21
147
32
129
45
117
41
96
16
55
-14
8
-35
-35
-50
-63
-73
-91
-109
-136
-151
-199
-173
-258
-147
-272
-79
-218
-8
-112
21
-5
-17
47
-96
24
-158
-40
-151
-83
-67
-54
48
38
123
142
115
185
37
141
-45
35
-69
-61
-18
-88
69
-41
126
33
106
72
22
44
-71
-24
-114
-76
-91
-69
-39
-6
-16
61
-45
79
-107
33
-146
-40
-115
-78
-20
-45
86
38
138
112
110
121
31
53
-32
-49
-33
-118
27
-115
98
-51
122
24
75
59
-18
42
-110
4
-162
-20
-175
-11
-175
10
-192
13
-226
-22
-238
-76
-202
-103
-110
-74
-5
3
69
86
81
133
44
124
-3
81
-21
45
-8
34
9
41
3
35
-28
-4
-51
-53
-32
-68
35
-8
113
112
141
238
80
297
-54
247
-189
115
-250
-28
-204
-110
-86
-102
37
-44
98
7
89
8
44
-34
13
-73
19
-74
33
-42
8
-23
-73
-69
-180
-190
-237
-328
-187
-397
-32
-334
161
-148
288
82
284
247
151
276
-23
179
-141
30
-144
-78
-38
-95
99
-35
194
39
204
64
152
21
97
-63
88
-130
140
-132
217
-66
263
30
239
104
141
112
8
49
-108
-56
-168
-161
-158
-226
-99
-240
-25
-216
33
-174
61
-136
64
-112
57
-95
47
-76
35
-57
15
-41
-19
-40
-59
-56
-94
-79
-107
-94
-96
-85
-71
-51
-51
-12
-50
11
-59
13
-57
4
-29
9
31
45
98
106
139
162
136
178
106
146
77
81
83
27
129
13
185
38
211
64
180
48
111
-23
49
-125
38
-200
91
-204
174
-135
226
-35
208
38
122
46
12
-6
-64
-73
-80
-110
-51
-103
-18
-75
-13
-64
-35
-81
-56
-117
-45
-132
-1
-105
45
-44
60
11
28
27
-29
-1
-70
-38
-63
-45
-21
-1
16
71
4
115
-68
93
-161
1
-213
-112
-191
-180
-96
-165
12
-81
71
17
45
68
-48
43
-159
-44
-228
-150
-231
-229
-173
-255
-85
-229
3
-165
71
-79
112
18
119
109
80
167
1
162
-98
91
-177
-30
-195
-146
-135
-203
-16
-175
102
-79
163
30
136
93
33
79
-89
-4
-170
-107
-178
-177
-110
-180
-10
-113
81
-6
125
102
115
176
71
206
16
195
-22
165
-31
137
-16
122
11
118
28
116
26
100
11
60
-2
10
4
-28
36
-35
86
-1
127
62
139
122
110
158
55
156
1
124
-33
83
-37
43
-20
11
9
-19
41
-51
77
-78
124
-91
175
-80
216
-52
232
-25
218
-11
182
-13
146
-17
120
-8
102
16
76
42
33
49
-21
31
-61
2
-63
-7
-30
28
11
95
16
153
-35
158
-127
88
-209
-30
-235
-139
-186
-191
-98
-177
-24
-137
-8
-121
-40
-156
-76
-221
-64
-264
6
-237
97
-142
151
-33
124
26
33
-1
-66
-91
-105
-182
-62
-215
33
-173
118
-97
145
-42
112
-39
67
-73
54
-100
90
-81
147
-14
179
57
158
91
104
73
62
33
73
28
131
86
191
188
192
274
114
284
-13
200
-120
65
-144
-47
-76
-78
44
-20
144
82
170
170
129
202
54
182
-2
145
-16
123
-1
126
17
132
17
117
6
72
6
21
39
-8
101
4
162
47
185
86
159
89
100
45
49
-17
37
-59
74
-47
133
28
170
134
148
228
62
267
-66
228
-191
128
-269
1
-269
-108
-195
-163
-73
-154
53
-94
144
-16
176
37
151
43
100
1
52
-64
37
-124
54
-149
90
-143
112
-119
109
-101
78
-103
43
-116
24
-123
30
-108
52
-65
69
-9
66
40
45
69
13
76
-12
67
-23
52
-21
33
-6
12
19
-9
57
-18
106
-6
157
30
192
78
192
115
156
121
95
92
45
49
20
15
21
11
33
30
25
48
-11
39
-66
-6
-107
-72
-112
-129
-73
-151
-8
-133
51
-97
82
-65
90
-49
87
-40
93
-19
105
26
107
84
76
127
6
130
-81
88
-151
23
-172
-24
-142
-30
-85
12
-35
74
-18
121
-34
136
-64
120
-83
89
-78
59
-60
35
-38
13
-24
-18
-17
-55
-4
-88
16
-104
40
-95
53
-74
40
-62
6
-68
-33
-88
-51
-102
-37
-88
-1
-32
31
43
33
107
-6
126
-69
90
-123
13
-134
-67
-87
-117
-4
-118
84
-78
140
-30
145
-4
107
-17
59
-59
30
-101
38
-109
72
-69
103
2
95
69
34
91
-62
46
-151
-47
-187
-143
-146
-192
-49
-168
56
-86
118
8
110
64
47
61
-25
14
-62
-30
-44
-30
11
22
57
105
59
173
13
194
-52
165
-99
111
-100
64
-58
46
0
51
51
64
76
66
78
52
68
28
54
-1
37
-32
13
-71
-12
-112
-28
-148
-24
-158
1
-136
27
-86
37
-40
22
-16
1
-21
3
-31
44
-11
115
45
173
117
181
156
131
120
55
11
12
-117
39
-201
129
-191
224
-108
247
-14
168
16
12
-54
-146
-187
-226
-312
-201
-356
-99
-296
6
-173
51
-57
22
1
-49
-6
-101
-49
-100
-80
-49
-74
15
-42
54
-16
54
-20
30
-60
12
-115
18
-161
50
-177
92
-165
127
-132
143
-86
136
-38
106
-1
53
15
-12
-4
-76
-56
-115
-125
-108
-179
-52
-192
34
-158
116
-98
168
-38
181
1
169
17
156
22
148
31
142
45
126
53
86
39
32
3
-22
-48
-64
-102
-94
-154
-119
-212
-141
-284
-142
-357
-103
-397
-13
-364
106
-244
207
-66
232
108
161
218
21
234
-127
179
-226
102
-248
52
-220
40
-182
43
-164
30
-166
-11
-161
-60
-123
-85
-61
-69
-6
-30
9
-6
-19
-24
-64
-77
-86
-132
-64
-150
-15
-126
21
-91
13
-83
-29
-129
-64
-207
-49
-260
30
-249
137
-164
211
-49
211
37
143
62
44
34
-34
-8
-63
-30
-62
-23
-60
-8
-76
-11
-97
-30
-98
-45
-62
-20
-6
50
30
133
11
182
-64
163
-156
83
-211
-8
-202
-64
-144
-56
-78
-6
-52
50
-74
82
-124
85
-169
85
-193
96
-201
119
-210
140
-230
140
-248
119
-246
98
-215
91
-169
97
-137
92
-129
46
-130
-35
-107
-119
-35
-159
72
-129
163
-54
190
8
134
7
35
-60
-37
-146
-43
-182
13
-138
72
-40
68
34
-13
29
-123
-57
-182
-162
-139
-197
-11
-123
121
25
168
159
98
192
-39
108
-147
-32
-148
-132
-43
-121
105
-12
197
126
182
204
80
184
-38
93
-96
1
-70
-34
6
-1
66
62
71
100
21
86
-42
33
-74
-18
-59
-35
-15
-8
24
42
37
89
24
122
1
141
-21
160
-37
175
-57
178
-91
156
-122
107
-137
47
-128
-1
-95
-30
-63
-47
-47
-76
-47
-123
-52
-185
-33
-234
15
-247
83
-214
141
-156
169
-93
161
-51
130
-30
98
-20
74
-14
53
-15
28
-35
-1
-79
-19
-138
-7
-180
38
-181
96
-138
134
-73
123
-28
66
-25
-6
-57
-49
-89
-42
-78
3
-6
38
97
23
182
-57
197
-170
129
-260
17
-280
-86
-220
-134
-115
-116
-23
-64
20
-25
2
-32
-40
-78
-69
-134
-54
-165
-3
-151
57
-98
100
-30
116
33
109
83
95
129
82
173
66
212
36
226
-15
199
-74
129
-114
32
-114
-63
-69
-124
7
-142
88
-122
146
-83
174
-40
170
1
148
34
110
55
62
57
8
34
-38
-10
-54
-56
-32
-75
27
-53
93
10
132
80
119
119
59
104
-17
42
-66
-37
-65
-93
-21
-103
36
-72
76
-33
81
-12
64
-18
50
-33
65
-31
103
-1
143
54
156
105
124
118
61
81
-7
-1
-48
-97
-42
-174
12
-208
95
-188
174
-125
228
-40
242
40
214
91
160
104
105
84
81
55
97
47
146
74
203
122
234
162
223
163
182
116
147
39
147
-26
186
-50
241
-26
269
14
242
25
166
-14
80
-95
35
-173
48
-207
107
-184
170
-124
204
-62
205
-23
190
0
191
32
206
93
216
172
185
228
97
219
-26
134
-132
8
-170
-104
-133
-154
-52
-139
19
-86
45
-39
27
-23
-8
-27
-25
-23
-23
6
-21
45
-45
59
-103
27
-161
-47
-175
-117
-128
-133
-37
-76
45
19
66
98
19
109
-60
51
-109
-31
-82
-76
8
-49
117
37
177
126
165
167
94
139
13
62
-35
-21
-39
-73
-15
-90
-4
-93
-22
-107
-63
-138
-97
-170
-106
-177
-83
-142
-49
-67
-28
27
-33
112
-62
173
-99
204
-127
216
-134
217
-122
216
-96
209
-68
199
-47
176
-35
132
-32
63
-25
-18
-1
-88
49
-124
119
-105
180
-37
198
45
151
100
46
99
-80
42
-177
-37
-215
-97
-194
-110
-140
-85
-95
-43
-71
-14
-64
-1
-47
13
-12
51
29
114
45
173
13
188
-58
136
-129
31
-150
-74
-94
-125
18
-93
131
1
184
99
151
144
52
110
-57
18
-123
-86
-120
-156
-62
-164
14
-124
70
-60
93
1
86
51
68
90
49
125
33
159
18
189
-2
209
-25
219
-55
216
-87
198
-122
158
-161
95
-191
13
-202
-71
-180
-136
-126
-163
-52
-144
21
-84
74
1
95
92
81
175
37
231
-33
250
-114
214
-183
132
-217
23
-187
-73
-95
-116
41
-94
170
-22
243
51
238
78
172
39
92
-47
48
-134
58
-173
105
-151
143
-95
133
-52
69
-64
-13
-130
-64
-219
-45
-278
48
-264
175
-180
282
-55
325
59
295
124
212
130
122
91
51
37
12
-9
-3
-37
-6
-50
-7
-57
-12
-59
-18
-59
-19
-58
-14
-55
-4
-52
17
-45
49
-23
90
13
127
69
142
122
126
156
77
154
14
117
-36
63
-56
23
-42
11
-10
35
12
73
9
100
-18
96
-54
63
-74
15
-62
-27
-19
-47
38
-45
89
-30
121
-11
122
0
98
-4
51
-28
-12
-74
-75
-141
-122
-211
-133
-261
-102
-262
-40
-208
24
-115
61
-15
59
57
30
87
5
86
11
83
56
100
116
143
160
187
162
206
125
182
74
127
30
67
10
27
-2
6
-25
-13
-68
-47
-115
-102
-139
-156
-122
-175
-63
-152
4
-99
49
-51
59
-40
47
-72
52
-119
95
-143
166
-122
227
-71
239
-30
188
-36
97
-90
16
-157
-23
-195
-23
-180
-12
-125
-30
-70
-87
-51
-160
-73
-204
-109
-193
-118
-134
-85
-70
-26
-36
18
-49
12
-83
-43
-103
-117
-81
-165
-22
-165
37
-128
66
-81
49
-52
5
-45
-38
-47
-61
-42
-61
-24
-52
-6
-40
-1
-14
-2
35
7
112
48
196
119
250
188
244
215
185
177
105
86
47
-16
39
-78
59
-91
66
-74
25
-78
-64
-133
-156
-230
-196
-317
-151
-339
-38
-266
81
-122
146
26
126
119
44
135
-48
91
-102
35
-103
5
-75
6
-56
16
-68
9
-103
-25
-129
-63
-123
-70
-84
-27
-39
55
-25
143
-59
190
-131
179
-202
113
-231
25
-202
-47
-122
-86
-20
-93
73
-83
136
-77
173
-80
186
-88
187
-96
174
-105
152
-112
124
-120
98
-121
85
-105
91
-56
107
23
114
119
92
197
36
228
-37
202
-99
128
-117
42
-76
-23
4
-48
95
-41
162
-28
187
-26
182
-43
162
-72
145
-88
136
-89
125
-77
103
-68
68
-71
40
-76
35
-66
57
-24
88
45
98
112
64
136
-5
98
-76
7
-100
-91
-59
-141
31
-117
127
-35
168
59
136
115
42
107
-64
55
-132
-1
-146
-25
-122
-5
-100
29
-107
38
-146
-3
-185
-86
-186
-173
-126
-226
-22
-215
85
-155
149
-83
147
-45
87
-62
12
-123
-33
-187
-16
-204
52
-148
133
-25
178
125
154
244
66
289
-52
257
-140
182
-161
120
-110
110
-27
150
33
204
26
219
-41
161
-126
45
-172
-80
-148
-149
-71
-136
10
-59
39
25
-4
66
-96
40
-177
-25
-199
-81
-148
-87
-49
-37
43
37
95
94
105
110
93
89
88
53
100
25
120
9
127
-7
110
-35
81
-69
57
-96
48
-97
48
-69
40
-30
6
-6
-46
-16
-94
-55
-110
-99
-79
-125
-15
-123
57
-103
111
-87
139
-87
145
-105
140
-132
134
-158
121
-175
96
-188
57
-204
6
-220
-45
-233
-88
-238
-123
-235
-148
-235
-163
-238
-158
-239
-122
-227
-59
-185
21
-120
89
-42
125
19
124
45
101
39
76
10
64
-15
66
-25
72
-19
65
-10
42
-8
12
-17
-13
-27
-22
-35
-13
-37
11
-32
42
-21
81
-4
121
16
153
32
166
37
157
15
131
-37
105
-105
96
-163
112
-188
144
-168
159
-119
143
-69
90
-40
23
-38
-30
-43
-44
-25
-21
28
14
107
32
183
13
226
-37
212
-99
142
-141
40
-144
-66
-105
-146
-35
-185
39
-177
90
-143
96
-105
51
-92
-31
-118
-120
-176
-176
-237
-176
-257
-122
-214
-45
-110
9
19
8
122
-49
168
-131
148
-196
88
-214
26
-182
-11
-120
-21
-54
-12
-4
3
26
16
47
29
54
40
52
46
35
35
11
2
-5
-37
5
-63
41
-56
86
-17
108
30
91
56
37
39
-28
-12
-73
-70
-83
-112
-64
-125
-37
-119
-16
-107
-3
-95
11
-77
37
-42
65
11
85
66
82
106
57
115
28
101
10
81
11
67
17
52
18
23
6
-33
1
-101
30
-154
98
-157
185
-106
252
-32
261
20
213
16
146
-42
100
-115
108
-158
158
-156
207
-128
221
-110
198
-118
165
-141
151
-144
161
-103
165
-28
129
33
35
37
-83
-21
-163
-97
-162
-122
-83
-57
15
78
60
218
13
287
-101
253
-215
148
-262
37
-227
-25
-144
-34
-69
-22
-41
-35
-49
-78
-51
-129
-18
-141
40
-100
86
-31
75
11
7
-16
-74
-106
-106
-202
-54
-238
66
-182
186
-63
236
54
183
97
57
40
-76
-85
-148
-213
-136
-280
-63
-264
12
-182
44
-83
9
-10
-73
16
-164
3
-219
-19
-221
-18
-174
22
-103
95
-40
183
-8
249
-10
272
-25
251
-33
204
-12
161
32
134
83
121
118
107
130
78
136
45
157
35
201
78
245
169
247
267
175
319
42
279
-102
162
-187
31
-175
-46
-84
-36
15
38
55
101
11
96
-80
9
-146
-105
-131
-171
-42
-152
61
-62
111
31
79
66
2
31
-54
-29
-40
-49
35
1
115
98
137
180
82
190
-18
123
-100
25
-120
-47
-90
-66
-54
-49
-59
-46
-112
-86
-175
-158
-199
-215
-163
-206
-86
-126
-27
-8
-25
91
-86
129
-168
107
-226
58
-230
19
-182
6
-113
17
-45
41
12
71
58
112
93
171
98
228
59
250
-28
214
-129
117
-200
-4
-205
-100
-139
-136
-39
-112
55
-57
110
-2
132
37
141
67
149
104
156
148
140
180
95
175
28
129
-24
69
-36
35
-11
47
18
95
17
135
-35
136
-110
89
-161
26
-158
-8
-104
7
-39
54
-4
94
-8
93
-27
60
-21
26
29
33
97
78
139
134
126
148
65
100
4
20
-6
-40
39
-35
105
35
131
119
79
156
-34
119
-151
30
-210
-51
-193
-73
-129
-27
-73
51
-61
110
-88
129
-114
127
-102
141
-45
197
23
280
60
351
48
364
11
315
-9
237
18
172
86
146
155
141
183
119
156
48
104
-65
72
-179
86
-243
136
-228
178
-158
158
-85
64
-57
-76
-94
-199
-166
-258
-223
-237
-221
-161
-151
-84
-46
-47
44
-66
76
-112
40
-148
-44
-132
-131
-60
-184
45
-185
141
-151
191
-119
180
-117
128
-158
69
-218
42
-255
54
-234
86
-156
95
-47
49
42
-52
72
-173
36
-260
-25
-274
-61
-218
-41
-129
33
-64
118
-56
162
-98
138
-151
50
-164
-53
-114
-125
-4
-135
123
-83
228
5
276
95
261
159
197
184
102
161
-1
93
-84
-4
-129
-102
-118
-170
-58
-178
29
-123
99
-26
122
68
82
122
1
115
-83
59
-126
-8
-113
-54
-51
-66
35
-42
116
-3
177
41
221
79
248
115
259
146
252
165
224
166
182
146
136
109
98
74
74
52
61
48
44
55
16
59
-26
50
-74
29
-115
-2
-141
-39
-151
-76
-148
-109
-129
-138
-98
-156
-54
-156
-1
-126
47
-69
78
8
76
86
34
144
-47
161
-147
129
-238
58
-284
-23
-267
-75
-185
-68
-66
11
43
136
97
253
74
311
-11
283
-106
185
-158
66
-140
-18
-66
-40
16
-13
65
25
54
31
8
-1
-29
-42
-24
-49
28
6
88
115
116
242
78
332
-13
357
-123
326
-208
264
-247
202
-247
156
-233
116
-221
71
-216
9
-209
-57
-182
