-117
-42
-112
14
-71
53
-11
67
48
54
93
23
112
-16
105
-49
74
-64
31
-53
-5
-16
-19
28
-5
54
15
40
13
-19
-38
-92
-137
-137
-246
-117
-305
-29
-272
75
-141
144
32
119
173
-1
211
-155
141
-276
9
-295
-110
-203
-158
-39
-119
122
-28
226
66
252
121
221
129
163
105
101
72
42
37
-23
-4
-100
-61
-175
-130
-225
-192
-230
-228
-191
-212
-122
-151
-52
-57
1
45
23
131
15
182
-16
185
-57
141
-95
54
-107
-49
-88
-146
-35
-201
33
-206
84
-173
93
-129
48
-103
-30
-100
-111
-110
-166
-107
-187
-78
-185
-25
-177
32
-175
76
-173
98
-157
107
-119
116
-61
134
-1
153
42
165
62
158
64
136
56
106
46
77
29
49
1
18
-34
-21
-66
-62
-79
-86
-71
-83
-53
-57
-43
-28
-53
-18
-76
-40
-90
-78
-71
-98
-18
-80
47
-21
80
52
55
92
-30
70
-139
-17
-223
-135
-243
-238
-192
-284
-91
-258
18
-180
101
-79
140
12
139
75
116
109
92
118
75
119
71
117
71
111
67
98
52
68
28
20
11
-37
13
-85
38
-101
78
-81
111
-33
112
11
76
24
16
-1
-31
-45
-37
-74
0
-57
55
-1
88
62
71
91
18
64
-39
-1
-57
-64
-21
-81
49
-47
106
14
117
59
78
59
15
16
-29
-42
-33
-81
-2
-83
33
-66
49
-49
42
-49
28
-54
26
-49
38
-18
47
29
33
68
-13
76
-72
48
-116
1
-124
-38
-91
-52
-40
-43
11
-25
49
-12
78
-2
102
8
117
18
119
21
100
3
65
-37
36
-79
30
-95
41
-70
45
-17
8
25
-74
17
-177
-46
-246
-129
-240
-176
-163
-147
-57
-58
18
37
29
82
-1
61
-16
11
26
-3
124
57
216
166
231
249
140
232
-11
98
-135
-97
-145
-250
-33
-278
139
-183
267
-33
281
71
188
71
65
-17
1
-117
40
-149
151
-83
256
36
287
144
228
179
118
142
24
74
-13
33
-1
41
19
83
1
115
-60
102
-139
45
-189
-25
-185
-72
-130
-69
-55
-26
4
33
28
76
17
86
-7
63
-25
18
-22
-30
12
-64
69
-66
138
-33
193
24
216
85
190
115
122
95
43
25
-11
-62
-9
-122
47
-120
127
-57
184
42
182
129
117
170
13
158
-86
112
-155
63
-178
32
-170
25
-151
32
-134
41
-117
43
-96
41
-65
37
-23
37
28
40
76
45
121
54
155
63
168
64
157
46
121
-1
74
-71
37
-146
30
-197
54
-198
87
-151
102
-80
73
-22
4
-5
-78
-33
-134
-78
-136
-107
-87
-95
-19
-49
30
-6
35
-4
8
-57
-19
-149
-8
-239
52
-288
146
-277
231
-226
271
-170
260
-138
218
-132
184
-129
182
-96
209
-13
238
105
228
217
163
277
55
262
-50
186
-110
89
-103
17
-43
-7
28
5
71
20
66
8
31
-40
-4
-100
-8
-136
21
-120
59
-54
71
31
33
95
-51
111
-146
82
-212
35
-223
6
-182
21
-112
75
-51
148
-26
206
-40
224
-76
194
-107
132
-110
62
-72
12
-3
0
70
23
122
59
132
79
98
64
42
8
-4
-64
-12
-113
17
-116
59
-71
79
-5
49
41
-26
41
-113
3
-166
-37
-164
-37
-116
25
-65
127
-59
220
-106
255
-190
223
-262
143
-284
61
-243
11
-172
-6
-105
-16
-72
-45
-62
-103
-48
-170
-5
-209
67
-196
143
-131
185
-47
174
28
118
71
37
83
-38
76
-96
57
-134
30
-153
-8
-148
-48
-111
-70
-42
-56
36
-5
95
64
105
112
62
113
-12
63
-77
-11
-105
-74
-92
-102
-61
-98
-35
-84
-20
-71
-7
-55
18
-25
59
33
95
100
104
144
80
139
46
88
38
29
80
7
154
40
211
104
198
139
108
95
-21
-29
-115
-177
-121
-268
-41
-257
64
-150
117
-17
73
71
-49
71
-187
4
-277
-79
-298
-134
-273
-161
-247
-187
-243
-245
-240
-330
-203
-399
-107
-400
18
-316
110
-190
114
-94
21
-87
-114
-170
-210
-281
-209
-342
-118
-300
-4
-177
59
-35
28
49
-74
45
-186
-19
-247
-90
-240
-126
-197
-118
-157
-95
-148
-88
-163
-100
-174
-113
-165
-105
-146
-73
-142
-42
-172
-50
-219
-107
-242
-187
-202
-237
-91
-212
57
-110
177
33
222
158
184
214
98
201
13
142
-33
78
-38
32
-23
4
-8
-21
-1
-48
6
-69
23
-74
43
-54
55
-25
41
-4
1
-5
-47
-24
-83
-42
-101
-45
-111
-35
-134
-33
-176
-62
-216
-115
-221
-158
-170
-148
-70
-54
25
103
59
260
-1
346
-134
329
-277
221
-358
88
-340
-3
-241
-18
-119
28
-38
87
-21
110
-55
81
-98
24
-112
-23
-88
-29
-48
4
-30
54
-47
95
-96
107
-151
101
-188
93
-197
101
-183
129
-165
166
-156
197
-155
209
-161
204
-159
187
-150
161
-127
129
-97
95
-57
64
-8
47
52
52
112
87
159
143
172
202
141
240
67
233
-31
175
-127
72
-190
-49
-199
-156
-151
-218
-65
-221
29
-174
98
-95
118
-16
88
35
19
45
-59
19
-122
-25
-150
-74
-138
-103
-88
-98
-8
-55
81
29
156
137
193
241
179
305
118
305
37
239
-22
134
-26
39
30
-8
117
6
189
53
208
91
167
83
97
31
41
-35
31
-74
66
-65
113
-18
138
35
126
57
95
49
77
30
93
33
134
72
165
127
154
161
91
144
1
73
-75
-20
-113
-95
-117
-136
-112
-153
-127
-174
-164
-218
-198
-275
-193
-310
-136
-281
-46
-188
33
-52
57
71
23
144
-44
156
-99
133
-108
118
-72
132
-21
171
10
208
4
212
-35
175
-76
106
-98
29
-88
-32
-50
-62
-3
-60
42
-29
69
17
66
69
33
103
-33
101
-108
59
-168
-5
-183
-63
-148
-85
-76
-62
1
-8
49
47
64
80
58
89
56
92
65
105
76
129
68
137
28
110
-30
42
-69
-43
-62
-103
-10
-100
60
-41
100
42
76
101
-1
111
-92
82
-157
47
-177
42
-171
67
-170
98
-194
103
-230
74
-250
34
-230
13
-175
34
-116
80
-91
113
-111
98
-153
34
-177
-43
-155
-93
-95
-96
-34
-68
-13
-48
-41
-73
-90
-141
-112
-214
-80
-245
-3
-209
80
-124
123
-28
105
38
45
57
-23
45
-69
31
-84
31
-85
44
-91
55
-108
51
-132
36
-144
19
-144
11
-136
12
-135
10
-140
-4
-146
-24
-141
-39
-124
-40
-101
-29
-86
-18
-83
-21
-86
-33
-78
-40
-54
-30
-24
-1
-8
29
-17
31
-49
-4
-71
-61
-54
-102
8
-98
89
-47
148
18
156
53
120
40
77
-8
67
-53
105
-49
167
6
208
85
194
146
123
156
25
119
-61
65
-114
16
-139
-21
-155
-55
-170
-101
-174
-152
-146
-179
-75
-153
16
-69
87
45
103
142
59
188
-16
180
-80
146
-110
114
-105
96
-92
81
-88
49
-86
-1
-61
-41
1
-36
85
24
142
108
134
156
52
124
-55
13
-115
-116
-81
-178
35
-127
159
21
204
178
121
256
-64
206
-262
56
-380
-114
-373
-219
-262
-218
-118
-133
-11
-18
29
73
16
116
-9
122
-17
114
4
104
47
97
103
93
169
100
243
136
317
204
362
288
347
353
262
357
123
286
-23
153
-129
4
-170
-119
-151
-190
-101
-209
-49
-193
-13
-158
8
-109
18
-48
11
13
-20
54
-73
52
-137
4
-182
-71
-183
-140
-137
-178
-68
-179
-8
-166
21
-165
20
-185
14
-211
25
-216
53
-181
76
-121
64
-61
11
-35
-67
-51
-127
-88
-143
-108
-106
-91
-39
-32
25
47
69
120
88
175
100
218
110
254
115
278
103
274
75
231
49
157
48
81
86
37
151
43
205
80
209
107
154
85
67
10
-4
-79
-26
-139
-1
-141
32
-94
28
-49
-31
-42
-123
-88
-200
-157
-224
-204
-193
-199
-133
-146
-87
-77
-79
-25
-95
1
-108
18
-96
52
-67
105
-47
163
-57
188
-97
167
-133
112
-132
60
-85
48
-11
82
45
134
52
163
10
144
-50
83
-86
15
-79
-25
-43
-32
-8
-20
2
-17
-9
-36
-18
-61
-5
-69
31
-45
66
3
70
42
35
45
-20
8
-62
-40
-69
-71
-48
-69
-23
-48
-25
-39
-55
-64
-93
-117
-98
-165
-57
-175
16
-134
82
-64
112
-4
100
21
71
18
61
18
81
54
117
129
125
209
74
249
-30
218
-148
127
-227
14
-238
-69
-190
-103
-126
-103
-83
-107
-71
-146
-64
-215
-26
-280
63
-298
183
-254
291
-175
342
-107
319
-91
250
-135
188
-210
170
-260
199
-252
240
-190
247
-115
199
-66
104
-71
7
-110
-45
-144
-33
-131
21
-62
75
37
89
122
58
156
7
141
-28
99
-20
71
23
74
68
93
83
99
56
61
16
-16
0
-98
36
-140
117
-111
207
-26
257
75
242
144
175
161
100
139
55
116
52
123
66
161
59
197
4
192
-89
127
-180
21
-227
-83
-216
-141
-161
-135
-104
-87
-81
-31
-94
4
-129
18
-151
30
-143
55
-116
98
-91
140
-79
158
-79
146
-68
116
-33
100
22
107
69
137
78
153
36
128
-41
59
-120
-33
-164
-111
-168
-146
-146
-135
-132
-99
-138
-65
-163
-47
-183
-33
-182
-13
-159
18
-135
49
-122
53
-125
17
-124
-51
-93
-114
-24
-141
66
-119
138
-61
156
-7
107
6
21
-29
-64
-87
-108
-131
-100
-133
-59
-86
-17
-17
1
45
-6
76
-22
76
-23
58
1
42
42
37
79
31
95
13
84
-28
59
-88
31
-149
14
-192
7
-204
-1
-183
-24
-145
-71
-106
-138
-78
-208
-65
-267
-61
-303
-59
-319
-59
-315
-66
-301
-87
-269
-119
-221
-148
-146
-158
-61
-136
18
-86
65
-26
59
11
6
9
-73
-35
-141
-97
-175
-149
-169
-175
-135
-166
-97
-143
-65
-124
-40
-116
-7
-112
42
-93
105
-54
162
-2
190
41
177
57
134
36
83
-13
46
-67
35
-104
46
-111
71
-90
93
-46
106
14
107
78
97
140
74
186
41
209
6
204
-22
177
-31
144
-23
112
-6
80
6
43
8
-8
8
-65
20
-111
49
-127
87
-107
114
-67
108
-37
71
-35
24
-64
3
-96
26
-98
86
-56
145
17
168
79
138
98
70
59
4
-17
-29
-91
-22
-132
6
-139
25
-129
17
-120
-9
-117
-32
-106
-40
-72
-42
-15
-56
42
-100
66
-164
36
-220
-37
-225
-119
-165
-164
-52
-156
70
-100
160
-30
196
21
178
35
136
18
89
-12
56
-41
33
-63
18
-71
16
-66
20
-39
30
11
32
67
15
111
-21
118
-62
89
-82
42
-57
8
9
14
95
62
158
123
172
165
136
165
73
125
16
63
-21
1
-33
-48
-30
-83
-23
-108
-8
-124
18
-116
57
-70
95
1
105
77
73
122
4
116
-71
68
-115
8
-107
-21
-57
-5
0
50
25
104
2
124
-52
93
-102
33
-112
-19
-76
-31
-15
1
32
53
35
81
-13
58
-82
-24
-130
-127
-123
-212
-58
-238
35
-201
110
-126
134
-60
100
-33
34
-52
-18
-86
-23
-96
19
-56
78
33
111
134
88
200
18
202
-66
147
-115
76
-106
29
-52
27
8
54
37
80
20
66
-25
13
-57
-57
-51
-104
-6
-105
57
-61
96
2
96
54
56
75
1
62
-48
30
-75
-8
-78
-45
-60
-71
-25
-81
17
-71
56
-45
73
-21
57
-22
16
-61
-23
-126
-30
-180
13
-183
85
-118
141
-15
134
72
49
91
-76
25
-182
-85
-212
-175
-155
-192
-52
-129
31
-27
49
50
-1
69
-74
36
-115
-4
-101
-7
-49
38
-1
105
11
153
-13
161
-43
132
-45
104
-1
105
67
142
127
194
146
226
124
216
79
159
40
75
30
-12
50
-84
97
-126
156
-134
216
-102
261
-42
273
30
240
87
168
105
71
83
-15
32
-70
-20
-89
-64
-88
-100
-80
-143
-68
-202
-35
-251
37
-261
141
-204
238
-89
281
35
234
109
113
95
-28
11
-123
-88
-136
-141
-85
-124
-22
-61
4
-2
-20
17
-60
-4
-75
-24
-44
-6
9
47
37
98
13
105
-49
45
-98
-48
-87
-112
-11
-104
87
-28
144
66
127
115
52
96
-23
37
-43
-2
3
22
76
105
115
194
83
231
2
188
-78
96
-101
8
-52
-23
35
6
107
67
127
114
92
128
35
112
-15
93
-47
81
-76
68
-115
32
-155
-34
-172
-109
-141
-161
-59
-156
42
-105
119
-38
140
-4
114
-19
75
-75
62
-132
88
-158
135
-144
175
-110
179
-78
156
-62
129
-47
113
-13
110
44
102
107
74
153
28
161
-11
142
-12
128
33
144
104
197
160
255
173
286
145
266
104
206
85
147
100
123
122
134
115
148
49
116
-57
18
-154
-119
-182
-236
-119
-268
8
-190
129
-42
177
106
128
181
18
168
-83
95
-115
35
-66
37
21
106
79
197
62
241
-28
199
-136
90
-198
-37
-173
-110
-78
-97
30
-13
91
86
76
146
7
146
-67
109
-105
73
-97
70
-63
95
-43
123
-56
127
-86
100
-110
66
-105
51
-80
65
-66
90
-88
83
-139
26
-189
-72
-187
-155
-110
-176
17
-111
137
13
190
133
153
190
56
163
-47
79
-100
-11
-89
-60
-34
-53
16
-12
31
30
2
47
-51
37
-103
10
-135
-18
-141
-37
-122
-41
-86
-23
-38
20
9
77
33
132
23
148
-24
106
-78
6
-98
-111
-58
-192
44
-199
160
-131
231
-33
221
40
128
52
5
5
-97
-57
-143
-90
-136
-76
-113
-23
-105
29
-124
57
-151
57
-161
49
-137
50
-94
68
-45
94
-11
117
5
131
11
140
3
151
-20
152
-64
129
-126
77
-177
6
-187
-44
-144
-33
-66
46
-2
163
3
254
-63
267
-161
191
-223
69
-198
-28
-85
-52
71
6
195
99
238
167
196
172
107
117
21
37
-33
-30
-61
-76
-88
-110
-123
-151
-158
-199
-168
-231
-135
-216
-70
-144
-8
-33
13
69
-22
117
-91
98
-148
33
-156
-32
-103
-58
-13
-35
69
16
108
58
99
67
64
46
35
16
33
8
49
37
67
93
51
144
-4
157
-83
124
-153
59
-180
1
-152
-17
-93
10
-41
59
-32
85
-70
58
-119
-14
-132
-92
-82
-116
20
-60
117
52
155
160
107
197
5
141
-81
34
-82
-52
16
-49
161
42
276
170
298
251
226
232
122
127
60
0
81
-77
163
-72
238
-19
245
25
170
8
51
-67
-49
-158
-98
-216
-99
-218
-97
-191
-125
-175
-183
-196
-238
-238
-243
-259
-197
-228
-127
-153
-83
-76
-90
-46
-130
-77
-156
-142
-123
-182
-34
-158
71
-74
134
21
118
74
36
57
-61
-13
-125
-91
-130
-132
-96
-127
-59
-96
-46
-68
-54
-58
-62
-58
-45
-47
0
-6
51
59
88
124
89
162
64
156
27
110
3
39
8
-37
48
-92
112
-115
187
-93
248
-37
269
33
233
83
145
88
25
40
-82
-40
-141
-112
-141
-143
-97
-123
-39
-65
0
-3
15
45
16
75
22
96
36
117
53
136
56
132
44
98
28
37
28
-27
54
-69
93
-81
122
-78
119
-86
90
-115
58
-151
52
-161
77
-123
110
-38
112
59
62
119
-35
120
-140
66
-206
-6
-211
-54
-165
-63
-106
-47
-66
-37
-55
-56
-56
-102
-38
-153
16
-173
104
-140
199
-49
267
77
279
202
216
290
92
302
-64
231
-204
94
-270
-57
-240
-155
-112
-153
57
-48
192
115
231
252
160
301
22
238
-107
106
-159
-23
-112
-85
0
-57
117
35
180
142
171
222
109
255
27
247
-45
214
-90
173
-107
130
-95
101
-55
97
1
124
48
170
61
199
27
182
-37
103
-91
-6
-95
-103
-48
-144
23
-126
62
-93
40
-92
-29
-140
-96
-214
-115
-257
-74
-224
-12
-129
8
-23
-40
30
-135
6
-210
-54
-206
-85
-124
-36
-13
81
50
201
25
248
-69
197
-160
81
-184
-25
-122
-63
-25
-27
41
33
36
61
-30
33
-105
-28
-142
-73
-129
-74
-99
-43
-86
-11
-97
-6
-112
-25
-94
-31
-35
1
43
74
96
144
93
170
55
139
16
77
17
33
57
33
96
64
91
85
30
54
-53
-20
-109
-98
-102
-126
-49
-88
4
-14
13
42
-25
47
-69
10
-67
-19
-4
4
92
81
160
170
156
206
94
166
24
72
6
-9
57
-23
139
39
190
135
163
203
62
203
-63
143
-153
65
-174
14
-135
11
-67
45
-4
95
45
143
78
184
101
215
105
221
86
185
52
99
32
-16
53
-112
127
-144
225
-102
289
-18
275
47
178
49
40
-14
-74
-101
-119
-158
-98
-149
-49
-86
-16
-11
-23
42
-54
59
-79
60
-76
63
-51
81
-26
96
-16
91
-19
61
-13
26
13
8
56
21
88
44
88
52
58
29
23
-13
13
-45
39
-34
76
9
89
51
58
53
-1
-1
-45
-80
-27
-129
53
-110
153
-25
214
74
198
124
122
97
40
13
11
-65
62
-83
161
-27
248
71
275
151
228
170
146
121
82
40
70
-30
114
-54
182
-28
233
21
237
62
192
66
112
27
33
-42
-25
-116
-43
-166
-26
-171
7
-128
25
-58
1
4
-73
21
-176
-21
-267
-103
-307
-189
-276
-236
-192
-231
-91
-186
-4
-132
58
-83
106
-33
161
36
214
136
243
245
210
315
105
300
-31
193
-137
37
-152
-88
-69
-121
62
-52
160
64
165
148
76
144
-50
62
-137
-46
-139
-107
-69
-91
16
-17
62
64
45
105
-9
99
-53
78
-61
77
-40
109
-26
149
-46
160
-98
125
-143
64
-145
22
-97
30
-31
88
6
151
-18
170
-80
123
-134
39
-122
-20
-35
-3
83
93
163
211
151
275
52
228
-71
87
-136
-83
-90
-194
52
-193
217
-94
323
35
317
119
216
115
86
38
-6
-50
-25
-96
10
-71
47
-4
37
54
-33
58
-131
-3
-208
-96
-220
-172
-164
-194
-71
-162
15
-98
59
-42
57
-18
29
-31
1
-66
-8
-105
8
-132
38
-141
78
-132
117
-102
151
-50
168
16
158
80
114
118
39
115
-45
77
-106
26
-125
-6
-109
0
-83
36
-78
69
-112
68
-166
21
-206
-47
-196
-93
-128
-81
-33
-4
40
107
52
199
-1
237
-92
216
-177
160
-221
110
-228
83
-218
74
-219
58
-237
22
-257
-28
-252
-66
-209
-65
-147
-18
-101
47
-98
89
-138
79
-185
25
-196
-36
-142
-54
-35
0
76
105
143
218
138
289
75
298
-2
260
-52
212
-62
188
-48
192
-49
198
-86
168
-148
87
-199
-28
-201
-133
-133
-183
-21
-166
93
-98
166
-19
180
30
148
35
108
10
85
-16
91
-22
112
-6
123
22
114
41
85
47
52
42
26
37
10
37
-3
35
-18
23
-30
-4
-27
-34
1
-50
52
-35
112
6
154
60
160
96
129
101
76
74
30
35
3
2
-8
-16
-19
-28
-40
-49
-69
-85
-86
-122
-70
-134
-24
-103
31
-28
56
52
27
92
-52
61
-139
-33
-180
-146
-144
-212
-34
-194
96
-93
179
39
173
130
83
139
-37
69
-120
-28
-117
-87
-34
-64
78
37
157
163
158
252
83
261
-21
191
-101
83
-119
-16
-77
-69
-6
-74
54
-53
78
-30
67
-13
37
0
3
22
-33
55
-77
85
-135
98
-194
88
-232
71
-232
69
-192
98
-134
155
-91
209
-83
222
-109
175
-129
81
-112
-20
-37
-81
77
-79
190
-25
255
43
247
86
182
81
90
33
11
-30
-28
-83
-27
-103
-1
-91
37
-49
67
10
82
72
74
122
42
144
-6
129
-52
82
-76
32
-66
-2
-30
-5
7
16
22
40
6
37
-29
7
-52
-29
-40
-40
4
-7
49
58
62
115
25
129
-42
85
-102
6
-118
-64
-87
-98
-37
-100
-5
-97
-6
-118
-23
-168
-23
-210
21
-202
100
-125
169
-2
180
112
112
158
1
120
-98
27
-126
-62
-73
-99
28
-74
120
-23
163
8
151
-11
120
-68
106
-132
130
-165
179
-156
222
-121
235
-81
217
-57
185
-40
160
-22
148
12
145
60
136
111
116
156
81
184
37
197
-16
189
-74
149
-138
77
-187
-18
-202
-107
-170
-151
-98
-128
-22
-43
12
62
-23
134
-119
139
-236
81
-314
-7
-319
-74
-251
-87
-144
-46
-42
18
19
72
37
90
27
68
15
18
11
-43
27
-98
54
-132
86
-146
110
-132
116
-103
94
-74
42
-61
-26
-72
-87
-100
-119
-120
-110
-114
-66
-74
-14
-13
29
44
57
83
81
107
116
133
167
173
211
225
226
261
194
255
128
197
56
100
10
0
0
-77
14
-123
29
-148
35
-165
34
-174
47
-147
82
-62
112
72
99
215
12
302
-141
289
-304
183
-399
48
-381
-35
-261
-24
-110
69
-11
168
-8
192
-78
112
-145
-40
-134
-175
-19
-217
155
-146
300
-8
337
108
256
134
109
64
-15
-53
-56
-138
-12
-138
68
-61
117
37
92
94
6
74
-83
-1
-123
-82
-89
-115
-4
-86
75
-17
104
42
69
49
-4
-2
-66
-82
-86
-148
-57
-168
-4
-141
35
-95
40
-58
12
-48
-23
-61
-42
-74
-28
-67
5
-35
37
11
43
51
24
65
-18
46
-62
4
-93
-54
-105
-112
-91
-160
-59
-187
-6
-182
57
-140
117
-65
154
27
154
109
115
156
53
163
-6
143
-45
115
-51
100
-42
98
-37
97
-51
79
-81
33
-107
-30
-114
-88
-90
