145
161
221
148
265
72
247
-27
175
-104
86
-131
18
-115
-4
-83
15
-66
49
-80
75
-119
83
-172
68
-223
34
-264
-23
-291
-102
-289
-196
-243
-274
-142
-303
-1
-266
134
-164
227
-42
239
43
179
57
91
4
18
-77
3
-139
42
-150
105
-116
156
-61
177
-9
177
37
178
90
185
168
187
259
156
330
79
346
-26
289
-115
189
-142
95
-95
57
-4
86
74
151
91
198
41
190
-42
119
-108
30
-124
-36
-92
-59
-51
-57
-32
-66
-35
-102
-30
-151
17
-171
116
-122
228
-8
293
121
267
194
156
168
13
45
-83
-112
-91
-226
-13
-253
91
-202
154
-124
146
-69
83
-62
11
-79
-27
-82
-23
-45
-4
25
-4
94
-36
133
-93
129
-142
100
-163
72
-158
51
-150
32
-153
1
-166
-45
-170
-87
-153
-92
-121
-52
-103
21
-129
83
-212
98
-315
54
-392
-16
-401
-65
-336
-64
-230
-16
-129
52
-61
97
-21
112
11
107
52
105
85
104
92
87
51
18
-22
-103
-79
-243
-80
-333
-16
-327
68
-222
103
-77
37
25
-121
27
-302
-71
-415
-199
-402
-278
-275
-257
-101
-144
42
1
102
110
81
146
18
118
-39
56
-69
-8
-78
-62
-83
-108
-94
-153
-105
-189
-108
-207
-98
-200
-86
-176
-77
-152
-76
-137
-66
-129
-37
-112
15
-77
66
-31
95
-1
90
-9
58
-60
30
-134
33
-187
64
-194
97
-161
97
-115
48
-89
-32
-90
-105
-98
-143
-79
-144
-21
-136
57
-150
119
-193
129
-242
85
-255
18
-210
-31
-116
-41
-11
-20
66
-1
98
-6
99
-34
97
-62
105
-66
114
-45
103
-13
62
1
1
-7
-51
-25
-71
-27
-59
4
-35
47
-23
79
-30
78
-39
51
-21
29
31
42
90
86
115
133
78
133
-13
64
-111
-54
-163
-165
-145
-222
-81
-205
-23
-146
-13
-99
-52
-93
-108
-128
-134
-162
-110
-163
-55
-122
-12
-73
-11
-54
-47
-85
-77
-145
-69
-183
-12
-166
61
-93
98
-4
71
49
-12
37
-101
-27
-144
-91
-117
-108
-38
-64
40
15
78
86
62
108
11
76
-35
4
-44
-71
-13
-124
45
-143
104
-132
147
-107
163
-74
151
-49
119
-35
78
-31
40
-30
17
-20
11
8
11
50
5
95
-19
120
-61
108
-103
65
-121
13
-102
-24
-52
-28
4
-16
44
5
57
11
52
1
52
-7
69
6
99
49
117
103
106
146
65
158
13
139
-25
109
-37
89
-26
84
-17
83
-25
64
-45
18
-54
-40
-33
-74
28
-55
103
22
150
124
135
209
53
231
-63
185
-166
94
-214
1
-190
-52
-112
-49
-25
-4
40
52
58
90
39
88
1
49
-28
-9
-28
-64
2
-90
52
-80
98
-37
121
18
103
61
51
73
-22
52
-88
11
-127
-27
-132
-46
-113
-39
-91
-16
-80
6
-81
15
-90
13
-89
13
-74
25
-52
51
-34
81
-33
100
-45
100
-61
83
-62
64
-40
59
-2
76
37
113
58
150
48
167
11
151
-37
103
-76
33
-85
-34
-64
-80
-18
-90
37
-69
85
-26
106
18
104
50
87
70
73
83
70
104
78
136
83
170
67
187
30
163
-23
92
-62
-12
-64
-119
-17
-199
66
-230
158
-218
229
-180
257
-144
245
-124
204
-119
154
-129
107
-144
74
-154
52
-158
44
-145
45
-117
47
-76
40
-35
10
-14
-36
-28
-85
-76
-112
-136
-100
-174
-48
-167
11
-118
45
-60
25
-29
-37
-52
-110
-115
-147
-183
-124
-209
-54
-175
24
-93
69
-4
59
53
14
66
-30
52
-48
42
-35
57
-13
87
-5
111
-22
110
-47
86
-54
66
-26
76
23
129
60
199
57
247
15
248
-40
201
-62
141
-28
116
55
148
141
222
183
289
155
305
75
243
-10
129
-49
11
-23
-58
52
-54
124
11
149
93
100
147
-11
141
-148
72
-260
-29
-313
-124
-292
-176
-214
-168
-110
-109
-20
-27
35
45
54
86
57
95
67
95
98
105
138
133
159
157
139
146
83
78
24
-32
8
-136
58
-178
156
-133
244
-25
264
80
190
113
57
51
-65
-67
-104
-167
-42
-187
74
-118
174
-6
196
72
145
78
76
28
53
-18
100
3
184
100
231
221
189
289
59
252
-96
123
-194
-32
-188
-134
-93
-139
21
-72
81
4
60
28
-22
-22
-106
-119
-138
-216
-104
-265
-22
-250
64
-185
123
-91
138
5
105
82
30
119
-70
102
-169
35
-234
-57
-233
-124
-161
-129
-50
-66
40
30
63
95
16
83
-60
-1
-99
-100
-62
-151
35
-116
127
-23
148
58
77
62
-50
-20
-154
-143
-177
-233
-112
-241
-11
-176
62
-87
77
-25
48
-7
24
-4
32
21
68
81
88
145
63
165
-11
113
-84
8
-102
-95
-47
-148
55
-132
151
-81
199
-40
202
-25
194
-20
205
13
231
88
231
173
163
206
30
146
-114
-1
-191
-156
-156
-238
-28
-198
115
-64
184
84
143
167
26
158
-88
103
-137
59
-109
75
-45
142
1
214
1
252
-21
249
-30
234
-5
235
38
255
61
263
42
219
1
124
-22
15
9
-52
81
-47
138
2
122
25
22
-37
-108
-178
-181
-327
-139
-388
5
-307
163
-114
231
93
162
205
-14
174
-198
35
-289
-119
-253
-203
-127
-186
4
-103
67
-25
42
-6
-34
-46
-106
-116
-134
-170
-119
-186
-82
-166
-47
-124
-21
-71
1
-1
24
87
40
182
31
262
-11
299
-72
279
-129
213
-148
136
-122
71
-66
30
-5
4
42
-19
71
-43
93
-62
117
-59
133
-33
130
-2
96
11
35
-6
-24
-49
-56
-91
-42
-103
4
-76
50
-23
71
25
54
40
9
13
-30
-38
-47
-88
-33
-117
-6
-120
12
-112
7
-109
-18
-121
-48
-144
-67
-161
-62
-158
-40
-127
-17
-76
-7
-23
-19
13
-48
23
-79
7
-95
-22
-87
-50
-54
-70
-6
-74
51
-68
105
-52
154
-28
198
8
228
49
238
85
218
97
178
75
129
25
98
-34
95
-75
119
-81
143
-59
139
-37
96
-41
27
-83
-36
-138
-59
-170
-33
-148
16
-69
47
39
30
124
-37
154
-120
126
-176
65
-172
16
-105
3
-10
28
81
70
138
107
155
119
142
105
110
69
71
18
33
-43
1
-101
-17
-139
-19
-150
-10
-122
-7
-78
-25
-37
-57
-25
-88
-35
-87
-49
-39
-37
47
12
139
85
199
144
210
158
187
119
161
49
158
-16
178
-54
199
-66
191
-76
146
-103
85
-144
33
-175
12
-170
14
-121
12
-50
-14
11
-65
35
-118
28
-141
11
-124
11
-79
27
-37
42
-21
32
-24
-12
-25
-71
-4
-112
35
-120
67
-103
65
-91
18
-112
-45
-161
-88
-207
-81
-211
-33
-148
12
-46
16
52
-37
101
-124
88
-202
39
-235
-17
-218
-50
-178
-65
-137
-82
-106
-109
-72
-135
-18
-132
54
-86
116
-8
131
60
87
75
8
32
-52
-37
-52
-75
12
-35
94
74
124
190
64
243
-76
190
-226
54
-308
-98
-283
-187
-172
-177
-44
-94
33
-1
29
42
-28
13
-76
-53
-65
-100
8
-89
110
-25
181
56
186
99
134
73
63
-4
25
-89
42
-131
93
-116
133
-64
125
-19
59
-18
-36
-65
-113
-129
-134
-168
-99
-151
-37
-78
8
12
9
76
-29
88
-76
54
-96
6
-68
-28
-6
-23
60
2
95
26
91
23
57
-8
17
-54
-9
-94
-19
-116
-22
-121
-29
-118
-40
-112
-39
-91
-22
-43
5
35
19
125
-4
190
-67
190
-149
119
-204
9
-193
-92
-108
-136
19
-109
133
-36
183
27
158
40
80
-11
-1
-103
-41
-192
-28
-247
29
-250
100
-209
158
-141
197
-60
216
26
217
115
202
198
165
260
108
293
39
291
-27
264
-79
223
-116
173
-142
113
-161
42
-175
-40
-165
-118
-127
-172
-58
-182
21
-147
88
-84
122
-16
121
37
101
76
80
117
68
168
52
228
18
272
-45
272
-126
218
-190
124
-212
24
-172
-49
-84
-73
21
-61
105
-33
157
-14
182
-7
195
-8
210
4
221
25
218
43
184
42
132
8
79
-46
56
-95
73
-110
115
-82
158
-30
167
16
140
23
98
-2
72
-45
86
-65
136
-47
194
7
229
66
215
100
160
88
92
31
44
-40
35
-100
66
-129
118
-120
170
-86
202
-44
209
-5
196
21
165
27
128
11
98
-20
86
-47
99
-55
127
-31
151
16
144
59
94
66
14
22
-59
-57
-88
-129
-55
-150
21
-105
93
-18
119
59
83
81
15
37
-35
-35
-21
-87
53
-77
147
-8
209
76
201
121
128
98
36
22
-25
-65
-34
-120
-1
-124
33
-95
37
-69
6
-66
-39
-88
-70
-115
-69
-124
-45
-113
-15
-94
7
-78
26
-71
51
-54
88
-20
124
33
134
81
100
93
33
52
-39
-28
-76
-112
-58
-155
-3
-141
49
-93
63
-49
27
-45
-32
-83
-74
-134
-71
-159
-27
-136
24
-76
45
-16
15
12
-49
-8
-113
-59
-144
-105
-134
-122
-98
-104
-69
-70
-63
-45
-77
-42
-93
-52
-88
-54
-59
-32
-22
10
1
49
-7
59
-39
23
-70
-48
-68
-121
-18
-159
67
-145
153
-89
197
-25
180
5
114
-19
41
-86
-3
-153
8
-180
58
-151
110
-80
124
-13
86
18
18
-1
-39
-42
-49
-66
-13
-42
39
24
65
94
40
126
-23
98
-81
35
-92
-18
-40
-18
43
40
107
118
115
165
68
153
6
89
-23
16
6
-18
71
4
124
52
121
76
57
37
-30
-57
-86
-165
-76
-226
-3
-206
85
-118
129
-7
105
74
21
95
-80
59
-152
4
-166
-40
-133
-54
-76
-42
-18
-23
25
-6
56
6
78
17
91
30
86
28
58
5
15
-51
-24
-126
-33
-190
6
-209
78
-165
161
-64
209
60
195
162
127
204
27
179
-57
103
-87
23
-50
-25
40
-21
142
28
214
93
238
136
211
142
159
110
110
61
80
15
71
-18
74
-35
76
-48
76
-59
76
-69
83
-71
98
-62
114
-42
119
-28
112
-25
94
-36
79
-49
74
-52
70
-39
60
-13
35
15
-14
33
-74
38
-134
38
-183
38
-217
41
-240
42
-250
44
-245
42
-221
45
-177
60
-123
85
-73
109
-39
119
-19
108
-9
80
6
50
28
28
50
14
64
6
64
-4
58
-11
57
-4
64
26
66
73
51
113
13
126
-40
105
-74
69
-73
49
-33
69
11
117
20
155
-25
139
-111
54
-182
-67
-195
-164
-135
-186
-41
-124
25
-21
15
53
-69
55
-180
-11
-251
-99
-244
-151
-169
-142
-75
-90
-8
-37
14
-17
11
-28
15
-43
39
-37
64
-11
57
4
-1
-31
-88
-124
-156
-239
-158
-322
-86
-321
25
-232
115
-92
139
34
94
105
16
119
-45
105
-58
98
-30
115
10
143
36
160
41
151
40
120
49
95
75
88
105
104
117
127
98
132
55
115
11
89
-13
70
-11
74
4
98
19
132
24
159
23
181
25
204
33
234
39
271
22
298
-27
288
-108
225
-197
109
-255
-28
-258
-141
-200
-194
-107
-177
-22
-115
13
-51
-14
-31
-81
-75
-138
-161
-136
-240
-57
-261
76
-202
210
-84
286
38
277
104
199
88
107
9
54
-80
65
-126
121
-108
176
-45
180
18
121
37
21
-1
-74
-75
-121
-144
-110
-182
-52
-171
22
-122
88
-47
131
30
144
103
129
152
88
165
29
134
-25
67
-50
-2
-34
-45
21
-43
78
-1
105
42
87
54
42
28
11
-9
28
-11
87
52
152
169
167
284
98
332
-35
282
-171
148
-244
-1
-215
-105
-107
-124
28
-72
124
5
156
54
130
59
86
24
64
-17
76
-34
110
-22
146
8
158
36
145
44
114
25
86
-10
74
-42
91
-49
127
-21
160
44
158
117
100
156
-9
132
-141
43
-243
-77
-273
-166
-228
-178
-143
-113
-83
-14
-95
51
-176
40
-272
-37
-315
-122
-269
-146
-156
-83
-43
39
4
144
-33
175
-112
124
-164
42
-139
3
-42
44
62
148
107
248
60
279
-52
218
-165
91
-221
-43
-201
-134
-132
-174
-54
-184
0
-187
31
-188
59
-178
92
-137
120
-73
119
-8
81
31
16
35
-43
21
-72
18
-70
47
-62
90
-81
112
-132
81
-192
-3
-222
-110
-186
-192
-90
-217
34
-185
141
-117
209
-43
228
23
214
81
178
132
115
163
28
153
-73
101
-155
17
-184
-54
-146
-71
-62
-19
16
76
45
155
8
177
-62
133
-118
55
-120
-5
-72
-18
-11
6
16
28
-8
9
-66
-55
-109
-134
-106
-182
-60
-176
-5
-124
22
-64
4
-31
-45
-38
-86
-62
-91
-74
-61
-54
-21
-14
-4
13
-16
7
-41
-37
-45
-89
-9
-111
61
-81
125
-10
146
60
102
88
8
52
-93
-38
-155
-139
-154
-211
-94
-232
-8
-202
67
-144
115
-88
131
-47
129
-21
123
-4
120
11
112
21
93
13
64
-15
36
-58
25
-91
37
-104
59
-87
69
-59
51
-44
6
-61
-42
-101
-63
-136
-42
-132
6
-83
45
-9
40
46
-15
49
-94
-3
-149
-75
-150
-121
-101
-114
-43
-66
-21
-23
-53
-28
-112
-89
-151
-171
-123
-214
-31
-185
78
-86
153
33
149
110
83
115
1
69
-45
11
-40
-16
-4
-6
23
11
13
6
-24
-37
-52
-88
-44
-104
-4
-62
33
24
18
101
-68
119
-197
61
-312
-49
-356
-150
-315
-197
-216
-175
-110
-107
-41
-42
-16
-4
-16
6
-11
4
8
16
33
42
39
64
16
57
-34
19
-78
-33
-97
-69
-84
-65
-63
-21
-61
40
-100
85
-180
91
-272
52
-343
-6
-378
-64
-364
-105
-325
-125
-269
-136
-209
-140
-144
-132
-72
-103
1
-44
53
35
60
100
8
114
-89
61
-189
-51
-235
-164
-199
-216
-88
-167
42
-20
119
164
93
300
-35
334
-204
255
-334
120
-368
4
-298
-45
-179
-28
-74
14
-27
23
-29
-25
-33
-107
6
-167
103
-158
221
-72
306
54
314
164
243
221
125
220
12
190
-66
157
-108
134
-131
113
-149
81
-154
37
-134
-3
-76
-13
4
16
77
65
115
107
109
117
77
97
42
69
21
52
5
50
-27
47
-85
17
-160
-45
-216
-118
-230
-170
-192
-173
-129
-128
-72
-63
-50
-11
-57
5
-69
-3
-59
-11
-24
-2
21
19
47
33
47
17
30
-30
24
-85
51
-112
108
-89
168
-16
192
73
157
138
62
146
-61
91
-170
-12
-226
-124
-206
-204
-124
-224
-4
-176
112
-81
181
21
183
89
129
97
52
49
-4
-22
-11
-71
23
-76
71
-39
92
9
70
35
11
29
-49
1
-89
-21
-105
-25
-115
-25
-142
-47
-179
-108
-201
-190
-168
-247
-71
-232
58
-139
161
-4
184
105
116
132
6
73
-83
-25
-94
-95
-33
-93
56
-28
108
54
93
94
25
72
-47
9
-75
-47
-49
-61
7
-30
49
17
52
44
25
35
-7
5
-11
-19
17
-17
59
14
88
53
87
76
57
62
17
18
-14
-42
-15
-100
10
-141
57
-154
112
-133
161
-87
185
-26
173
23
122
42
46
20
-25
-33
-66
-88
-64
-120
-22
-116
32
-81
75
-34
90
-1
77
8
52
-11
28
-45
18
-88
23
-131
40
-161
68
-170
98
-157
117
-124
117
-87
91
-59
45
-49
2
-44
-25
-28
-35
8
-39
54
-58
90
-96
93
-141
60
-165
13
-150
-21
-105
-27
-54
-14
-28
-12
-36
-40
-54
-90
-52
-125
-19
-110
24
-41
31
41
-31
78
-154
33
-279
-75
-338
-185
-292
-230
-167
-176
-32
-61
50
52
60
107
29
103
16
83
52
97
113
161
144
226
100
233
-9
146
-125
-12
-173
-165
-122
-237
-2
-208
110
-112
150
-26
110
5
37
-16
-9
-36
0
-11
38
64
50
144
-2
168
-103
107
-199
-7
-224
-106
-163
-131
-58
-71
21
24
17
82
-68
59
-180
-36
-245
-146
-229
-206
-141
-187
-38
-98
25
4
20
74
-40
84
-111
48
-153
-5
-150
-39
-105
-43
-49
-20
-8
7
5
14
-6
-11
-19
-61
-10
-111
34
-128
100
-98
155
-35
161
20
103
16
-2
-66
-101
-202
-134
-325
-72
-368
54
-305
179
-163
228
-11
178
76
54
80
-71
24
-137
-28
-132
-32
-84
15
-51
74
-63
98
-109
68
-148
9
-144
-35
-90
-41
-19
-6
32
37
45
61
28
57
8
42
7
40
20
52
30
65
21
63
8
43
10
25
40
37
86
81
110
131
91
139
31
86
-30
-12
-45
-109
8
-146
102
-110
177
-36
185
16
119
1
25
-74
-42
-165
-43
-216
11
-203
74
-147
98
-91
71
-69
19
-86
-25
-121
-34
-143
-15
-139
12
-119
32
-93
42
-60
54
-11
62
57
52
131
5
173
-72
163
-149
107
-180
54
-137
53
-43
125
46
236
71
318
18
312
-68
218
-114
93
-71
16
48
31
177
117
235
199
190
214
75
139
-34
23
-77
-62
-49
-76
-3
-28
3
21
-55
21
-144
-37
-206
-109
-197
-136
-125
-86
-45
10
-16
95
-57
119
-136
70
-194
-8
-190
-68
-126
-75
-42
-38
17
10
34
40
21
42
1
36
-6
36
-10
40
-25
31
-55
-6
-87
-62
-91
-115
-59
-136
-4
-116
42
-75
50
-47
21
-59
-19
-98
-37
-140
-13
-153
37
-122
89
-64
113
-8
106
30
78
46
48
46
25
41
6
25
-11
-6
-26
-52
-22
-94
8
-109
60
-85
106
-30
115
19
77
33
6
-2
-58
-67
-83
-126
-63
-148
-11
-137
38
-105
63
-79
69
-66
71
-58
81
-40
95
-4
98
35
74
57
24
51
-30
25
-64
6
-71
16
-65
52
-72
92
-108
106
-162
83
-206
35
-212
-4
-172
-8
-107
23
-56
67
-44
89
-71
66
-112
6
-140
-66
-134
-120
-101
-140
-59
-128
-33
-100
-30
-71
-44
-45
-62
-22
-76
6
-77
42
-71
84
-64
129
-59
165
-66
182
-85
160
-110
94
-121
-3
-100
-106
-32
-175
76
-183
194
-124
273
-29
286
61
222
110
112
106
-1
74
-78
44
-110
38
-112
54
-98
81
-86
103
-62
122
-18
157
44
220
101
301
121
367
82
380
-4
323
-98
208
-153
86
-146
4
-93
-16
-37
13
-10
52
-28
68
-66
59
-91
45
-78
59
-35
103
4
158
13
182
-13
146
-45
58
-41
-47
20
-118
124
-129
231
-89
285
-43
266
-28
188
-67
93
-140
26
-209
4
-232
13
-206
17
-152
-11
-108
-70
-98
-133
-120
-164
-146
-149
-149
-100
-115
-46
-62
-24
-25
-39
-28
-74
-74
-97
-136
-83
-175
-35
-170
16
-128
36
-78
6
-55
-57
-72
-119
-110
-144
-131
-127
-111
-91
-52
-76
12
-98
40
-153
13
-197
-49
-187
-97
-109
-83
6
6
98
138
119
250
47
282
-79
217
-196
91
-242
-41
-197
-112
-83
-98
43
-18
124
81
131
148
76
154
0
105
-55
32
-58
-25
-9
-37
69
6
139
83
166
163
139
206
70
194
-11
128
-67
40
-67
-34
-15
-65
66
-46
138
1
170
45
156
60
112
46
64
16
28
-9
7
-25
-18
-37
-49
-63
-82
-100
-93
-128
-69
-123
-12
-67
47
26
71
119
48
163
-13
146
-64
86
-70
25
-16
4
70
33
141
83
163
113
133
99
81
49
44
-3
42
-22
57
1
66
49
36
87
-29
94
-105
72
-161
41
-180
24
-168
26
-141
33
-114
33
-80
31
-30
41
37
79
103
143
139
202
119
219
52
170
-24
69
-63
-42
-37
-108
43
-98
135
-22
187
79
163
160
76
183
-47
146
-160
67
-235
-23
-258
-105
-233
-158
-172
-173
-93
-148
-21
-91
30
-25
40
23
18
31
-19
6
-39
-28
-24
-40
17
-18
57
23
67
52
38
45
-4
1
-28
-49
-11
-65
35
-31
71
28
57
68
-14
45
-110
-37
-173
-138
-166
-200
-95
-189
-6
-118
40
-42
16
-14
-55
-62
-124
-163
-134
-261
-65
-305
61
-277
192
-191
284
-86
315
5
290
62
233
83
161
71
95
35
43
-11
18
-47
18
-53
32
-26
32
11
-8
22
-90
-25
-179
-131
-225
-252
-187
-317
-63
-283
90
-146
202
39
216
192
130
264
-4
246
-115
186
-162
135
-150
116
-113
112
-89
93
-83
35
-69
-41
-17
-98
76
-106
180
-68
243
-25
241
-17
192
-54
141
-108
124
-129
139
-89
143
-11
92
47
-32
28
-180
-77
-279
-215
-268
-301
-140
-279
42
-145
187
33
236
173
180
218
75
163
-12
60
-37
-36
-8
-93
40
-117
64
-136
49
-173
11
-232
-24
-290
-30
-325
-11
-320
21
-281
49
-216
66
-138
66
-59
51
6
23
47
-13
48
-38
18
-40
-26
0
-55
75
-47
151
-8
197
30
191
33
139
-19
78
-111
49
-202
75
-250
139
-234
203
-170
229
-95
203
-40
136
-20
64
-28
3
-45
-37
-57
-56
-69
-68
-83
-67
-95
-51
-93
-11
-63
37
-5
71
60
72
103
42
96
9
44
12
-22
74
-59
190
-38
322
37
421
132
460
202
430
221
361
182
285
112
232
39
199
-18
177
-55
146
-83
103
-109
54
-134
13
-142
-14
-127
-28
-84
-44
-27
-76
23
-127
42
-182
24
-220
-22
-218
-71
-168
-96
-86
-86
3
-45
66
0
83
21
58
4
14
-43
-18
-98
-24
-128
-8
-121
7
-89
-2
-52
-36
-34
-80
-33
-108
-35
-100
-11
-66
49
-30
125
-21
185
-45
199
-86
161
-103
101
-67
64
14
78
106
