-117
49
-144
124
-141
180
-108
202
-67
187
-33
141
-12
81
-9
20
-20
-24
-36
-42
-43
-31
-33
-5
-1
22
39
28
69
9
68
-28
33
-61
-24
-71
-69
-60
-90
-45
-74
-45
-38
-74
-8
-124
6
-169
19
-197
52
-197
114
-188
197
-197
269
-230
294
-275
264
-298
196
-269
125
-191
80
-88
61
4
49
61
21
85
-26
98
-76
117
-99
141
-83
141
-47
100
-17
17
-28
-76
-69
-133
-109
-127
-105
-68
-37
1
74
33
173
1
208
-69
156
-126
47
-118
-62
-33
-109
100
-76
217
13
260
103
202
134
71
83
-74
-34
-177
-165
-199
-257
-146
-274
-54
-219
27
-122
63
-34
52
18
14
25
-13
8
-8
-2
22
8
57
34
63
51
30
31
-35
-35
-94
-129
-121
-213
-102
-256
-54
-245
-9
-206
6
-160
-14
-136
-54
-144
-86
-174
-91
-202
-62
-221
-11
-219
56
-195
125
-146
183
-71
215
20
197
97
117
119
-14
68
-153
-53
-247
-195
-257
-298
-181
-315
-62
-243
34
-133
63
-40
27
-8
-37
-35
-69
-82
-43
-100
33
-66
116
7
169
83
172
134
137
146
93
137
61
123
47
116
40
114
33
112
24
112
20
117
17
130
7
139
-27
117
-79
45
-129
-70
-136
-191
-76
-264
40
-255
166
-178
242
-77
230
-14
148
-21
42
-86
-31
-155
-37
-187
1
-159
49
-95
64
-30
42
5
4
12
-26
8
-30
9
-21
14
-13
6
-14
-27
-12
-73
19
-105
81
-93
148
-36
181
28
146
52
53
0
-54
-115
-115
-237
-94
-308
-4
-290
103
-197
165
-84
149
-4
73
15
-20
-13
-81
-48
-94
-57
-76
-37
-60
-9
-66
-4
-87
-28
-91
-66
-55
-81
25
-41
122
53
187
168
185
255
117
268
11
204
-79
91
-107
-15
-59
-67
40
-44
136
30
185
113
168
158
100
148
31
99
4
57
33
65
98
131
154
228
161
305
109
330
28
289
-35
218
-42
163
2
154
62
182
91
209
67
192
5
110
-51
-11
-56
-119
7
-168
112
-141
208
-65
248
13
221
49
148
26
72
-36
34
-102
50
-136
107
-122
178
-66
231
16
245
95
217
150
152
168
74
146
6
106
-32
71
-35
69
-17
108
-13
169
-49
211
-139
197
-258
115
-360
-14
-399
-137
-357
-210
-257
-208
-146
-151
-70
-80
-49
-36
-66
-25
-91
-40
-95
-54
-73
-49
-37
-28
-10
-4
4
11
9
21
18
35
25
59
20
78
-15
64
-76
1
-137
-105
-158
-211
-111
-266
-10
-237
99
-135
157
-14
131
66
34
72
-81
17
-150
-49
-143
-70
-81
-21
-11
71
17
156
-18
192
-85
165
-139
108
-144
66
-101
69
-44
109
-18
148
-45
143
-110
78
-168
-22
-180
-114
-127
-154
-31
-131
59
-62
110
7
105
44
71
38
42
16
44
5
76
24
113
66
127
103
103
105
55
69
20
16
21
-18
62
1
117
71
141
161
103
222
3
216
-124
139
-225
19
-257
-90
-209
-144
-105
-127
4
-55
74
29
80
86
33
87
-38
36
-92
-39
-109
-104
-82
-134
-35
-123
8
-80
21
-30
-7
-1
-64
-3
-130
-33
-178
-67
-189
-89
-168
-81
-136
-52
-111
-21
-103
-7
-100
-13
-81
-16
-28
12
49
90
116
198
132
296
70
327
-47
262
-165
122
-225
-35
-185
-140
-68
-156
72
-95
167
-9
182
41
131
28
64
-27
36
-71
57
-69
102
-11
122
63
82
105
-8
81
-112
0
-170
-93
-152
-146
-67
-131
42
-55
132
47
170
136
156
188
118
201
77
186
48
157
31
122
26
83
28
49
34
21
42
3
45
-9
36
-22
21
-38
4
-54
-1
-54
8
-28
21
22
16
70
-20
87
-76
59
-120
-3
-115
-56
-47
-58
62
8
164
122
208
229
175
277
82
250
-13
168
-69
80
-66
25
-23
12
20
21
39
23
35
4
36
-21
64
-23
117
18
169
88
182
151
143
167
63
117
-15
25
-48
-69
-31
-124
18
-138
59
-127
64
-125
33
-151
-14
-199
-45
-242
-44
-260
-22
-243
2
-202
11
-156
6
-115
-4
-77
-7
-32
-6
13
-10
51
-27
62
-48
42
-55
4
-30
-18
21
-8
74
27
91
49
52
18
-25
-85
-90
-229
-93
-354
-14
-401
115
-349
228
-237
264
-132
212
-93
110
-133
28
-208
18
-250
86
-219
178
-122
230
-13
201
36
107
-4
10
-109
-28
-214
21
-253
125
-209
218
-105
243
-11
182
30
69
0
-39
-66
-98
-122
-99
-139
-66
-112
-33
-64
-23
-21
-34
7
-50
22
-62
23
-69
12
-77
-20
-78
-73
-62
-129
-6
-156
78
-124
166
-40
209
59
176
121
69
104
-63
13
-156
-105
-168
-186
-100
-190
5
-119
89
-13
117
78
89
127
34
136
-18
124
-57
100
-92
60
-133
-11
-172
-117
-185
-231
-148
-312
-56
-323
59
-260
148
-150
174
-51
136
11
64
24
-1
20
-30
25
-24
51
-8
87
-1
110
-8
112
-9
104
3
95
25
93
41
86
39
54
25
-3
28
-62
65
-83
132
-42
192
46
199
132
130
157
14
107
-88
17
-119
-50
-74
-47
8
25
60
112
36
144
-44
91
-123
-16
-135
-110
-63
-132
51
-78
136
3
146
46
91
20
25
-52
6
-111
46
-116
110
-71
141
-23
112
-27
44
-93
-4
-182
11
-228
87
-201
170
-115
197
-28
141
0
37
-40
-52
-111
-76
-145
-35
-109
23
-15
43
85
-2
135
-85
126
-158
83
-185
45
-164
30
-132
22
-113
-11
-112
-81
-98
-168
-41
-226
59
-224
166
-165
231
-92
222
-48
158
-52
79
-86
27
-110
6
-104
-4
-81
-30
-73
-69
-100
-92
-138
-62
-145
27
-83
132
44
188
174
158
236
51
192
-64
66
-117
-68
-74
-137
29
-119
125
-47
148
16
95
28
3
-6
-74
-37
-111
-31
-132
6
-181
28
-276
-16
-383
-132
-432
-264
-366
-325
-185
-253
35
-55
190
186
209
361
98
400
-63
307
-174
158
-173
45
-71
16
62
59
150
112
155
115
101
49
47
-56
45
-139
108
-148
197
-80
261
30
252
126
170
166
46
140
-66
72
-125
4
-119
-30
-72
-25
-14
8
29
42
42
56
32
41
18
7
7
-36
2
-81
-6
-132
-19
-192
-37
-260
-46
-320
-33
-355
1
-349
41
-303
70
-238
71
-175
52
-129
35
-93
40
-42
66
30
96
119
100
191
64
213
0
175
-55
95
-71
22
-40
-11
11
-4
36
11
11
-7
-49
-71
-99
-156
-95
-206
-26
-177
72
-71
139
66
136
170
59
203
-37
167
-103
105
-110
64
-74
54
-33
57
-23
42
-40
-8
-56
-71
-43
-109
3
-96
53
-40
71
23
45
54
-6
52
-38
45
-18
71
40
148
93
250
99
314
45
303
-28
212
-66
90
-31
2
69
-13
175
35
226
97
185
108
69
48
-70
-71
-171
-201
-206
-295
-176
-330
-114
-305
-45
-235
12
-136
49
-24
59
83
34
157
-27
168
-104
107
-160
-5
-157
-120
-80
-180
50
-160
174
-76
233
17
195
62
81
25
-59
-82
-161
-209
-185
-302
-132
-328
-41
-280
47
-188
96
-91
99
-21
72
9
40
5
28
-13
45
-25
86
-21
133
-1
165
19
173
23
162
2
145
-33
141
-62
161
-65
193
-32
213
23
201
76
148
99
67
85
-17
45
-79
-5
-115
-47
-127
-77
-129
-103
-127
-125
-119
-142
-98
-146
-67
-127
-37
-98
-25
-73
-33
-69
-52
-86
-60
-112
-47
-129
-20
-132
8
-129
18
-142
18
-173
28
-201
67
-197
130
-136
188
-28
199
81
141
144
32
136
-78
82
-134
30
-120
24
-66
71
-22
129
-28
148
-74
100
-117
9
-105
-69
-28
-83
73
-31
138
40
122
65
36
18
-61
-81
-107
-167
-77
-184
1
-117
66
-9
70
76
18
107
-47
94
-73
78
-43
96
16
146
58
188
55
180
21
113
3
22
35
-37
115
-29
191
35
202
92
128
84
-1
-2
-115
-129
-148
-222
-88
-226
21
-136
114
-1
141
117
103
177
36
178
-7
153
-5
139
27
140
61
140
69
115
61
61
59
-1
78
-41
120
-35
153
1
147
37
89
37
-1
-11
-78
-77
-110
-126
-82
-124
-23
-61
23
32
22
108
-36
131
-133
78
-223
-30
-264
-161
-233
-267
-134
-310
8
-281
145
-193
240
-83
269
8
237
54
175
53
117
23
91
-7
99
-12
127
8
144
33
137
45
107
29
74
-8
52
-42
54
-54
66
-40
72
-13
55
12
17
20
-33
13
-76
-5
-102
-25
-108
-46
-96
-65
-66
-77
-14
-78
54
-56
134
-7
200
52
234
103
232
124
204
113
177
88
168
72
177
88
185
129
166
168
111
175
30
146
-40
92
-75
45
-64
25
-23
41
21
73
42
94
47
95
50
86
66
88
95
112
116
150
104
171
50
158
-22
100
-83
27
-102
-28
-74
-34
-23
9
16
76
19
134
-13
165
-56
165
-89
151
-93
139
-78
134
-57
130
-35
116
-17
89
8
62
45
50
86
54
116
66
117
65
93
40
60
-3
42
-42
50
-50
75
-18
91
39
73
88
11
100
-78
64
-155
-8
-185
-77
-157
-110
-83
-93
4
-35
64
32
81
69
64
64
40
21
42
-28
83
-49
151
-28
211
24
231
69
189
71
105
11
21
-91
-20
-186
6
-228
84
-187
165
-82
199
37
162
121
72
141
-26
112
-83
77
-78
75
-32
115
11
174
18
208
-21
189
-76
115
-112
18
-103
-66
-50
-112
18
-121
74
-107
105
-88
112
-71
106
-50
95
-21
82
7
63
30
44
42
38
54
52
76
83
117
113
163
126
192
107
182
78
134
66
75
88
42
134
50
165
83
145
93
66
43
-35
-61
-100
-171
-88
-220
-6
-169
88
-34
118
115
50
196
-91
174
-231
78
-295
-18
-252
-47
-139
14
-25
128
23
227
-8
260
-81
224
-138
151
-139
93
-89
74
-18
87
33
103
52
91
54
49
65
-4
105
-42
170
-51
242
-32
302
6
335
55
334
100
302
132
238
139
147
107
54
40
-21
-42
-48
-110
-25
-137
33
-114
96
-60
136
-3
148
35
145
56
145
69
156
90
170
117
170
139
141
142
88
119
30
81
-29
38
-86
-8
-145
-65
-206
-143
-247
-226
-247
-281
-188
-269
-91
-175
-4
-25
21
119
-38
200
-155
187
-270
107
-329
13
-308
-47
-235
-62
-153
-51
-97
-49
-65
-68
-33
-88
25
-80
98
-28
158
46
175
105
144
115
90
83
58
42
66
30
100
52
117
81
90
73
23
8
-38
-89
-53
-164
-5
-173
71
-107
117
-10
95
63
6
75
-103
37
-180
-14
-202
-45
-182
-47
-153
-42
-135
-56
-119
-89
-83
-116
-11
-104
75
-47
133
28
125
72
51
52
-47
-23
-119
-107
-133
-148
-98
-124
-55
-56
-48
18
-83
64
-134
81
-173
85
-180
95
-163
112
-144
119
-131
100
-120
59
-92
14
-44
-13
7
-24
35
-41
27
-87
-1
-161
-9
-227
26
-238
97
-172
158
-56
159
50
91
95
-11
69
-76
21
-61
11
23
73
115
174
146
242
100
218
18
103
-21
-39
34
-115
163
-86
286
18
316
112
226
109
65
-1
-67
-160
-91
-269
0
-259
137
-141
228
9
216
104
121
104
13
30
-35
-45
-1
-66
76
-23
134
47
129
86
62
68
-24
11
-81
-47
-93
-70
-71
-50
-49
-5
-48
44
-65
79
-83
107
-88
136
-82
165
-75
182
-76
175
-77
138
-64
91
-32
52
18
28
57
11
75
-19
64
-71
45
-136
44
-192
71
-208
116
-175
155
-112
165
-42
142
13
103
51
66
79
38
105
19
124
-6
117
-32
81
-49
25
-36
-25
7
-45
66
-28
103
-1
91
4
35
-41
-32
-122
-67
-199
-49
-227
8
-186
59
-102
59
-26
-8
-6
-110
-55
-192
-142
-210
-211
-153
-220
-60
-163
16
-75
38
-6
-1
10
-68
-27
-119
-83
-127
-123
-93
-128
-45
-101
-8
-65
2
-34
-4
-13
-15
7
-24
33
-35
61
-64
74
-115
54
-175
-4
-221
-83
-229
-155
-192
-194
-124
-189
-49
-150
6
-95
35
-41
37
4
26
39
6
59
-24
59
-54
31
-76
-16
-69
-61
-25
-78
49
-51
127
20
170
100
158
150
94
145
11
91
-49
20
-59
-32
-27
-40
21
-10
52
28
52
45
30
36
14
18
25
16
58
45
93
99
98
148
55
163
-23
124
-109
40
-168
-62
-182
-149
-146
-197
-83
-194
-16
-152
30
-92
39
-36
11
-8
-40
-18
-86
-54
-100
-93
-69
-105
-5
-77
65
-21
109
35
110
57
79
32
53
-21
61
-63
112
-62
180
-17
221
41
212
67
156
39
93
-33
69
-104
105
-134
186
-106
266
-41
310
25
315
66
296
90
284
118
279
175
263
244
198
286
74
260
-83
156
-223
8
-289
-127
-274
-195
-206
-192
-139
-144
-109
-92
-115
-62
-130
-41
-122
-2
-91
66
-59
149
-55
208
-87
213
-123
170
-123
119
-65
105
29
145
110
208
126
238
69
187
-23
59
-81
-95
-69
-211
8
-248
105
-214
156
-158
134
-132
57
-155
-28
-208
-78
-247
-79
-246
-51
-204
-32
-143
-39
-98
-64
-77
-82
-70
-71
-53
-29
-9
26
62
64
137
76
194
57
222
23
221
-6
202
-23
178
-28
160
-25
148
-25
139
-36
125
-57
96
-85
47
-103
-13
-97
-69
-54
-93
16
-69
88
-4
129
69
115
110
51
88
-31
13
-82
-86
-77
-160
-18
-182
67
-160
134
-115
168
-75
175
-47
179
-13
194
44
207
125
194
202
127
230
28
185
-70
81
-109
-27
-64
-83
42
-61
160
25
225
115
205
153
124
116
33
20
-19
-85
-5
-153
56
-163
129
-126
175
-71
180
-23
152
7
110
21
67
28
31
29
1
26
-28
17
-51
-1
-70
-23
-85
-52
-96
-94
-104
-149
-103
-216
-80
-278
-30
-315
46
-313
132
-267
206
-184
249
-81
250
21
206
107
125
159
13
168
-110
119
-217
25
-284
-95
-276
-196
-194
-235
-57
-203
86
-113
184
-13
214
47
190
44
152
-6
148
-57
192
-70
264
-30
317
35
308
74
233
52
125
-40
40
-157
19
-250
69
-272
151
-219
218
-121
230
-25
177
29
86
33
-2
1
-62
-40
-79
-69
-64
-79
-34
-74
-3
-65
20
-57
39
-54
52
-58
62
-68
70
-81
78
-93
88
-94
103
-78
110
-42
98
-4
53
21
-18
16
-98
-18
-161
-64
-187
-92
-172
-86
-136
-45
-105
11
-100
56
-117
67
-145
48
-154
12
-133
-18
-81
-28
-16
-17
43
11
84
40
99
63
88
72
54
58
6
19
-44
-42
-78
-114
-83
-170
-53
-185
1
-154
50
-90
64
-24
33
9
-30
-1
-90
-42
-119
-81
-104
-92
-66
-69
-35
-35
-32
-16
-56
-27
-86
-59
-94
-87
-74
-92
-43
-71
-22
-49
-25
-45
-45
-64
-52
-87
-31
-87
16
-50
57
10
64
57
28
61
-33
19
-77
-42
-76
-76
-35
-67
8
-25
20
8
-16
-2
-74
-58
-110
-126
-96
-167
-37
-155
31
-103
63
-54
47
-44
2
-76
-31
-123
-27
-145
10
-122
40
-72
28
-37
-35
-46
-120
-102
-188
-168
-206
-208
-177
-200
-134
-151
-110
-91
-117
-51
-141
-35
-155
-33
-143
-26
-109
-11
-65
1
-24
-1
23
-11
91
-10
176
24
260
91
309
161
295
195
224
169
133
95
67
18
49
-21
66
-4
69
40
28
61
-62
26
-155
-58
-197
-139
-160
-161
-56
-96
52
31
102
157
67
224
-31
207
-138
129
-202
40
-209
-22
-180
-50
-153
-64
-153
-91
-168
-139
-173
-182
-143
-191
-81
-144
-15
-53
15
49
-11
113
-79
119
-156
74
-199
9
-187
-44
-128
-62
-49
-52
21
-30
69
-15
93
-13
100
-25
102
-41
100
-62
93
-88
85
-119
79
-148
86
-158
107
-139
133
-83
139
-11
110
54
36
78
-64
55
-157
-8
-209
-74
-207
-110
-158
-100
-95
-56
-48
1
-30
42
-33
61
-41
64
-32
68
-8
81
20
97
36
101
41
86
47
61
70
48
111
64
150
108
157
154
110
162
21
112
-73
15
-124
-82
-110
-127
-42
-95
35
-1
67
106
31
172
-58
174
-153
129
-206
78
-204
57
-163
74
-128
107
-126
114
-162
73
-203
-11
-211
-99
-165
-147
-80
-133
10
-69
59
3
42
38
-22
14
-97
-60
-134
-146
-102
-193
-12
-173
96
-87
172
19
177
93
115
97
20
30
-50
-71
-61
-150
-8
-165
72
-117
122
-43
104
2
25
-16
-71
-87
-128
-165
-110
-190
-33
-135
52
-25
88
86
53
141
-28
124
-100
58
-117
-4
-64
-20
25
17
105
81
139
128
122
139
83
117
48
85
35
65
29
58
17
50
-8
31
-42
1
-63
-25
-64
-30
-49
-8
-44
21
-64
32
-105
10
-146
-38
-162
-88
-137
-115
-88
-106
-33
-73
-1
-37
5
-13
-11
-4
-32
-5
-49
-4
-65
-1
-85
-1
-112
-12
-144
-35
-169
-58
-185
-83
-192
-107
-190
-136
-182
-168
-158
-197
-110
-208
-36
-185
47
-131
115
-61
151
0
149
30
127
25
107
1
100
-22
112
-33
127
-35
131
-35
114
-48
86
-69
55
-95
33
-115
22
-121
18
-114
18
-91
18
-53
21
-3
18
53
6
100
-18
122
-47
112
-62
81
-44
49
10
40
88
63
158
101
195
128
191
123
163
87
138
40
135
17
152
33
165
85
148
144
84
183
-19
177
-134
124
-223
49
-264
-23
-251
-70
-193
-76
-113
-44
-42
12
-4
59
-9
76
-47
41
-91
-33
-106
-115
-74
-159
1
-141
88
-62
140
48
128
136
53
172
-49
148
-136
88
-173
30
-151
-4
-91
-8
-21
6
42
22
94
35
134
49
163
63
177
70
167
64
140
40
111
15
96
6
95
37
95
103
70
178
4
229
-95
235
-198
201
-272
148
-296
104
-276
75
-236
54
-191
31
-144
0
-91
-29
-26
-42
41
-33
93
-13
114
-3
103
-9
78
-26
54
-38
40
-33
28
-19
3
-13
-35
-32
-64
-64
-59
-85
-8
-60
66
11
124
100
128
157
80
153
13
89
-28
10
-16
-42
39
-49
95
-28
119
-14
110
-29
93
-56
100
-65
138
-32
176
28
175
69
123
47
47
-41
6
-153
43
-218
152
-192
270
-93
324
16
274
60
145
13
6
-95
-75
-198
-78
-242
-38
-221
-6
-175
-16
-148
-54
-150
-81
-164
-62
-144
-7
-80
42
6
44
54
-10
25
-74
-71
-88
-180
-21
-232
109
-189
235
-80
285
29
227
71
93
19
-50
-98
-131
-213
-125
-267
-56
-238
21
-145
58
-37
34
41
-35
66
-110
49
-153
18
-144
8
-92
37
-24
103
30
182
42
243
15
264
-35
245
-81
202
-101
162
-96
137
-81
125
-78
105
-88
67
-94
19
-74
-9
-22
13
40
84
70
164
32
202
-65
158
-168
45
-215
-71
-164
-126
-42
-79
85
34
144
141
110
180
23
134
-45
50
-40
2
34
28
119
109
147
180
94
180
-6
103
-84
-4
-88
-71
-24
-62
47
4
69
69
18
78
-71
27
-139
-42
-142
-72
-91
-40
-33
30
-19
86
-56
91
-108
51
-125
12
-89
19
-19
82
28
166
14
216
-66
197
-170
115
-245
5
-264
-91
-226
-148
-164
-169
-95
-162
-33
-134
23
-80
69
1
88
90
59
146
-19
144
-120
75
-197
-25
-213
-110
-168
-145
-91
-130
-26
-90
2
-57
-4
-42
-15
-34
-18
-14
-14
21
-21
52
-46
57
-80
30
-91
1
-54
1
23
50
104
134
148
209
136
234
95
204
64
144
76
101
127
95
178
113
190
116
155
74
101
-5
70
-78
81
-110
114
-88
125
-50
84
-42
-1
-83
-78
-149
-104
-185
-66
-147
-6
-42
20
81
-30
153
-138
146
-245
82
-294
18
-260
4
-177
47
-99
113
-64
153
-69
146
-74
112
-42
92
28
113
100
167
136
207
114
199
57
136
11
50
6
-11
37
-28
71
-13
66
-9
14
-51
-54
-131
-93
-209
-71
-238
1
-192
74
-93
97
5
51
49
-37
24
-113
-44
-129
-100
-74
-104
21
-44
103
52
127
131
82
151
-6
105
-89
11
-132
-81
-117
-139
-67
-144
-20
-112
-8
-85
-43
-90
-107
-139
-160
-207
-169
-257
-126
-255
-54
-192
-2
-100
-3
-30
-61
-16
-142
-58
-199
-125
-192
-160
-126
-133
-37
-46
18
58
10
124
-55
126
-133
64
-170
-16
-141
-70
-46
-67
73
-13
177
74
235
151
240
197
202
195
140
144
74
45
28
-81
20
-205
62
-292
148
-311
252
-259
330
-156
346
-49
293
24
187
38
70
6
-13
-41
-43
-71
-26
-72
18
-46
60
-14
90
13
107
28
118
33
123
27
118
12
100
-21
74
-69
45
-124
29
-170
26
-188
33
-179
32
-146
17
-105
-16
-69
-56
-44
-93
-26
-117
-15
-123
-10
-115
-9
-89
-16
-49
-21
5
-18
69
-1
132
34
175
81
181
124
145
140
65
119
-40
50
-141
-52
-203
-161
-207
-233
-150
-235
-54
-161
31
-34
64
93
24
165
-73
154
-173
74
-226
-23
-204
-90
-125
-95
-34
-54
16
-6
7
9
-41
-17
-86
-55
-91
-59
-56
-2
-11
110
1
238
-46
329
-142
356
-247
327
-319
266
-335
206
-303
161
-247
121
-191
74
-140
12
-89
-58
-27
