-16
-59
-7
-22
29
7
76
14
112
1
127
-24
115
-54
71
-72
6
-75
-67
-51
-127
-5
-155
43
-146
69
-118
49
-105
-20
-134
-107
-206
-169
-288
-163
-323
-88
-272
8
-132
74
45
53
178
-55
199
-192
109
-291
-47
-284
-192
-166
-258
22
-234
202
-144
320
-45
353
29
320
63
256
75
182
80
107
82
27
75
-66
42
-152
-11
-207
-74
-211
-119
-163
-129
-78
-102
13
-47
91
11
139
55
156
69
147
48
120
-11
91
-98
76
-190
86
-260
122
-281
167
-245
191
-173
171
-93
99
-35
-4
-13
-104
-18
-173
-25
-203
-18
-203
1
-194
19
-187
18
-180
-4
-161
-37
-124
-62
-71
-64
-24
-50
2
-32
-1
-16
-26
-6
-62
8
-103
28
-148
53
-199
71
-252
77
-292
74
-307
76
-291
92
-257
119
-225
139
-209
131
-202
86
-182
20
-132
-31
-49
-40
42
-3
98
52
93
83
23
59
-74
-23
-148
-131
-161
-217
-104
-243
4
-197
115
-100
201
15
238
116
234
184
203
215
167
215
135
199
110
173
86
142
52
103
4
45
-49
-28
-98
-106
-124
-169
-121
-194
-96
-175
-72
-121
-71
-64
-99
-29
-142
-29
-165
-47
-145
-44
-79
2
5
85
63
171
71
218
33
203
-13
144
-27
81
8
55
69
78
113
125
108
156
52
139
-27
81
-86
11
-98
-36
-75
-46
-40
-30
-21
-13
-21
-8
-22
-11
-9
-1
21
34
51
85
56
125
31
131
-9
99
-35
45
-30
-1
13
-24
74
-25
131
-17
170
-13
197
-10
214
-5
223
2
214
3
180
-14
130
-53
85
-92
62
-105
56
-78
45
-21
-4
23
-95
16
-199
-47
-269
-129
-257
-175
-170
-149
-49
-63
40
33
69
74
55
52
52
1
105
-13
204
47
292
158
294
245
185
233
8
106
-146
-79
-191
-218
-114
-234
22
-123
118
44
105
166
-7
182
-142
109
-211
21
-166
-6
-43
59
82
173
139
268
110
285
33
222
-27
124
-31
48
11
21
57
29
65
27
26
-12
-36
-92
-73
-177
-59
-231
4
-228
82
-179
139
-108
157
-48
137
-21
96
-25
57
-52
35
-85
38
-105
60
-99
89
-59
107
6
91
70
31
106
-64
91
-163
30
-226
-44
-222
-89
-151
-71
-46
13
47
130
89
239
71
296
17
298
-35
262
-63
216
-56
183
-29
168
-3
163
8
156
4
141
-8
122
-17
103
-20
91
-18
83
-14
83
-8
90
-6
99
-13
103
-35
91
-70
49
-104
-21
-120
-95
-100
-148
-46
-155
18
-115
63
-50
62
1
14
14
-52
-16
-97
-54
-93
-71
-40
-42
30
25
78
92
84
119
59
90
35
19
52
-57
117
-100
215
-95
301
-62
341
-33
323
-37
270
-78
218
-126
193
-146
196
-114
197
-42
160
32
68
64
-61
33
-181
-47
-247
-136
-238
-187
-165
-183
-75
-135
-7
-81
18
-55
13
-66
9
-95
30
-105
79
-73
129
2
144
89
102
150
7
156
-106
114
-193
51
-226
5
-202
2
-148
42
-98
101
-77
148
-88
155
-117
117
-136
47
-120
-29
-65
-83
21
-99
112
-78
177
-42
196
-20
167
-30
116
-78
73
-136
66
-170
98
-155
148
-88
178
3
160
74
103
99
37
83
7
65
33
87
101
167
168
283
186
387
140
434
47
410
-40
338
-83
264
-71
220
-31
210
-1
207
2
180
-17
122
-25
51
4
5
71
5
148
48
199
107
203
149
163
155
101
125
40
76
-7
17
-40
-47
-60
-117
-64
-178
-41
-215
6
-204
64
-143
100
-57
88
18
25
51
-62
37
-134
-1
-162
-32
-144
-33
-105
-13
-66
8
-37
20
-13
22
21
33
63
61
96
98
95
109
55
75
1
1
-30
-76
-10
-106
47
-71
90
5
73
61
-13
45
-127
-45
-193
-158
-164
-217
-40
-175
111
-43
214
110
220
207
142
210
39
140
-26
52
-33
-16
-9
-53
4
-89
-13
-155
-43
-243
-46
-309
8
-301
88
-204
141
-62
110
54
-10
79
-163
13
-264
-86
-260
-137
-158
-93
-23
26
66
158
63
226
-10
204
-95
119
-135
26
-113
-28
-61
-37
-21
-25
-23
-21
-52
-34
-85
-42
-100
-24
-110
18
-134
61
-190
63
-259
11
-300
-69
-272
-125
-168
-114
-21
-30
103
88
156
181
131
206
57
161
-16
71
-50
-20
-47
-86
-23
-131
-3
-162
8
-190
17
-204
35
-197
59
-163
75
-117
67
-81
38
-71
4
-82
-16
-96
-15
-100
-6
-98
-9
-108
-33
-153
-59
-223
-54
-286
4
-290
100
-212
187
-64
204
90
124
180
-33
170
-202
78
-309
-35
-314
-105
-233
-98
-127
-30
-49
47
-31
86
-54
66
-78
11
-65
-41
-11
-58
64
-40
119
-11
137
7
123
-4
96
-34
83
-62
91
-70
112
-52
129
-19
129
13
110
35
78
43
48
42
23
35
6
25
-4
12
-2
1
13
-1
41
17
77
62
105
122
110
183
76
221
8
213
-78
150
-158
47
-199
-74
-189
-180
-122
-238
-19
-233
87
-175
161
-84
179
5
138
65
50
85
-51
64
-143
20
-204
-30
-221
-69
-200
-78
-145
-54
-74
9
-6
93
32
176
28
218
-16
199
-74
118
-106
4
-83
-95
-4
-140
104
-121
191
-64
217
-11
175
-3
95
-39
25
-89
-4
-112
10
-91
35
-32
43
28
20
59
-18
57
-33
44
-7
54
48
98
103
163
116
206
78
199
12
141
-45
57
-69
-8
-62
-42
-57
-54
-74
-74
-119
-122
-165
-185
-173
-228
-128
-213
-46
-135
28
-17
54
89
23
143
-35
137
-77
98
-74
66
-24
66
39
91
78
115
76
107
38
59
-6
-21
-34
-107
-28
-175
4
-210
49
-209
96
-174
128
-116
136
-50
114
4
66
30
7
19
-40
-15
-48
-38
-11
-30
52
22
106
97
124
164
101
202
51
205
-1
196
-41
190
-76
187
-122
169
-186
115
-256
21
-295
-85
-271
-156
-187
-157
-73
-93
16
4
47
80
25
107
-16
98
-35
83
-20
90
11
119
26
146
8
137
-33
89
-64
22
-58
-26
-17
-32
29
-8
43
8
12
-11
-38
-66
-69
-122
-54
-137
-2
-94
45
-13
46
65
-6
98
-83
83
-139
57
-141
60
-96
115
-43
204
-23
291
-50
331
-109
316
-161
261
-177
200
-150
156
-100
124
-47
97
-6
64
30
29
69
1
110
-11
148
-10
166
-5
163
-9
146
-21
130
-30
119
-28
107
-17
87
-10
56
-19
25
-40
8
-58
16
-58
35
-35
43
-14
28
-17
-6
-56
-33
-114
-25
-157
28
-155
94
-107
136
-46
129
-15
75
-33
18
-87
-1
-132
35
-130
104
-69
159
18
168
93
121
124
53
113
-6
86
-34
65
-42
58
-50
47
-69
20
-86
-18
-81
-42
-44
-22
8
47
40
140
18
211
-59
230
-159
195
-239
136
-269
86
-257
59
-226
42
-195
14
-162
-22
-107
-45
-16
-21
92
61
166
162
165
223
86
197
-28
86
-98
-49
-76
-125
30
-91
149
37
194
178
119
240
-49
180
-223
24
-316
-144
-281
-241
-143
-231
22
-132
142
-6
185
93
164
141
118
141
81
121
65
91
69
60
86
28
120
6
172
16
236
63
288
136
293
199
244
215
152
163
59
61
11
-51
23
-132
88
-163
168
-145
235
-100
269
-45
270
17
241
78
182
131
91
153
-32
132
-165
64
-272
-32
-327
-115
-322
-158
-279
-156
-229
-132
-197
-115
-177
-112
-156
-115
-110
-97
-42
-47
17
23
41
80
16
91
-40
49
-90
-23
-100
-86
-67
-115
-9
-104
40
-70
66
-35
67
-5
57
20
47
51
31
80
1
90
-44
68
-87
18
-103
-32
-77
-49
-24
-20
22
34
23
71
-33
57
-112
-15
-170
-105
-174
-165
-124
-165
-60
-117
-29
-68
-50
-54
-105
-90
-148
-151
-140
-191
-83
-181
-4
-127
51
-62
61
-22
39
-14
13
-21
8
-18
16
4
16
30
-16
26
-72
-21
-122
-96
-132
-161
-91
-177
-19
-141
36
-78
45
-37
4
-40
-55
-84
-92
-133
-90
-160
-59
-152
-34
-129
-30
-117
-49
-127
-62
-142
-52
-137
-16
-96
23
-29
36
33
11
65
-33
57
-64
36
-64
32
-36
54
-12
90
-20
105
-66
78
-120
12
-151
-56
-138
-91
-93
-79
-51
-36
-40
-1
-63
5
-94
-10
-93
-11
-49
30
20
119
71
221
69
284
17
279
-49
208
-82
111
-53
36
21
1
100
-8
142
-28
138
-88
113
-179
107
-265
141
-300
204
-264
248
-185
235
-105
155
-70
36
-87
-66
-127
-115
-141
-102
-100
-65
-11
-49
87
-81
144
-148
136
-212
81
-225
22
-173
2
-77
33
16
91
69
137
70
137
44
94
29
35
51
-5
99
-6
142
16
147
25
105
-8
42
-84
-4
-168
1
-214
49
-197
105
-122
124
-34
84
25
-1
37
-86
19
-129
9
-119
42
-83
113
-54
195
-64
243
-105
231
-142
175
-134
118
-66
93
37
116
132
165
184
202
183
203
148
167
112
117
89
76
77
53
57
34
18
3
-33
-45
-70
-92
-76
-107
-50
-81
-22
-21
-20
35
-57
57
-117
34
-169
-18
-180
-66
-147
-83
-91
-70
-47
-46
-30
-37
-37
-55
-52
-83
-55
-108
-45
-119
-39
-126
-50
-151
-81
-205
-105
-279
-96
-338
-42
-354
40
-312
112
-230
136
-153
103
-117
33
-130
-33
-174
-57
-206
-33
-201
19
-151
63
-78
76
-13
53
21
16
26
-13
17
-21
12
-13
19
-7
28
-18
24
-47
-6
-84
-57
-111
-115
-117
-158
-101
-175
-79
-166
-67
-139
-74
-112
-98
-96
-127
-90
-145
-87
-147
-79
-134
-67
-108
-55
-77
-50
-41
-54
10
-51
80
-30
160
22
229
98
262
175
241
228
170
232
73
191
-15
124
-71
64
-86
29
-76
27
-59
40
-49
51
-45
54
-30
57
7
75
62
115
115
166
146
210
141
223
111
197
75
138
55
69
61
16
87
-11
123
-10
151
13
165
54
161
101
139
150
101
187
50
205
-5
201
-48
178
-69
152
-71
130
-54
111
-37
86
-23
49
-6
5
25
-27
76
-30
130
1
170
53
170
93
132
102
77
81
39
52
38
51
73
91
105
159
105
213
58
221
-19
168
-86
78
-108
-10
-81
-66
-25
-83
28
-81
56
-73
65
-68
70
-49
83
-4
92
69
74
144
17
184
-71
169
-158
105
-199
30
-176
-18
-96
-16
2
27
78
76
109
105
103
94
81
53
66
1
67
-48
82
-82
103
-98
126
-92
147
-61
161
-4
153
61
115
113
45
128
-37
102
-98
53
-115
15
-83
10
-24
43
28
92
44
119
23
109
-10
62
-30
1
-21
-52
12
-86
58
-100
101
-102
139
-91
180
-57
218
8
243
93
231
175
173
216
73
198
-30
126
-95
40
-100
-23
-51
-37
18
-10
66
25
75
34
57
8
44
-33
67
-56
130
-25
206
57
254
168
240
257
161
289
48
260
-54
194
-107
139
-103
125
-67
159
-38
218
-49
257
-103
247
-173
182
-211
98
-192
37
-113
32
-10
78
69
145
91
182
59
162
7
94
-24
15
-8
-36
42
-39
88
-8
95
19
52
8
-24
-46
-85
-116
-103
-165
-78
-170
-32
-127
-1
-69
-4
-18
-42
2
-93
-8
-137
-35
-161
-66
-160
-93
-141
-108
-108
-103
-71
-75
-39
-32
-28
10
-47
27
-90
5
-124
-47
-120
-89
-62
-85
34
-18
118
83
144
159
95
161
5
71
-64
-69
-62
-195
23
-252
148
-230
245
-171
269
-133
221
-151
143
-214
88
-278
86
-298
117
-260
144
-193
133
-132
86
-109
30
-112
6
-112
26
-79
71
-10
107
74
106
135
64
151
-2
115
-61
47
-91
-28
-85
-91
-52
-129
-1
-136
54
-105
98
-48
116
21
93
77
34
93
-41
71
-105
24
-136
-23
-128
-57
-98
-81
-64
-107
-28
-147
28
-175
117
-163
235
-86
342
49
389
190
341
276
214
269
62
182
-47
73
-78
1
-47
-8
-6
23
-1
41
-44
17
-100
-45
-127
-105
-105
-123
-55
-98
-23
-64
-38
-66
-86
-123
-115
-203
-83
-246
16
-211
136
-101
214
25
214
105
149
113
79
74
57
47
97
77
156
158
177
240
124
267
20
213
-79
108
-119
13
-83
-21
-2
11
67
78
91
136
67
163
25
163
-8
156
-25
154
-40
146
-67
112
-104
41
-123
-45
-101
-110
-36
-120
45
-82
96
-26
92
3
40
-14
-20
-64
-50
-111
-32
-124
16
-95
62
-49
84
-11
83
6
83
11
97
20
123
42
143
62
136
54
106
7
76
-65
74
-128
111
-148
168
-121
206
-69
202
-29
154
-21
95
-38
64
-42
71
-6
94
66
92
133
37
148
-54
81
-134
-42
-144
-161
-64
-209
76
-163
204
-53
252
51
199
85
77
35
-40
-61
-93
-134
-67
-128
-4
-42
32
78
-4
161
-110
161
-226
92
-291
3
-264
-42
-159
-11
-36
78
44
170
52
211
9
187
-41
119
-54
54
-21
25
34
31
73
50
77
54
59
37
47
20
57
28
81
67
93
115
64
128
1
82
-62
-9
-76
-100
-20
-132
86
-84
185
18
218
119
166
159
55
122
-55
37
-110
-46
-94
-79
-30
-50
37
18
70
91
62
137
28
151
-6
142
-25
124
-24
103
-7
92
21
93
53
115
78
151
78
184
36
184
-37
132
-117
30
-158
-83
-127
-151
-30
-140
93
-52
180
67
192
157
129
180
37
136
-33
69
-49
22
-19
16
21
40
36
63
18
62
-18
36
-42
5
-37
-10
-13
0
15
24
30
50
35
71
34
88
28
103
12
105
-23
76
-70
12
-107
-78
-107
-152
-56
-170
24
-117
81
-24
71
51
-14
55
-136
-18
-226
-127
-228
-199
-136
-189
4
-91
117
45
159
156
125
197
52
173
-11
115
-41
56
-42
9
-46
-37
-64
-98
-92
-169
-102
-226
-83
-234
-42
-182
-9
-84
-26
12
-102
60
-209
46
-300
-10
-332
-67
-293
-88
-205
-66
-112
-22
-48
5
-23
-9
-16
-60
1
-123
43
-164
107
-164
161
-129
179
-88
144
-74
78
-91
12
-126
-16
-141
4
-108
52
-25
92
81
86
158
38
175
-21
132
-46
71
-6
45
84
84
168
165
184
229
110
216
-25
110
-146
-49
-188
-177
-133
-210
-26
-141
52
-23
47
62
-40
59
-146
-21
-194
-115
-145
-156
-21
-114
107
-25
176
50
165
59
112
2
72
-78
76
-127
114
-128
141
-103
123
-91
59
-115
-10
-161
-42
-187
-30
-161
5
-85
16
-9
-20
21
-83
-11
-126
-75
-102
-116
-11
-91
102
-11
175
82
171
132
98
110
6
35
-58
-48
-69
-98
-51
-100
-35
-80
-48
-64
-84
-68
-121
-83
-134
-86
-115
-61
-82
-9
-59
44
-64
74
-90
65
-120
23
-132
-39
-112
-98
-57
-134
28
-133
119
-84
197
-2
234
91
212
161
135
175
25
131
-75
46
-127
-40
-122
-93
-73
-99
-18
-71
18
-40
25
-18
11
-11
-4
-4
-13
12
-27
32
-55
40
-103
25
-151
-11
-180
-47
-176
-62
-149
-48
-123
-27
-115
-18
-122
-41
-119
-78
-83
-95
-7
-68
78
2
132
83
124
129
62
116
-19
54
-78
-21
-91
-69
-67
-71
-44
-45
-49
-25
-89
-32
-141
-68
-173
-112
-161
-127
-106
-93
-28
-5
37
115
57
233
18
313
-75
320
-193
242
-292
102
-322
-49
-259
-145
-108
-141
72
-30
207
133
235
272
144
316
-25
245
-186
100
-271
-49
-254
-134
-165
-132
-64
-68
-3
12
-4
68
-47
81
-103
59
-142
19
-150
-22
-132
-55
-86
-71
-21
-54
50
-5
105
65
112
119
62
123
-25
63
-109
-34
-147
-119
-133
-155
-93
-139
-76
-107
-114
-111
-190
-168
-253
-251
-256
-301
-191
-277
-100
-187
-44
-88
-54
-40
-114
-66
-158
-127
-130
-156
-27
-103
96
21
162
148
131
209
27
170
-78
70
-116
-17
-73
-35
12
20
70
96
61
138
-4
122
-74
66
-102
19
-81
9
-38
27
-15
37
-20
17
-32
-30
-18
-65
33
-59
97
-11
132
42
109
59
46
25
-13
-31
-31
-64
-8
-43
20
13
10
58
-52
54
-133
2
-185
-57
-173
-75
-117
-33
-65
37
-61
84
-108
69
-164
10
-180
-45
-136
-50
-60
2
-8
66
-21
83
-88
26
-151
-78
-153
-164
-78
-179
37
-113
126
-9
138
67
75
78
-18
30
-86
-32
-100
-66
-69
-54
-23
-2
1
64
-1
132
-27
192
-68
241
-125
266
-198
246
-271
172
-316
69
-296
-21
-200
-51
-62
-9
65
70
125
129
114
120
63
45
31
-53
59
-119
137
-118
226
-62
277
15
267
67
214
91
151
98
107
111
78
139
47
162
9
164
-36
140
-62
107
-52
89
-18
97
17
115
28
114
12
82
-9
27
-6
-16
25
-18
62
15
66
47
18
38
-62
-24
-125
-111
-129
-165
-64
-149
25
-69
87
27
81
76
23
49
-36
-33
-35
-108
44
-124
170
-66
277
33
312
115
265
134
168
82
77
-5
31
-81
34
-109
63
-92
76
-48
49
-13
-16
-9
-100
-45
-171
-105
-206
-164
-187
-195
-124
-176
-40
-107
28
-9
51
77
16
112
-62
83
-141
1
-182
-93
-167
-162
-109
-189
-42
-186
8
-177
33
-178
52
-176
83
-148
126
-81
154
8
131
72
49
67
-61
-17
-134
-137
-118
-217
-8
-200
143
-83
253
77
262
195
165
216
23
141
-84
29
-110
-50
-68
-62
-4
-22
19
21
-12
25
-73
-11
-119
-52
-124
-64
-96
-33
-74
18
-83
50
-127
43
-167
11
-168
-4
-124
27
-64
98
-37
168
-68
182
-138
122
-196
16
-187
-68
-98
-76
25
-3
115
98
112
152
24
106
-92
-27
-153
-180
-107
-268
28
-240
180
-118
269
33
243
130
124
130
-25
52
-129
-47
-153
-108
-112
-102
-60
-52
-47
-6
-83
-7
-142
-61
-175
-136
-146
-182
-53
-165
68
-84
172
27
221
130
208
193
157
207
95
187
43
144
10
97
-8
54
-15
17
-14
-4
-10
-7
-9
11
-25
33
-62
45
-122
33
-182
-1
-214
-30
-204
-28
-160
21
-110
103
-88
180
-109
215
-158
195
-196
139
-187
90
-121
86
-24
134
54
206
78
260
43
257
-22
202
-74
124
-82
62
-53
35
-8
39
18
48
19
42
7
26
8
17
32
43
62
105
67
174
21
208
-70
180
-170
95
-228
-1
-216
-56
-139
-42
-44
32
18
120
22
177
-19
180
-65
146
-80
110
-52
104
-1
128
28
152
16
139
-34
68
-83
-44
-93
-152
-45
-210
39
-200
118
-142
153
-74
124
-30
57
-23
-18
-40
-66
-53
-78
-40
-66
-4
-54
45
-57
81
-69
98
-83
98
-83
89
-74
75
-61
52
-52
13
-45
-42
-26
-101
11
-138
71
-140
134
-100
174
-40
175
17
138
51
80
60
27
62
-6
69
-21
86
-33
103
-53
98
-78
66
-88
21
-66
-10
-12
-6
50
35
83
83
62
92
-12
38
-95
-71
-136
-185
-100
-240
6
-199
130
-69
205
97
189
224
87
267
-49
226
-146
148
-160
100
-94
122
2
213
66
322
52
387
-35
371
-150
277
-236
148
-255
32
-207
-33
-124
-45
-47
-28
2
-6
21
4
26
11
31
20
35
33
30
35
8
14
-21
-34
-37
-92
-25
-133
15
-136
62
-103
83
-62
56
-49
-11
-83
-83
-151
-119
-214
-98
-230
-35
-179
32
-76
59
37
26
117
-57
140
-153
109
-226
52
-248
-4
-223
-35
-165
-37
-97
-12
-35
32
10
82
28
125
17
146
-17
134
-54
98
-74
52
-65
27
-31
29
1
52
13
67
-7
52
-42
4
-64
-54
-47
-86
5
-71
58
-21
78
32
51
49
-11
23
-66
-26
-80
-62
-49
-52
-3
-9
25
36
17
49
-8
25
-17
-8
17
-6
86
49
145
138
142
204
61
197
-69
103
-187
-45
-241
-180
-217
-250
-146
-246
-87
-199
-79
-158
-122
-153
-183
-177
-220
-200
-214
-192
-174
-146
-128
-78
-101
-18
-95
18
-93
33
-78
41
-43
57
4
80
46
105
74
124
83
132
76
129
53
112
16
72
-34
3
-76
-86
-91
-168
-62
-204
4
-176
71
-93
98
3
54
63
-49
49
-173
-33
-256
-144
-269
-232
-211
-264
-115
-233
-28
-171
17
-111
16
-78
-16
-78
-51
-100
-74
-130
-77
-152
-62
-160
-38
-149
-13
-122
2
-86
-4
-59
-31
-57
-71
-88
-101
-138
-100
-183
-61
-204
7
-187
76
-149
127
-107
151
-80
159
-59
171
-32
187
14
190
76
161
123
87
132
-21
87
-126
6
-196
-79
-218
-141
-204
-172
-177
-183
-148
-185
-112
-177
-54
-134
30
-35
112
112
148
267
105
360
-14
352
-151
244
-235
105
-218
9
-110
6
15
84
78
168
39
177
-79
86
-196
-71
-230
-207
-158
-242
-18
-156
100
0
124
141
40
195
-98
155
-207
66
-223
8
-150
28
-35
119
47
226
52
284
-7
260
-77
174
-105
78
-64
25
20
33
95
81
113
117
68
101
-16
28
-87
-71
-112
-156
-81
-195
-22
-189
31
-158
52
-138
44
-143
30
-164
32
-185
61
-180
105
-144
141
-87
146
-30
117
5
59
14
-6
-1
-63
-28
-100
-57
-112
-81
-100
-88
-60
-71
-5
-25
56
49
101
131
115
199
96
231
56
221
18
187
1
147
9
128
29
126
35
132
18
124
-23
95
-67
49
-92
5
-88
