-414
-54
319
-57
-383
22
-383
45
-371
69
-368
91
318
-136
-356
132
313
-170
301
-188
-314
192
276
-223
264
-238
-278
244
234
-267
-245
274
204
-291
187
-305
168
-316
150
-325
-153
332
-132
340
91
-347
71
-354
50
-356
30
-360
-30
363
-10
363
-31
-359
-53
-357
-74
-353
-93
-349
-111
-346
120
338
139
330
158
321
-188
-313
194
302
-221
-291
229
275
242
262
260
247
274
230
287
213
-306
-198
-319
-179
320
160
329
141
337
120
-351
-102
349
80
351
60
356
40
-363
-22
359
-4
358
-25
-363
43
-358
64
-354
86
344
-108
-343
124
-334
144
-327
163
-4
-2
-1
0
-1
-1
0
-1
-1
-1
-1
-2
-1
0
-2
-2
-1
-1
-98
-349
115
339
134
333
154
326
-175
-318
192
304
208
292
280
-228
240
266
255
252
-240
270
-223
284
295
202
-189
309
-322
-169
-330
-151
334
129
109
-346
-92
348
351
68
-360
-51
-362
-28
-363
-8
-363
16
33
358
-59
-357
74
351
-100
-350
-342
117
332
-137
-159
-327
173
315
-306
192
-294
211
279
-229
242
266
257
252
-276
-238
219
-286
203
-299
-311
-186
318
168
327
148
-131
336
-347
-111
-351
-88
352
69
356
47
0
0
-1
-2
0
0
-1
-2
-1
-1
-2
0
-1
-1
-1
-1
0
-2
-1
-1
-2
-2
-1
-1
-1
0
0
-1
-1
0
-2
-1
-2
-1
-2
-1
-1
-1
-2
0
-1
-1
-1
-1
-1
0
-1
-1
-1
-1
0
-1
-2
-1
0
-1
-2
-1
-2
-1
-1
0
-1
-2
-3
0
-1
1
-1
-1
-1
-1
-1
-1
-1
-2
-1
-1
-1
0
-1
0
0
-1
-2
-1
-2
-3
-1
-1
0
0
-1
0
0
-1
-1
0
-1
-1
-1
-1
-1
-1
0
0
-1
0
-1
-1
-3
-1
-1
-1
0
0
-1
-1
-1
-1
-1
0
1
-1
-1
-1
-3
-1
-2
-3
-1
0
0
0
-1
0
0
0
-1
-1
-2
0
-1
-1
1
-1
-1
-1
-3
-1
-2
-3
-1
-1
0
0
-2
-2
-2
0
-1
-1
-4
-3
0
0
0
-2
-2
-1
-3
-1
-1
-1
-2
-1
-3
-2
-3
-1
-1
-2
-4
-1
-3
-1
-1
0
-2
-1
-2
-1
-3
0
-2
0
-2
-1
-3
0
-3
-3
-2
-1
-3
-1
-1
0
-3
-1
-1
0
-3
-1
-1
-1
-1
1
-2
2
-3
1
-2
0
-2
1
-3
0
-2
1
-2
1
-1
0
-3
0
-3
1
-1
-1
0
-1
-1
0
-1
0
-1
-1
-1
-1
-2
1
-1
-1
-2
1
-2
0
-2
-1
-1
0
-1
1
0
0
-1
1
0
-1
-1
0
-1
0
1
-1
-1
0
-3
-1
0
-1
0
-2
-1
-1
-1
-2
-2
-1
0
-1
0
1
-1
-1
-3
-1
-1
0
0
0
-1
-2
-1
-3
-1
-1
-2
-1
-2
-2
-1
0
-2
-1
-1
-1
-1
-2
-1
-1
-1
-1
-1
0
-1
-1
0
-1
-2
-2
-2
-1
-2
-1
0
-1
-1
0
-2
-1
-3
-1
-2
-1
-1
-1
-1
-1
-1
-1
-1
0
-1
-2
-4
-2
-1
-1
-1
-1
-1
-1
-1
-1
-1
-1
-1
-1
-1
-2
-1
-1
-4
-1
-1
-1
-3
-1
-3
-3
-2
-1
-2
-2
-2
-1
-3
-1
-2
-1
-3
-2
-3
-1
-4
-1
-2
-2
-2
-1
-1
1
-1
-1
0
0
-2
0
-2
-2
-4
-1
-1
-1
-1
-1
-2
1
-1
1
-1
1
-1
0
-3
1
-1
-1
-1
0
-1
-1
-1
-1
-1
-1
-1
0
0
0
-4
0
-1
-1
1
-1
-1
1
-1
0
0
1
-3
0
-1
1
-2
0
-2
-2
-1
0
-1
1
0
0
-2
-1
-1
1
-1
-1
-2
1
0
0
-1
0
-1
-1
-1
0
0
-1
-2
0
-2
-1
-2
-1
0
0
-2
0
-1
1
-1
-1
-1
-1
1
-1
-2
-1
0
-1
-1
-1
-1
1
-1
-1
0
1
1
0
0
0
-1
-1
0
0
-1
-2
-1
-3
-1
0
-1
0
0
1
-1
0
-1
-1
0
0
0
-1
-3
-1
-1
-1
-1
0
0
0
-1
-1
-1
-1
0
-1
-1
-1
-3
0
0
-1
-4
1
-1
-2
-1
0
0
0
-2
-1
-1
0
-3
-1
-3
1
0
-1
0
-1
-1
-1
-1
-1
-1
-1
-3
-1
-1
-1
-1
0
-1
-1
-1
-1
-1
-2
-1
-1
0
-3
-1
-1
-1
0
-1
0
-1
0
-3
0
0
-1
-1
0
1
1
-1
-1
-1
-1
-3
-1
-1
-1
-2
-1
-1
-1
-1
-1
-1
0
-1
0
-1
-1
-1
-1
-1
-1
-1
-1
0
0
-1
1
-1
-1
-1
-1
-1
0
-1
-1
-1
1
-1
0
-1
1
0
-1
-2
-1
-1
-1
-1
0
-2
1
0
0
-1
1
-1
-1
-2
0
-2
-1
-2
1
-1
-1
0
-1
-1
-1
-1
0
-1
1
-1
-1
0
-2
0
0
-1
-1
-1
-1
-1
0
-1
-1
0
-1
-1
-1
-1
0
0
0
-1
-1
1
-1
0
0
0
-1
-1
-1
-1
-1
0
-1
0
-1
-1
-1
0
-2
-1
-1
-1
-1
-1
-1
-1
-1
-1
-1
-1
1
-2
1
-2
0
0
-1
-1
0
-1
-1
-1
-1
-3
-1
-1
1
-2
1
0
0
-2
0
-1
-2
-1
-2
-1
-1
-3
-1
-1
0
-1
-2
-1
0
-1
-1
-1
-1
-1
-1
-1
-1
-1
1
1
-1
-1
0
-1
0
0
0
-1
1
1
-1
-1
0
-1
-1
0
-1
-2
-1
-1
-1
-1
0
-1
-1
-2
-2
-1
0
-2
-1
-1
0
1
-1
0
0
-1
0
-1
1
-1
0
-1
-1
-1
0
-1
-1
0
-1
-1
-1
-1
-1
-2
0
-1
1
-1
0
-1
-1
-1
0
0
-1
0
0
-3
-1
-2
-1
0
-1
-1
-1
-1
1
0
1
0
0
-1
-1
0
-1
-1
1
0
-1
-1
-1
0
-1
-1
0
-1
-1
-1
1
-1
0
-1
-1
0
0
-1
-1
-1
0
-1
-1
-1
-1
-1
-1
0
-1
0
-1
-1
1
-2
1
1
-1
-1
1
-1
2
-1
-1
-1
0
-1
-1
-1
0
-1
1
-1
1
-1
1
-1
-1
-1
-1
0
0
-2
0
0
0
-1
1
-1
-1
0
-1
-1
0
-1
0
-1
0
-1
-1
-1
0
-1
0
-1
1
-1
-1
-1
1
-2
-1
0
-1
-1
-1
-1
0
-2
-1
0
1
-2
0
-1
0
-1
1
-1
2
0
0
-1
1
-2
1
-1
-1
-1
0
-1
0
-2
0
-1
0
-1
0
-1
1
-1
-1
-1
-2
0
0
1
-1
-1
-1
-2
0
0
0
0
0
1
0
-2
-1
-1
-1
0
-1
-1
1
-1
-1
-1
-1
0
1
-1
0
-1
-1
-1
-1
0
0
0
-1
-1
-1
-1
-1
0
0
-1
0
0
-1
-1
-1
-1
1
0
0
-1
1
-2
0
-1
-1
0
-1
-1
1
0
-1
-1
-1
-1
0
-1
2
-1
-1
-2
0
-2
0
-1
-1
-1
0
-1
-1
0
1
-2
-1
0
-1
0
-1
0
0
-2
-1
-1
-1
-1
0
0
0
1
0
-1
-1
-1
-1
-1
-1
-2
1
-1
0
-1
1
-2
-1
0
-1
-1
-1
1
0
-1
-1
0
-1
-2
1
-1
-1
0
1
-1
0
-1
0
0
1
-2
1
-1
0
-1
1
-1
0
-1
-1
-1
0
-1
-1
-1
-1
-1
1
0
1
0
0
-1
0
-1
-1
-1
-1
0
1
-1
-1
-1
0
-2
0
-1
-1
-2
0
-2
1
-1
-1
0
1
-1
0
-1
-1
-1
-1
0
-1
-3
-1
-1
0
0
-1
-1
-1
-1
-1
0
-1
-1
1
-2
1
-1
1
-1
-1
-1
-1
-1
0
-1
-1
-2
-1
-1
-1
0
-1
-1
-1
-1
-1
0
-1
-1
0
-1
1
1
1
-1
1
-1
1
-1
-1
0
-1
0
-1
-2
-1
-1
1
-1
-2
-2
0
-3
-1
0
-1
-1
1
-1
-1
-1
0
-1
0
-1
0
-1
1
-1
0
0
-1
-1
0
-1
1
-1
1
-1
1
-1
1
-1
-1
-2
0
1
-1
-3
-1
-1
1
-1
0
1
-1
0
-1
-1
-1
-1
-1
-1
-2
-2
-1
-1
-1
-1
0
0
-1
0
1
-2
0
-1
-1
-2
0
1
-1
0
-1
-3
1
1
1
-1
1
-2
-4
-1
1
-3
-1
-1
-1
-2
-1
-1
0
-1
-1
0
1
-2
-1
-1
0
0
0
-1
0
0
-1
0
-3
1
2
0
-1
0
1
0
0
-1
-2
0
-1
-2
-1
-1
-1
-1
-2
-1
1
-1
0
-1
-1
-1
-2
-1
1
-1
1
-1
0
-2
0
-1
1
-1
0
-1
-1
0
-1
3
-1
0
-1
-1
1
-1
-1
1
-1
0
1
0
1
-1
1
-1
-1
-2
-1
-3
-1
-1
-1
-1
1
1
0
1
2
-1
0
-1
-1
1
0
-1
-1
0
0
0
-1
1
-3
-1
-3
0
-1
0
-1
0
-1
-3
0
-1
-1
-3
-1
-1
0
-2
-1
-1
-1
-2
1
-1
-1
-1
0
1
-1
0
1
2
-1
0
-1
-1
-1
-1
0
0
-1
-1
1
1
0
-3
-1
-1
1
-1
1
-1
0
-1
2
-2
1
0
2
0
1
-1
-1
-1
-1
-1
1
-1
1
1
1
1
-1
-1
1
1
-1
-1
-1
-1
0
0
1
-1
-1
-1
1
0
1
-1
-1
1
1
-1
0
-2
0
-1
0
0
-1
-1
0
-1
0
0
0
-1
0
-1
-1
0
-1
-1
0
-1
0
0
1
-1
1
0
-1
0
0
-1
-1
-1
-1
1
1
0
0
0
1
-3
-2
-1
0
0
-1
1
0
1
-1
-1
-1
-1
-1
-1
1
-1
0
1
-2
1
-1
0
1
0
-1
0
0
-1
-1
-1
0
-3
-1
-1
1
0
-1
0
1
1
-1
-1
0
-1
-1
0
-1
1
-1
-1
1
-1
-1
0
-1
-1
1
0
-1
0
-1
0
1
-1
-1
-1
0
0
-1
0
0
-1
-1
-1
1
-1
-1
-1
0
-1
0
-1
0
-1
1
0
-1
0
-2
-1
3
0
1
1
1
-1
-1
-1
-1
1
0
0
0
0
1
0
0
1
-1
-1
1
1
-1
1
-1
-1
-1
0
-1
-2
-1
-1
1
-1
-2
-1
1
-1
-1
0
2
-1
-1
1
-1
-1
-2
-1
-1
-1
-2
0
-1
-1
0
0
0
0
1
-1
1
0
1
-1
0
0
0
-1
-1
1
-1
-1
-1
1
0
-3
-1
0
-1
0
-1
1
-1
-1
-1
0
-1
0
-1
1
-1
-1
-1
-1
0
0
1
1
0
0
-1
1
-1
-1
0
0
0
1
1
1
0
1
-1
-2
-1
0
0
0
-2
-1
0
1
-1
-1
0
1
-1
-1
0
0
-1
-1
0
-1
-1
-1
1
-1
0
0
-1
1
-2
0
0
0
-1
-1
-1
1
0
0
-3
-1
0
0
-1
0
-1
0
-1
3
0
0
0
-1
0
0
0
-1
-1
1
-1
0
-1
1
0
-2
-3
0
0
-1
-1
1
-1
-1
-1
-1
-1
0
0
0
0
1
0
2
1
0
-1
-1
0
-1
0
0
-1
-1
0
1
-1
0
-1
-1
-1
-1
1
-1
-1
-1
-1
1
-1
0
-1
-2
0
0
-1
0
-1
0
0
0
0
-1
0
1
0
-1
0
-1
0
0
0
0
-2
0
0
0
-1
-1
-1
-1
0
-1
-1
0
-1
1
-1
0
-1
-1
-1
0
0
-1
-1
-2
-2
0
-1
-2
-1
-2
1
1
-1
-1
-2
-1
-1
0
0
0
0
-1
0
-1
0
1
-1
-1
-1
1
1
1
-1
1
-1
0
-2
-1
-1
-1
-1
-1
-1
0
-2
1
-1
1
1
-1
0
-1
0
0
1
0
0
0
-1
0
-1
1
-1
1
-2
-1
-1
-1
-2
1
0
1
-1
0
0
1
0
-1
0
0
-1
0
0
0
-1
0
1
-1
0
0
-1
0
0
0
0
1
-1
-1
-1
-1
0
0
1
0
0
-2
-1
-1
1
0
-1
0
0
1
1
0
1
1
0
-1
1
0
0
0
0
-1
-1
-1
0
-1
-1
0
-1
-1
-1
-1
-1
0
0
0
0
0
-1
0
-1
0
-1
0
-1
0
0
-1
-1
0
-1
1
-1
-1
1
-1
-1
1
-1
-1
-1
1
-1
-1
-1
-1
0
0
-1
-1
-1
0
0
0
-1
0
-3
0
0
0
-1
-1
-1
0
-1
1
-2
-1
1
1
1
0
0
-1
-1
0
0
2
-1
1
1
0
0
-1
-1
-1
-1
0
-1
0
1
1
-1
-1
0
0
-1
-1
0
0
0
0
-1
0
0
-1
-1
0
-2
1
1
0
0
0
-1
-1
0
-1
2
-1
-1
1
-1
0
0
0
-2
-1
-1
0
-1
0
0
-1
0
0
0
-1
-1
1
-1
0
0
-1
-1
-1
-1
1
1
0
0
1
-1
1
1
-1
0
1
0
-1
1
-2
0
-1
0
1
1
-1
-1
0
1
-1
-1
1
1
1
-2
-1
0
1
-2
-1
-1
-1
1
0
-1
1
-1
-1
-2
-1
0
1
-1
-1
-1
0
-1
-1
0
1
-1
-1
-1
1
1
-1
0
-1
-1
0
-2
0
-1
-1
0
0
-1
-1
0
1
0
0
-2
-1
-1
0
-2
0
0
1
-2
-2
-3
1
-1
-1
-1
-1
0
-1
-1
-1
-1
-2
-1
0
-1
1
-1
1
-1
0
0
1
-1
-1
0
-1
-1
0
-2
1
-2
-1
-1
0
0
0
0
0
1
1
-1
0
-1
1
-1
0
-1
0
-1
-1
0
-1
-3
-1
0
1
-1
-1
-1
0
-1
-1
-1
-1
-1
0
1
1
-1
1
-1
-2
-2
0
-1
1
-2
0
-2
-1
0
-1
0
-1
-1
-1
-1
-1
-3
-1
-1
1
-2
-1
-1
-1
-1
-1
0
-1
-1
-1
0
1
0
-1
-2
0
-1
0
0
1
-1
1
-1
0
1
0
0
-1
-2
1
-1
1
-1
1
-1
1
-1
1
0
0
-3
0
-1
-1
0
-1
-1
0
0
0
-1
0
0
0
-1
-2
-1
-1
-1
0
-1
1
-1
1
0
-1
-1
-2
-3
-1
-1
1
-1
-1
0
1
-2
1
-1
1
-2
0
0
0
1
1
-1
1
0
1
-1
-1
-1
1
-1
1
-4
0
-1
0
-1
-1
0
-1
-1
-1
-1
1
-1
0
-1
1
0
0
-3
-1
0
1
-1
0
-1
-1
1
0
-1
-2
0
0
-1
0
-1
0
-1
-1
-2
0
-1
0
-1
-1
1
1
-1
0
-3
0
-1
0
-1
0
-2
-1
-1
-1
-1
-1
-1
0
-1
1
1
-1
-1
0
0
0
0
-1
-2
-1
0
-1
0
-1
-1
-1
0
-1
-1
1
-2
0
-1
1
-1
1
-1
1
-1
0
0
-1
1
1
-2
-1
-1
0
0
-1
-1
0
-1
0
-1
-1
-1
1
-2
-1
-1
0
-2
0
-1
-1
0
1
-2
0
-1
-2
-4
1
0
-3
-1
-1
-1
-1
-1
-1
-2
-1
0
0
0
-1
0
-1
0
0
-1
1
1
0
-1
1
-1
0
-1
1
-1
1
-1
0
-1
-1
-1
0
-1
-1
-2
-1
-1
1
-1
-1
-2
-1
-1
2
-2
0
-1
1
-2
0
1
-1
-1
-1
0
-1
-1
0
-1
0
0
0
-1
1
0
1
-1
-1
0
-1
-1
0
-1
0
-1
-1
-1
0
-1
0
0
1
0
-1
0
0
-1
1
-2
1
0
0
0
0
1
1
-2
1
-1
-1
1
1
0
0
0
-1
-2
1
-3
0
-1
1
0
0
0
1
-3
0
-1
1
-1
0
-1
0
-1
1
-1
0
1
0
0
0
-1
0
-1
-1
-2
0
-1
1
-1
-1
-2
-2
0
0
-1
0
-1
-1
-1
-1
-1
-1
-1
-2
0
0
-3
-1
0
0
-1
-1
0
0
-2
0
-1
1
-1
-1
-1
0
-1
-1
-2
-2
0
-1
0
0
0
0
-1
0
-3
-1
0
-1
-1
-1
-1
-1
-1
-1
0
-1
-1
1
-1
-1
-1
1
0
0
-1
0
-1
-1
-2
1
-1
-1
-2
-1
-1
1
-3
-1
-1
0
-2
-1
-1
0
-1
0
-1
-1
-1
0
-2
1
-1
0
0
1
-2
-1
-2
0
-1
0
0
-1
1
0
-2
-1
-1
0
-1
0
-4
0
-2
-1
-1
0
-1
0
-1
-1
-1
0
-1
1
0
-1
0
0
-1
-1
-1
0
-1
0
0
-1
-1
-1
-1
-1
-1
-1
-2
0
-1
1
-1
0
0
-1
-3
1
-1
1
-3
0
-1
-1
-1
-1
-1
-1
1
-1
-1
0
-3
-1
0
-1
-1
1
-1
-1
-1
-1
-2
0
-3
-1
-3
-1
-1
0
-1
-1
-1
-1
-1
0
-1
0
-1
0
-1
0
-1
-1
-2
-1
-2
0
-1
-1
-1
1
-1
-1
0
-1
-1
0
0
1
0
-1
-2
-1
-1
1
-2
-1
-1
1
-1
0
-1
-1
-1
-1
0
0
-2
0
-2
-1
0
-1
-2
-1
-1
0
-1
-1
-1
0
-1
-1
-3
1
-3
-2
-1
0
-1
-1
0
-1
-1
0
1
-1
-1
-1
-1
1
-1
1
-1
0
-1
-1
-1
-1
-2
-2
-1
1
-4
-2
-2
-1
1
-1
-1
-1
-2
-1
0
-1
-1
-1
-1
-1
-1
-1
-2
0
0
0
0
-1
-2
-1
-1
-1
-1
-2
-1
0
-1
-1
-2
-1
0
1
-1
0
-1
0
-3
1
0
0
0
0
-1
0
0
1
-1
0
0
-1
0
0
-1
-1
-1
0
-1
0
0
-1
-1
0
-2
-1
-4
-1
-2
-1
-1
-1
-1
1
-1
1
-2
-1
-3
-1
-1
0
-1
-1
-2
-1
-3
0
-1
-1
-1
-1
-1
0
-1
0
-1
-1
-1
1
-2
0
0
-1
-1
-1
-1
0
0
-1
-1
0
-1
0
-1
0
-1
0
-1
-1
-2
1
-1
0
-4
0
-1
-1
-3
0
-1
-1
-1
-1
-2
-1
-1
-1
0
-1
-3
-1
-1
-1
-1
1
-1
0
-1
-1
-2
-1
-1
-1
-2
-1
-1
1
-2
-1
-1
1
-1
-1
-1
-1
0
1
-1
1
-2
-44
356
23
-361
360
1
17
360
38
357
-62
-357
-84
-353
-348
100
-341
120
-335
139
-162
-325
-180
-315
-304
196
213
289
230
276
264
-247
-251
261
274
231
287
218
-303
-202
310
180
322
163
-144
332
338
124
-344
-105
351
85
-65
354
42
-358
359
23
-3
361
-22
-360
-42
-358
61
356
-81
-351
102
346
340
-122
141
331
-324
160
-313
180
300
-199
289
-215
230
276
-247
-264
-249
262
-233
276
-216
288
-302
-199
180
-313
-322
-164
-332
-144
338
124
105
-346
-351
-83
-356
-64
-42
358
-22
361
359
0
19
359
-43
-360
64
355
85
349
-346
100
-123
-340
334
-144
-162
-322
182
311
-197
-303
291
-218
-275
228
-262
247
-248
260
233
-279
-290
-214
-302
-199
-178
312
162
-325
142
-334
-122
337
346
102
82
-354
356
58
42
-361
-19
358
0
358
23
358
-359
41
-354
61
-350
82
104
342
-124
-341
144
329
-322
161
-183
-314
-303
198
-288
213
233
274
260
-251
245
-264
230
-281
291
212
302
194
-313
-181
-161
320
-334
-143
121
-342
-346
-105
-353
-83
62
-358
-40
355
361
19
-363
0
23
358
44
356
354
-66
85
349
106
343
-339
124
144
330
164
321
180
308
296
-200
217
286
-276
235
258
-250
262
245
-231
279
-214
290
-198
303
-179
313
157
-326
-141
332
119
-339
344
100
-81
351
-61
355
358
40
18
-360
361
-2
-360
23
358
-47
353
-66
-88
-350
-107
-344
337
-128
329
-146
320
-167
-313
183
-202
-301
-288
218
-234
-275
-250
-260
245
-266
-229
277
-291
-214
304
194
-314
-178
159
-324
334
139
119
-340
-346
-99
-351
-80
357
57
358
37
359
18
-361
4
26
360
47
358
-354
66
351
-89
107
344
-336
127
329
-149
-165
-322
-185
-312
-202
-301
-221
-288
273
-238
259
-252
-244
264
228
-279
293
209
-197
302
316
174
-326
-160
-137
329
-119
339
-346
-99
-76
349
-357
-60
-38
357
14
-363
-6
-363
-360
25
47
357
67
353
88
347
-110
-346
-336
129
-330
148
-320
165
-310
182
-204
-301
218
284
-238
-275
-259
250
242
-269
279
226
-295
-213
-306
-195
-176
314
-326
-159
136
-336
340
115
346
96
74
-355
55
-360
-361
-39
-16
360
359
-8
359
-30
-360
47
353
-72
-91
-351
-347
107
-338
129
-332
148
317
-170
-312
185
202
296
-288
221
-274
235
257
-256
-269
-244
-283
-228
-297
-209
303
190
315
173
324
156
135
-334
339
117
-1
-2
-1
-1
-1
0
-2
-3
-1
-1
-2
-2
0
-1
0
-2
298
199
311
182
321
165
331
146
337
126
344
105
349
86
354
65
358
45
361
24
-361
-1
362
-19
358
-40
356
-59
353
-81
348
-102
-340
121
332
-141
325
-160
315
-180
-303
197
291
-215
-276
229
264
-249
-248
262
235
-277
217
-288
-200
299
-180
311
165
-324
144
-334
127
-341
-104
342
-83
350
-62
354
45
-363
-18
358
4
-363
21
357
-40
-363
-61
-359
-82
-356
-103
-349
-122
-344
-142
-336
-161
-328
180
311
199
297
-215
-294
-233
-280
-248
-269
264
245
-279
-236
287
211
298
194
310
177
320
158
330
140
338
121
344
100
349
81
-358
-66
358
38
-363
-23
