199
-310
197
-307
255
206
-323
-224
169
-322
-340
-186
-175
313
111
-349
329
106
-107
343
-87
347
-372
-58
-45
355
348
4
-4
357
18
357
-369
51
60
351
336
-97
101
341
-146
-334
314
-153
-183
-315
-317
192
198
296
-233
-285
258
-240
244
-255
231
-267
-296
-221
-218
300
179
-304
-325
-171
321
153
124
-337
106
-344
342
93
-360
-72
-363
-52
-35
361
-14
361
8
361
-363
33
49
356
71
353
344
-95
338
-115
331
-136
151
326
168
316
187
306
291
-209
-284
224
-272
243
255
254
-275
-240
281
222
202
-299
184
-308
-173
317
-331
-149
-133
335
340
109
-95
348
353
68
49
-360
28
-362
-8
360
12
358
33
357
-357
53
74
349
-98
-349
-344
115
332
-136
-158
-327
-317
173
-192
-308
-209
-297
280
-228
-269
238
257
252
271
235
-222
284
202
-298
-311
-188
317
167
148
-331
335
127
108
-347
-353
-92
68
-356
46
-361
-29
358
-8
358
359
-16
356
-37
54
356
75
351
346
-100
-119
-342
-138
-335
153
324
-180
-317
303
-194
-214
-293
-229
-282
-246
-269
-254
256
-273
-239
220
-287
200
-299
-311
-185
-321
-168
-151
328
-338
-128
-345
-111
-91
349
-357
-68
356
47
-1
-1
-1
-1
-1
-1
1
-1
0
0
-1
0
-1
0
0
1
-1
-1
-1
-1
-1
-1
-2
-3
-1
-1
-1
-1
-2
0
0
0
1
-1
0
-1
-1
-1
-1
0
-1
-1
-1
-2
-2
-1
-1
1
-1
-1
-1
-2
-1
-2
-2
-2
-3
-1
-1
-1
-1
-1
-1
0
-1
-1
-1
-3
-4
-1
-1
1
-1
0
-1
-1
-1
0
-1
0
-1
-1
-1
0
-1
-2
0
0
-1
-1
-1
-1
-1
-1
-1
-1
0
0
-2
-1
-1
-1
0
-1
-1
-1
-1
1
-1
-2
-1
1
-1
-2
-1
-1
-1
-1
-1
1
-2
-1
-1
1
-1
-1
-1
0
0
0
0
0
-1
-1
0
0
0
0
0
-2
-3
-2
0
0
-1
-1
-2
-2
-1
-1
-2
-1
-1
-3
-1
0
-2
-1
-2
1
-3
-2
-2
-1
-1
-2
-2
-1
-2
0
-1
-1
-1
-1
-3
-3
-2
-1
-1
-1
-3
-1
-1
-1
-2
-1
-1
1
-4
-1
-3
-1
-1
1
-3
1
-1
-1
-2
0
-2
-1
-3
0
-3
-2
-1
-1
-2
0
-1
-1
-3
0
-1
0
-1
-1
-4
-1
-1
0
-1
0
-1
0
-1
2
-1
0
-1
-1
-3
-1
-1
-1
-2
-1
-2
0
-1
-1
-1
0
-2
0
-1
-1
-1
-1
-1
-1
1
0
0
0
-1
0
-1
1
-1
-1
0
1
-1
-1
-1
1
-1
-1
0
0
-1
0
-1
1
0
-1
0
0
-1
-1
0
-3
-1
2
-1
-1
0
1
-2
-1
0
-1
0
-1
0
-1
-1
-1
-1
-2
-1
-2
-2
0
-2
-1
0
0
-3
0
-1
-1
-1
-1
-1
-2
-2
-1
-1
-1
-1
-1
0
-1
-3
-2
-1
-1
-2
-1
-3
0
-1
-2
0
-1
-1
-1
0
-1
-2
-1
-3
-2
-1
-1
-4
-2
-1
-1
-2
-1
-1
-4
-2
0
-2
-3
-1
-2
-1
-1
-1
-2
-3
-1
-2
-1
-2
-2
-1
-1
-3
0
-1
-2
-2
-2
-4
-3
-3
-1
-4
-1
-1
-1
-1
0
-1
-1
-3
-1
-1
-2
-2
1
-2
-1
0
1
-2
1
-2
-1
-1
-1
-1
-2
-2
-1
-3
-1
-2
-1
-2
-1
-3
-1
-1
-1
-1
-1
-1
-1
0
-1
-2
-1
-1
0
-1
-1
-2
1
-2
0
-2
1
-1
1
-1
0
-1
2
-1
-1
-1
0
-2
1
-2
0
-1
-1
-1
-1
-1
1
-1
-1
-1
-1
-1
-1
-2
1
-2
-1
-1
0
0
-1
-1
-1
-1
-1
-1
-1
-1
0
0
0
0
-1
0
-1
-1
-1
0
0
0
1
0
1
-1
-1
0
-1
-1
0
-3
0
-1
0
-1
1
-1
-2
0
0
0
-1
-1
-1
-1
0
-1
-2
-1
0
1
1
0
-2
-3
1
-1
-1
-1
-1
-1
-1
-1
-2
0
0
-1
0
-1
-1
-1
-1
0
-1
-1
-1
-2
-1
0
0
-1
-1
0
-1
-2
-1
-2
-1
-2
0
-2
1
-1
-1
-2
-2
-1
0
-2
1
-2
0
-3
-1
-1
0
-1
-1
-1
-1
-3
1
-1
1
0
-1
-2
-1
-4
-2
-1
0
-1
0
-2
-1
1
0
-1
-1
-1
-1
-2
0
0
-1
-1
-1
-1
-1
-1
-2
-3
0
-3
-1
-2
-1
-1
-2
-1
0
0
1
0
-1
-1
-1
-1
0
-2
0
-2
-1
-1
0
-1
-1
-4
0
-2
0
-1
-1
-1
1
-1
0
-4
1
-1
0
0
1
-1
-1
-1
0
-1
0
-2
0
-1
-1
0
-1
0
-2
-3
0
-1
-1
-4
-1
-2
0
-1
1
-2
1
-1
1
-3
-1
-1
0
-1
-1
-1
-1
-1
-1
0
0
-1
0
0
-1
-1
1
-1
-1
0
-1
0
1
-1
0
-1
-1
-2
-1
-1
0
-3
0
0
-1
0
-1
-2
-1
-2
1
-2
-1
-1
-1
-1
-1
-1
-2
-1
-1
-1
1
-1
-1
-1
-1
-2
-1
-1
0
-1
0
-2
0
-2
-2
-3
0
1
0
-2
0
-1
-1
0
-1
-2
1
-1
-1
-1
-1
-1
-1
-1
-1
-1
-1
-1
-1
-1
-1
-4
0
-3
-1
-1
0
-1
0
-1
-2
-1
-1
-2
-1
1
1
-1
1
-1
1
-3
1
-2
-1
-2
-1
0
-1
0
0
-1
-1
0
0
0
-1
-1
0
1
-1
-1
1
-1
-1
-1
0
-2
0
-1
1
-1
-1
-1
-1
-1
1
0
-1
0
-1
-1
0
0
0
-1
0
-1
1
-1
0
-1
-1
-1
0
-1
-1
-1
-1
-3
1
-1
-1
-1
-1
-1
0
-1
-1
0
-1
-1
1
-2
-2
-1
0
-1
0
-4
-1
-1
1
0
-2
-2
-1
-1
-1
-1
1
-1
-1
-1
0
-1
-1
-1
-1
-1
0
-1
-1
-1
0
-1
1
1
-1
-1
-1
-1
0
-2
-1
0
1
-3
1
-2
-1
0
-1
-1
-1
-1
-2
-1
-1
-2
1
-2
-1
-1
0
-1
0
-1
-1
-1
1
-1
-1
0
-1
-1
0
-1
-1
0
1
-1
0
0
1
0
-1
0
-1
-2
1
-1
1
-1
0
0
0
-1
1
-1
-1
-2
0
-1
-1
0
-1
-1
1
-2
1
-1
-1
-1
0
-1
0
-1
-1
0
-1
0
0
0
-2
-1
-1
-4
1
1
-1
0
0
-1
-1
-1
0
-1
-1
1
-1
-1
-1
1
0
-1
-1
-1
0
0
1
-2
-1
-1
1
-1
0
-1
1
-1
1
0
-1
-2
0
-1
-1
-1
1
0
1
-2
1
-1
1
-1
1
-1
1
-1
1
-1
-1
1
-1
0
-1
-1
1
-2
1
-2
-1
-1
0
0
-1
0
-1
-1
-1
-1
1
1
-1
0
-1
-1
-1
-1
1
0
0
-1
0
1
-1
0
-1
-1
1
0
-1
0
-1
-1
1
-1
-1
-1
-1
-1
-1
-1
0
-2
-1
0
-2
-3
1
-1
0
1
0
-1
-1
-1
-1
-1
0
-1
-1
-1
0
0
-1
0
0
0
-1
-3
-1
0
0
-2
0
-1
0
-1
1
0
0
-1
1
-1
0
-1
-1
0
-1
-2
-1
-3
1
-1
0
-1
-1
-1
-1
-1
0
1
0
-1
-1
-1
0
-2
0
-1
-1
0
0
0
1
-1
-1
-1
0
-1
-1
-1
-1
-2
-2
-2
0
-1
0
-1
-2
-1
-1
0
1
0
1
-1
0
1
-1
-1
-1
0
0
0
-1
0
1
1
-1
-1
-1
-1
0
-2
0
-1
1
1
1
-2
1
0
1
0
0
-1
1
0
-1
-1
-1
-1
-1
-1
-1
-1
0
-1
0
-1
-1
-1
-1
0
0
-1
0
-1
1
-1
0
-1
0
-2
-1
1
0
-1
-3
-1
0
1
-1
-1
-1
1
0
-1
1
-1
0
0
-1
0
1
-1
-2
-1
0
1
0
-1
-1
0
0
-1
0
0
0
-1
1
-1
1
1
0
1
0
-2
-1
-1
0
-2
-1
-2
-1
-1
-1
1
-1
-1
-1
1
0
0
-2
-2
-1
-1
-1
-1
-1
-1
1
-1
0
-1
0
-2
-1
-1
0
0
-1
1
1
-1
1
-2
0
-1
-1
-2
-1
-1
-1
0
0
-1
0
-1
1
-2
0
-1
-1
-1
0
-2
1
1
0
-1
0
0
-2
-1
-1
-2
-1
-2
-1
1
-1
-1
-1
-1
0
-1
1
-1
0
0
-1
-1
0
-1
0
-1
-3
1
0
-1
-1
-1
1
-1
-1
0
0
0
-1
0
1
1
-2
0
-2
-1
-1
-1
-1
-2
1
0
-1
-1
-1
-1
-1
1
0
-2
0
1
1
1
0
0
-1
-1
0
0
1
-1
-1
-1
1
0
-1
-1
-1
-1
1
-1
1
1
0
0
0
0
-3
-1
1
-1
-1
0
0
1
-2
-1
1
0
-1
1
1
-1
0
-1
-1
1
1
1
0
0
1
0
-1
-1
-1
-1
-1
0
-1
-1
-2
-1
-1
0
-1
1
-1
-1
-1
-4
0
-1
-1
-1
-1
-1
-1
-1
0
-1
-1
-1
-1
-2
1
0
0
-1
0
-1
-1
0
-2
-1
1
-1
-1
1
1
-1
1
-1
1
-1
-1
-1
-1
1
-1
-3
0
-1
0
-3
2
-1
0
-1
1
-2
0
-3
1
1
0
0
0
0
-1
1
1
0
1
0
-1
-1
-1
0
0
0
1
1
0
0
0
0
0
0
1
2
-2
-1
2
-1
-1
1
1
1
-1
-1
1
-1
-1
0
0
1
-1
-1
-1
0
0
0
-1
-1
1
-1
-1
0
-1
0
0
1
-1
-1
-1
-1
-1
0
-1
-1
1
1
0
-1
-1
0
-1
1
-1
-1
-1
-1
1
1
0
-1
0
0
-1
-1
-1
-1
1
0
0
-1
1
-1
-1
-1
1
0
0
0
-1
1
1
-1
-1
-1
-1
-1
-1
-1
0
-1
-1
-1
0
-1
1
-2
0
-1
1
0
-2
0
0
-1
0
-1
-2
-1
2
1
0
0
0
-1
-1
0
1
0
0
1
1
-1
-1
-1
1
-1
1
-1
-1
-1
-1
0
-1
0
0
-2
0
0
-1
-2
-1
0
1
1
0
-1
-1
0
-1
-1
-1
-1
-1
-1
1
-1
-1
-1
-1
0
-1
0
0
0
-1
1
1
1
-2
-2
0
-1
-1
0
0
1
-1
1
0
0
-1
0
1
0
-1
0
1
-1
0
0
0
-1
1
0
0
-1
0
0
0
0
0
-1
1
-1
-1
1
-1
0
0
-1
-1
-1
0
-1
-1
0
-1
-1
-1
-2
-1
-2
0
0
-1
0
-1
1
-1
-1
0
-1
0
-1
-1
-1
-1
-1
0
0
-1
0
0
0
-1
0
-1
1
0
0
0
0
-1
1
-1
-1
-1
-1
0
1
-1
1
-2
1
-1
0
0
-1
-1
-1
1
-1
-1
0
1
-3
-1
-1
0
-1
-1
-1
-1
-1
-1
-1
-1
-2
0
0
0
0
-1
0
-1
-1
0
1
-1
-1
-1
0
-2
-1
0
-1
-1
-1
-1
-1
0
0
-2
-1
-1
-1
0
1
-1
-2
-2
-1
-1
1
0
1
-1
0
-1
1
0
-1
-1
-2
0
1
-1
-1
-3
1
-1
-1
1
-1
0
0
0
1
-1
1
-1
0
-1
-1
-1
-1
-1
1
-1
1
-2
-1
-1
-1
-1
-1
-1
-1
0
0
1
1
-1
0
-1
0
0
-1
1
0
0
-1
-2
0
-1
-1
-1
-1
-1
-1
-1
-1
-1
1
-1
-1
-1
1
0
0
1
-1
-1
-1
0
1
1
-1
1
0
-1
-1
-1
1
-1
-1
0
0
-1
-1
0
0
-1
0
-1
0
-1
-1
1
1
-1
0
0
-1
-3
-1
-1
-2
-1
0
1
0
-1
-1
1
-1
-1
0
0
-1
-1
-1
-1
0
-1
-1
-1
0
-1
1
-1
-1
-2
-1
-1
0
-1
-1
-1
-1
1
0
0
-1
-2
0
-1
-1
-1
-1
0
1
-3
1
-2
0
0
1
1
0
-1
0
1
1
-1
-1
-1
0
-1
0
-1
2
0
-3
1
1
1
0
0
0
-1
1
-1
0
-1
-1
0
0
-1
-1
-3
1
0
-1
-1
-1
0
0
-1
1
0
-1
0
1
0
1
0
-1
-1
0
-1
1
0
-1
-1
0
-1
-1
0
-1
0
-1
1
1
-2
0
1
1
1
-1
-1
1
0
0
0
-1
-1
-1
-1
-1
-1
-1
0
1
1
1
-2
1
-1
0
-1
-1
-1
-1
1
1
0
-1
0
1
0
0
-1
-2
-1
-1
0
0
0
0
0
0
0
1
1
0
0
0
0
-2
-1
0
0
-2
-2
-1
0
-1
0
0
0
1
0
0
0
-1
0
0
0
-1
-1
-2
1
0
0
1
0
-1
0
0
1
-1
1
-1
-1
-1
-1
-1
-1
-1
-1
-1
-1
-1
0
-1
-1
1
-1
-1
1
-1
-1
-1
-1
0
0
-2
0
1
-1
1
1
1
-1
0
1
0
1
-1
1
1
0
-1
-1
-1
-1
-1
-1
-1
1
0
-2
-1
-1
0
0
-1
-1
-1
-1
1
-2
0
-1
-1
0
-1
-1
-1
0
-1
0
0
-1
1
-1
1
0
-1
-1
1
-1
-1
-1
1
-1
-1
-1
-1
-1
0
0
0
-1
0
-1
1
-1
1
-1
-1
-1
-1
-1
0
-1
1
-1
-1
0
1
0
1
-1
-1
-2
1
-1
1
-1
0
-1
1
1
-1
-1
1
0
0
-1
1
-1
0
-1
1
-2
1
0
0
0
-1
-1
1
-1
-1
-1
1
-1
0
-1
0
-1
1
0
1
-1
1
-2
-1
-1
0
-1
1
0
-1
-1
-2
-1
1
-1
-1
-1
1
-2
1
-1
1
-1
1
-2
-1
0
-1
-1
0
0
-1
-2
0
-1
-1
-1
0
-1
-1
-1
1
0
-1
-1
0
0
-1
-2
-1
-1
-1
-1
-1
-1
-1
-2
0
-1
0
0
1
-1
1
-1
0
0
-1
0
1
-2
0
0
-1
1
0
-1
0
0
-1
-1
-1
-1
0
-1
0
-1
0
0
1
0
0
-1
1
-1
-1
-1
1
-1
1
0
2
0
-1
0
1
1
0
-1
0
-2
1
-2
-1
0
0
0
0
-2
0
-1
0
0
0
-1
0
-1
0
0
-1
-1
0
0
0
-1
-2
-1
-1
1
1
0
2
0
-2
0
-1
-1
0
-1
-1
-1
-1
0
-1
-1
1
-1
0
-1
0
-1
-1
-1
0
0
0
-1
0
-1
0
-1
-1
-2
-1
-1
-1
-1
1
-1
1
-1
0
-1
-1
-2
-1
0
-1
-1
0
-1
0
0
1
0
0
0
-1
-1
-1
-1
1
-1
0
-1
1
-1
1
0
-1
-1
1
-1
0
-1
0
0
-1
-4
-1
-2
-1
-1
1
-1
0
-1
0
-1
0
-2
0
0
-1
-1
1
-1
1
-2
0
-1
0
-1
0
-1
0
0
0
0
1
-1
0
-1
0
-1
-2
-1
-1
1
-1
0
-1
-1
1
-1
-1
0
-1
0
0
0
0
-3
-1
-2
2
-1
0
-1
0
-2
0
-1
1
-1
0
-2
-2
-1
1
-1
-1
-1
-1
0
-1
-1
1
-2
1
-1
-1
-1
0
-1
-1
-1
0
-1
-1
1
0
-1
-1
-1
0
-1
-1
-2
1
-1
0
-1
0
-1
-1
-1
0
0
0
-1
-1
-1
1
-1
-2
-1
-1
-1
0
-1
1
-1
1
-1
0
0
1
-1
1
-1
-1
-1
-1
-1
0
-1
0
-1
-1
-1
0
-1
1
0
1
-1
1
-1
1
-3
-1
-1
0
-1
0
0
0
-2
0
-1
1
-1
-1
-1
0
-1
1
-1
0
-2
-1
-1
-1
-1
2
-1
-1
-1
-1
0
-1
-1
-1
-1
-1
-2
0
-1
-1
-1
-1
-1
0
-3
-1
-3
-1
-1
-1
-1
0
-1
0
-2
1
-1
-1
-1
-1
-1
0
0
-1
-1
1
0
0
-1
-1
-1
-1
-1
0
-1
-1
-2
-1
0
-1
-1
-1
-1
-1
0
-1
1
0
-1
0
-1
1
-1
-1
-1
0
-1
0
0
1
-1
-1
-1
1
-1
-1
0
-1
-3
-1
-1
-1
-1
0
0
-1
-1
0
0
-1
-2
1
-2
0
-1
-1
-1
-1
-2
-1
-1
1
-1
-1
-2
0
-2
-1
-1
1
-1
0
-2
0
-3
-1
0
-1
-2
-1
-1
-1
-1
0
-1
0
-1
-1
-2
0
-1
0
-2
0
-1
-1
-3
-1
-1
-1
-1
-1
-1
1
-2
-1
-1
0
-1
0
-2
1
-1
-1
-1
-1
0
-1
-1
-1
-3
-1
-3
0
-1
-1
-1
0
-3
0
-1
-1
0
0
-1
-1
-1
0
-2
-1
-1
-1
-1
1
-2
0
-1
1
-3
0
-2
0
-1
-2
-1
1
-3
0
-1
-1
-2
1
-1
-1
-3
0
-2
0
-1
0
-1
0
-2
-1
0
-1
-1
0
-1
-1
-1
0
-1
0
-2
0
-1
-1
-1
-1
-1
1
-1
0
-1
-1
-1
0
-1
0
-3
1
-2
0
0
0
-1
-1
-1
-1
-2
0
-1
0
-1
0
0
0
-1
1
-1
0
-2
-1
-1
-1
-3
1
0
0
0
-1
-3
-1
-1
-1
-1
-1
-1
-2
-1
0
-1
-1
-4
-1
0
-1
-1
-1
-2
0
-1
-1
-1
-1
-1
-1
-1
0
0
-1
0
0
-1
0
-1
-1
-1
-1
-1
0
-1
0
-1
0
-1
1
-1
-1
-1
-1
-1
0
-3
-1
-1
-1
0
-1
0
-1
-1
0
-1
-1
-3
0
-2
1
-1
-1
-2
-1
-1
-1
-2
0
-1
1
-1
-1
-1
0
-1
-1
-3
0
0
1
-2
0
-1
1
-1
0
-1
-1
-1
-1
0
1
-1
-1
0
-1
-1
-1
-1
-1
-1
-1
0
-1
-3
0
-2
-1
-1
-1
0
0
-1
0
-1
-1
-1
-1
-2
-1
-1
0
-2
0
-1
-1
-1
-1
-1
-1
-1
-1
-1
0
-2
-1
-1
0
-1
0
0
-1
-2
-1
-1
-1
-1
-1
-1
-1
-1
-1
-1
-1
-1
-1
-1
-1
-1
0
-2
-1
-2
-1
-1
1
1
0
-2
-1
-1
1
-2
-1
-3
-1
-1
-1
-1
0
-1
0
-2
0
-1
-359
-46
22
-363
-3
359
-362
18
-358
38
356
-61
350
-83
-348
101
119
339
330
-142
322
-162
177
313
-198
-303
-291
214
-280
230
246
262
-250
260
232
-277
-218
287
-202
300
180
-313
320
163
145
-331
-126
337
-105
344
-354
-86
-358
-66
43
-358
-361
-24
363
0
19
358
-359
40
-62
-356
351
-81
-102
-349
-123
-341
140
330
-161
-323
311
-180
197
301
214
288
232
276
262
-247
246
-264
233
-276
214
-288
-198
303
182
-313
322
162
143
-332
-125
339
-103
346
-84
349
-63
354
-41
358
21
-361
359
0
-23
-363
-42
-358
-355
61
85
348
-345
103
-123
-339
334
-145
323
-163
-312
180
-198
-303
-215
-290
-231
-276
-261
246
-260
-250
-277
-233
-288
-216
-301
-200
180
-316
322
160
-330
-144
124
-341
-101
344
-352
-84
62
-356
358
40
361
18
1
359
-359
19
359
-45
-354
62
-352
82
105
342
-339
122
-145
-334
-163
-325
-181
-313
199
298
287
-219
-232
-279
-262
245
-248
260
-277
-233
291
214
-303
-199
-315
-182
160
-327
331
141
-122
337
-103
346
79
-354
-356
-63
-40
358
-21
357
-3
-362
360
-25
-43
-359
-66
-357
86
349
104
344
-124
-340
-331
144
164
319
-310
182
198
298
216
288
231
273
-264
248
244
-266
-231
276
-215
290
194
-303
177
-314
-161
323
332
140
340
119
98
-346
80
-353
354
58
358
38
360
16
-4
-361
23
362
357
-45
64
355
-88
-350
-107
-345
-339
126
330
-145
165
320
-182
-310
202
301
-218
-288
274
-235
259
-252
-247
264
-228
277
213
-291
-303
-195
-315
-179
158
-325
-334
-139
-119
339
100
-349
79
-353
-355
-60
-359
-40
-15
358
4
360
25
359
-357
45
66
354
-349
86
109
344
338
-129
147
329
-321
164
-310
182
202
298
-286
218
-233
-274
-261
250
-264
-245
-281
-230
-293
-214
-196
302
314
175
-326
-158
138
-334
119
-344
-347
-100
353
76
-356
-59
-37
356
-16
359
362
-8
26
357
357
-50
69
352
89
348
109
341
-129
-339
-149
-331
321
-169
-185
-310
-298
200
-286
217
270
-239
-259
249
265
241
-281
-230
211
-296
-307
-194
173
-317
153
-327
136
-338
-119
339
347
95
74
-355
54
-358
33
-360
359
11
-8
-365
25
358
46
355
-72
-356
-352
88
-346
108
-339
129
-151
-330
166
318
-310
187
202
296
281
-223
236
270
-260
254
-245
266
279
224
206
-296
303
191
-317
-174
153
-327
-336
-136
-118
342
-350
-96
-355
-77
354
55
33
-359
-16
361
-362
8
358
-30
48
358
352
-69
90
350
-344
112
-132
-337
-151
-329
168
320
-189
-308
297
-204
284
-222
272
-238
257
-255
-240
267
226
-281
212
-293
192
-305
-317
-173
-153
326
335
135
-342
-116
351
93
354
74
54
-356
-358
-34
-360
-12
-7
-362
32
359
358
-52
357
-74
349
-93
346
-113
-130
-339
331
-153
172
314
308
-191
-204
-299
286
-225
272
-242
255
254
271
238
225
-285
-207
291
-306
-194
-172
315
154
-332
-132
330
114
-347
-94
343
74
-358
-356
-57
-360
-37
12
-366
10
356
358
-36
-53
-363
352
-78
-351
88
341
-119
129
330
326
-156
-320
168
-308
186
-209
-299
-286
221
-242
-272
