-105
-21
-76
42
-23
94
49
122
117
122
163
97
174
62
152
26
103
7
38
7
-23
30
-67
59
-83
83
-82
80
-77
47
-86
-6
-112
-57
-145
-82
-157
-79
-135
-67
-73
-64
1
-82
62
-117
96
-143
111
-148
130
-129
163
-104
205
-103
223
-134
195
-184
110
-220
-4
-211
-109
-161
-173
-87
-193
-24
-187
8
-182
11
-181
11
-172
25
-134
53
-57
66
33
45
105
-13
123
-78
93
-108
48
-76
33
6
71
91
147
132
209
103
207
27
127
-39
1
-47
-111
24
-150
139
-94
240
27
267
156
201
230
64
218
-84
136
-186
30
-202
-49
-140
-66
-40
-26
50
45
99
98
97
111
70
77
51
23
61
-18
96
-26
133
-6
138
16
100
14
29
-23
-40
-78
-81
-121
-78
-123
-49
-78
-25
-8
-33
56
-74
83
-132
68
-175
22
-191
-37
-164
-88
-107
-124
-27
-136
63
-116
148
-62
211
17
226
95
177
132
78
105
-40
17
-119
-86
-122
-150
-51
-132
54
-34
127
96
128
192
59
211
-37
157
-101
69
-101
-4
-44
-32
33
-28
86
-18
98
-31
79
-72
59
-125
54
-168
66
-185
83
-181
95
-163
99
-129
98
-82
92
-16
70
46
19
78
-55
57
-127
-15
-156
-98
-115
-143
-11
-115
107
-25
182
79
177
141
104
129
12
59
-46
-18
-40
-55
7
-31
57
30
69
90
36
124
-21
128
-74
117
-106
109
-129
103
-154
78
-187
27
-210
-40
-201
-94
-156
-103
-99
-66
-69
-18
-98
-4
-185
-60
-278
-173
-322
-289
-284
-348
-173
-315
-47
-206
33
-76
35
16
-23
43
-99
21
-144
-18
-139
-35
-103
-30
-71
-21
-59
-35
-62
-84
-53
-145
-4
-179
88
-156
190
-74
260
35
259
117
185
133
69
76
-33
-30
-76
-127
-45
-169
33
-139
109
-57
138
30
98
77
15
65
-71
13
-112
-31
-92
-29
-33
29
21
119
30
192
-18
209
-88
164
-139
89
-132
30
-71
21
5
48
50
79
40
69
-14
1
-65
-101
-69
-187
-11
-207
84
-148
165
-37
190
78
143
146
50
153
-42
114
-93
59
-83
24
-25
23
54
49
122
89
160
116
158
110
127
64
81
-17
45
-112
35
-187
54
-214
86
-181
97
-107
57
-30
-42
5
-179
-15
-302
-73
-367
-126
-351
-132
-274
-77
-182
17
-117
105
-102
147
-119
130
-139
70
-131
-1
-91
-66
-40
-112
4
-153
33
-190
49
-218
64
-224
74
-198
68
-159
28
-136
-39
-151
-108
-201
-136
-251
-94
-258
6
-192
114
-68
176
60
156
129
68
107
-35
14
-95
-95
-78
-160
-7
-153
71
-91
102
-21
72
11
8
-1
-45
-28
-47
-30
-3
17
57
105
88
187
65
218
6
177
-49
85
-57
-14
-4
-75
89
-83
174
-56
214
-28
199
-35
150
-75
105
-123
91
-147
110
-128
136
-74
143
-18
119
13
74
6
47
-22
59
-33
115
-4
185
69
221
151
197
192
103
160
-19
51
-122
-99
-159
-234
-120
-305
-28
-293
68
-216
127
-112
124
-25
72
16
0
11
-51
-18
-60
-40
-27
-34
30
3
84
57
104
104
82
118
23
90
-46
24
-103
-52
-123
-114
-116
-144
-95
-146
-79
-139
-76
-138
-75
-146
-48
-141
17
-97
111
1
196
136
230
260
187
317
82
276
-32
153
-93
11
-66
-85
28
-93
141
-28
202
59
181
111
95
101
-2
50
-53
5
-45
8
1
63
35
132
19
163
-40
122
-105
19
-124
-102
-71
-185
45
-202
173
-156
267
-80
298
-8
262
35
190
49
103
48
23
45
-42
45
-97
49
-136
61
-159
76
-167
97
-165
115
-156
119
-145
106
-119
77
-76
48
-13
34
50
30
92
21
96
-21
71
-105
45
-212
54
-302
115
-322
207
-262
285
-136
299
-3
233
83
109
104
-17
73
-96
35
-112
28
-81
54
-45
94
-25
115
-23
102
-14
74
27
60
93
83
160
131
186
172
156
167
86
102
16
1
-14
-96
4
-150
51
-152
89
-128
88
-110
49
-121
-4
-153
-42
-190
-47
-203
-28
-189
-2
-156
10
-122
11
-100
13
-81
25
-54
44
-23
59
3
62
9
57
-9
63
-32
95
-35
151
2
196
71
197
129
135
136
28
72
-71
-38
-115
-136
-76
-162
12
-99
90
16
98
117
22
144
-93
86
-181
-11
-188
-78
-109
-69
-1
8
69
98
61
134
-11
86
-91
-25
-109
-131
-47
-171
69
-125
171
-23
204
69
153
103
50
64
-46
-14
-89
-87
-73
-119
-21
-108
33
-71
60
-34
66
-6
61
13
56
30
48
42
33
39
20
16
21
-9
54
-8
120
46
187
145
218
247
173
300
65
262
-64
141
-147
-16
-144
-141
-56
-190
69
-161
170
-89
209
-22
187
18
130
32
66
38
11
46
-45
47
-112
21
-180
-41
-218
-115
-200
-164
-119
-158
-10
-92
84
-1
124
68
104
82
54
42
12
-25
5
-81
23
-108
43
-118
44
-126
22
-138
-8
-146
-33
-138
-53
-110
-82
-79
-127
-67
-178
-83
-206
-105
-186
-99
-124
-44
-57
45
-28
118
-67
119
-143
37
-202
-93
-189
-197
-100
-227
21
-180
100
-106
98
-74
26
-112
-51
-193
-68
-252
-9
-230
88
-128
153
-2
144
83
70
91
-14
44
-47
-4
-19
-8
37
30
64
59
32
32
-35
-62
-81
-179
-60
-251
23
-245
118
-175
160
-98
122
-74
39
-115
-25
-179
-28
-207
36
-161
114
-57
146
52
108
115
23
115
-63
83
-112
58
-125
58
-132
66
-158
53
-202
4
-232
-62
-211
-99
-136
-76
-43
-2
21
83
29
130
-6
125
-44
82
-51
42
-20
25
17
21
32
1
22
-52
14
-117
44
-146
114
-100
187
16
202
140
119
207
-40
172
-205
59
-298
-60
-284
-112
-191
-76
-88
11
-36
88
-47
110
-82
86
-93
58
-58
64
-9
100
7
118
-33
69
-102
-57
-127
-201
-49
-276
122
-221
319
-41
437
179
412
333
249
347
35
232
-129
62
-180
-69
-124
-109
-33
-71
21
-16
-4
-4
-82
-54
-155
-136
-170
-191
-117
-170
-28
-73
36
64
35
184
-35
238
-139
221
-226
158
-256
86
-219
42
-138
37
-45
57
28
81
66
90
74
78
67
50
54
22
36
-4
7
-32
-38
-68
-91
-115
-138
-161
-161
-190
-158
-188
-139
-155
-122
-113
-117
-81
-120
-71
-108
-72
-66
-57
10
-13
94
55
155
118
170
144
153
119
134
66
146
24
192
23
243
62
258
101
212
98
126
36
45
-61
17
-135
57
-143
129
-81
176
8
162
67
83
59
-9
-7
-64
-86
-58
-133
-3
-132
54
-107
81
-94
73
-110
59
-141
69
-151
103
-124
134
-64
125
-12
66
-3
-21
-38
-90
-87
-107
-100
-83
-59
-57
13
-71
67
-135
59
-211
-8
-242
-88
-189
-121
-65
-69
74
52
158
182
151
256
66
245
-44
159
-124
41
-147
-60
-117
-119
-64
-132
-12
-110
19
-62
27
5
4
75
-52
124
-139
127
-236
74
-303
-16
-300
-93
-209
-109
-57
-42
99
86
194
216
198
287
122
262
16
152
-57
7
-64
-115
-8
-176
77
-168
146
-115
164
-52
129
-8
60
8
-16
3
-69
-7
-88
-1
-77
24
-49
66
-26
108
-19
129
-25
116
-28
80
-15
40
25
20
75
28
113
57
115
82
75
82
4
52
-71
6
-124
-40
-144
-69
-141
-78
-124
-76
-98
-66
-63
-51
-11
-22
51
23
108
75
142
115
151
127
139
111
124
82
119
58
118
47
107
40
74
17
26
-24
-11
-64
-16
-73
13
-29
45
57
43
142
-17
177
-117
136
-204
46
-233
-40
-188
-76
-101
-52
-28
-6
-10
11
-41
-24
-77
-88
-66
-125
4
-88
92
22
138
149
103
229
1
225
-111
155
-164
78
-136
50
-55
84
15
142
30
164
-12
122
-66
35
-85
-51
-52
-89
7
-78
43
-53
30
-54
-16
-93
-46
-136
-23
-132
48
-53
119
81
132
206
64
253
-54
206
-156
98
-176
6
-107
-16
9
41
103
133
124
205
70
221
-17
186
-88
137
-115
114
-116
121
-112
143
-127
150
-151
134
-160
112
-133
110
-74
145
-14
200
15
239
-3
228
-50
158
-86
59
-80
-28
-24
-62
55
-33
116
36
116
101
52
127
-57
90
-162
8
-221
-87
-206
-153
-120
-157
12
-96
147
13
243
130
279
214
255
235
204
196
155
117
136
33
149
-28
179
-59
195
-72
182
-90
144
-120
100
-151
73
-165
66
-146
76
-92
80
-16
64
54
28
105
-18
133
-61
139
-87
132
-100
112
-98
84
-83
54
-55
30
-11
29
37
52
74
92
82
127
57
138
14
120
-20
94
-25
83
-1
101
29
143
40
180
18
186
-25
148
-59
81
-63
18
-24
-17
34
-17
87
-2
113
10
114
6
110
-1
119
8
140
45
156
98
146
137
99
141
40
99
-2
35
4
-14
55
-23
129
11
187
64
203
105
175
114
125
93
77
60
47
35
30
23
15
18
-5
10
-26
-2
-34
-6
-23
8
-2
43
19
87
22
119
8
124
-6
110
-1
97
32
107
82
153
120
219
119
273
68
283
-15
240
-93
158
-131
75
-113
24
-55
24
14
60
58
103
61
116
30
87
-4
21
-13
-48
19
-86
80
-78
132
-37
142
1
93
1
0
-58
-93
-156
-142
-245
-122
-280
-48
-233
33
-122
76
3
50
89
-23
112
-99
86
-129
53
-98
54
-26
98
42
161
68
203
44
192
-6
126
-44
37
-44
-42
-8
-90
38
-103
69
-103
72
-106
54
-117
23
-134
-6
-151
-33
-168
-57
-193
-78
-223
-83
-250
-64
-253
-25
-228
15
-179
35
-133
23
-110
0
-115
-10
-122
13
-95
61
-28
93
59
76
115
6
100
-84
16
-132
-91
-98
-151
9
-124
128
-26
185
78
141
112
19
46
-110
-90
-169
-219
-133
-268
-33
-216
57
-100
74
13
8
71
-103
59
-195
17
-228
-12
-204
-4
-148
33
-102
64
-76
62
-59
25
-23
-28
46
-69
144
-84
250
-69
337
-35
392
13
404
61
375
98
301
110
193
86
70
25
-38
-57
-104
-126
-119
-159
-98
-147
-65
-107
-46
-66
-45
-45
-49
-42
-37
-45
-4
-33
39
-11
76
14
90
28
81
23
62
11
43
-3
19
-18
-15
-41
-57
-84
-89
-135
-83
-163
-28
-129
62
-18
138
144
152
295
81
376
-47
360
-172
275
-239
171
-226
102
-160
78
-88
76
-43
67
-25
40
-10
11
22
11
69
56
98
124
81
176
13
185
-73
150
-137
109
-153
96
-136
120
-127
149
-155
141
-207
76
-245
-21
-226
-97
-138
-106
-18
-42
74
56
97
129
49
145
-27
114
-79
74
-86
57
-62
76
-41
102
-35
112
-42
105
-29
102
18
133
80
204
119
284
99
320
21
283
-75
180
-135
57
-131
-29
-76
-56
-11
-40
18
-12
2
-5
-40
-16
-73
-27
-84
-16
-79
14
-79
49
-91
67
-107
69
-107
66
-81
78
-47
98
-28
98
-35
54
-52
-35
-38
-130
25
-185
128
-171
224
-112
259
-61
218
-66
136
-129
81
-202
93
-218
161
-145
225
-19
221
86
129
110
-1
41
-88
-55
-77
-97
14
-42
110
74
122
162
28
141
-128
2
-243
-194
-243
-341
-124
-368
47
-279
167
-147
183
-56
110
-47
18
-98
-18
-141
19
-123
98
-42
153
59
145
123
78
117
-5
55
-54
-25
-54
-82
-15
-108
25
-116
48
-126
51
-143
50
-156
55
-156
64
-138
69
-113
54
-94
32
-87
15
-81
15
-58
29
-21
35
17
23
34
-8
12
-41
-40
-47
-97
-14
-131
45
-131
103
-107
136
-81
138
-67
119
-64
98
-58
80
-45
58
-23
23
-10
-25
-16
-70
-32
-91
-37
-81
-10
-56
51
-48
115
-79
147
-145
121
-211
49
-235
-30
-194
-68
-107
-44
-19
19
18
76
-12
78
-81
12
-138
-88
-140
-167
-78
-182
13
-131
81
-48
86
15
30
25
-53
-20
-116
-86
-129
-136
-93
-151
-34
-132
24
-98
64
-62
91
-32
117
5
145
54
165
109
161
151
128
158
72
128
21
66
-1
5
12
-35
53
-43
96
-25
122
-1
125
15
108
23
86
20
59
8
35
-17
14
-57
8
-105
31
-139
89
-134
175
-76
257
29
296
146
272
229
185
252
70
215
-28
149
-80
93
-88
68
-78
70
-80
75
-106
57
-142
13
-163
-37
-146
-62
-99
-44
-42
9
-11
69
-22
103
-70
91
-127
40
-161
-28
-152
-84
-103
-104
-27
-82
48
-28
96
37
107
91
81
110
33
89
-11
41
-23
-6
8
-25
71
4
138
67
174
136
162
175
114
171
64
138
44
112
62
121
93
165
98
211
54
214
-31
147
-116
29
-153
-98
-121
-187
-35
-219
65
-211
136
-197
173
-193
192
-194
219
-175
255
-111
276
-21
241
57
144
74
3
23
-125
-71
-188
-152
-177
-175
-116
-135
-59
-62
-38
2
-54
33
-77
40
-76
52
-49
86
-20
128
-16
143
-49
105
-85
25
-87
-59
-32
-95
61
-67
137
-4
148
36
86
6
-7
-94
-68
-213
-54
-290
30
-287
134
-214
197
-122
189
-68
125
-69
51
-107
10
-144
13
-144
38
-110
47
-65
25
-36
-24
-34
-71
-46
-93
-45
-86
-15
-63
46
-52
115
-64
173
-98
203
-134
206
-159
194
-160
178
-139
166
-105
161
-67
158
-38
146
-21
119
-13
71
-6
8
20
-46
69
-69
138
-42
199
26
218
105
174
149
74
135
-43
62
-133
-36
-160
-114
-130
-144
-69
-134
-18
-106
9
-91
17
-89
30
-83
60
-55
93
0
98
54
54
66
-30
16
-112
-84
-143
-179
-97
-214
7
-158
112
-37
159
95
119
177
13
179
-105
121
-180
46
-190
1
-146
6
-86
46
-43
100
-34
138
-51
155
-75
154
-93
144
-101
134
-102
122
-100
111
-94
95
-88
80
-81
63
-80
37
-78
0
-74
-49
-56
-95
-13
-122
52
-114
130
-67
197
10
234
100
233
183
192
249
119
279
22
261
-86
188
-177
69
-225
-70
-203
-187
-108
-240
34
-216
177
-129
267
-28
284
37
238
44
175
7
144
-30
161
-23
206
36
239
123
214
185
127
181
18
110
-61
6
-69
-75
-2
-91
103
-40
195
51
230
131
199
163
127
139
52
77
-1
4
-16
-56
-6
-96
16
-117
31
-126
37
-128
37
-127
30
-124
21
-119
11
-112
3
-98
2
-73
6
-30
8
28
-9
85
-52
119
-122
118
-197
77
-251
18
-267
-30
-241
-49
-192
-36
-144
-8
-122
8
-123
-4
-132
-40
-125
-90
-90
-126
-26
-137
49
-122
115
-86
158
-46
174
-9
157
13
118
16
62
-8
4
-57
-42
-112
-54
-151
-30
-151
19
-102
64
-16
74
69
41
124
-24
134
-87
110
-119
85
-112
83
-83
106
-63
133
-75
139
-112
105
-157
44
-178
-20
-168
-59
-144
-78
-124
-88
-123
-113
-130
-154
-119
-189
-75
-190
-1
-143
70
-66
107
5
99
38
63
25
41
-7
57
-19
104
5
149
53
152
83
105
60
30
-15
-28
-109
-36
-177
2
-192
49
-164
64
-134
35
-133
-21
-165
-57
-203
-54
-209
-14
-164
24
-86
22
-24
-27
-9
-98
-45
-149
-100
-148
-138
-103
-136
-43
-102
-3
-67
4
-56
-10
-74
-13
-103
1
-127
34
-137
71
-144
103
-157
135
-169
182
-165
244
-119
303
-37
329
49
293
101
204
92
99
30
28
-39
13
-75
39
-58
62
-17
46
1
-12
-37
-72
-119
-79
-199
-8
-211
124
-134
253
11
313
159
282
250
177
259
57
204
-31
135
-66
86
-69
66
-75
52
-103
14
-144
-48
-169
-114
-151
-150
-95
-130
-31
-66
1
8
-18
53
-79
45
-152
-7
-193
-74
-185
-118
-138
-127
-74
-97
-26
-54
-6
-16
-12
8
-34
20
-59
23
-84
18
-106
5
-121
-18
-125
-40
-105
-49
-60
-31
-2
21
45
88
60
141
33
153
-20
112
-69
31
-84
-59
-52
-122
14
-140
87
-127
134
-102
139
-93
114
-105
77
-127
49
-144
34
-147
20
-140
-4
-138
-35
-145
-61
-157
-64
-153
-41
-112
-10
-42
-4
29
-41
60
-115
29
-188
-52
-214
-141
-170
-183
-72
-155
33
-68
90
25
74
77
-1
67
-86
9
-138
-49
-137
-74
-105
-52
-82
-9
-96
14
-148
-5
-203
-62
-226
-118
-190
-136
-109
-93
-21
-4
30
93
19
146
-35
134
-98
63
-120
-23
-75
-78
26
-71
145
-4
226
82
235
134
170
115
70
25
-14
-98
-38
-197
-4
-229
57
-194
84
-129
44
-91
-59
-112
-177
-181
-251
-254
-247
-269
-182
-204
-103
-81
-65
45
-93
116
-161
113
-216
62
-208
15
-129
11
-8
59
103
131
166
185
177
202
162
183
145
153
143
134
141
127
127
120
91
99
42
66
5
36
-15
27
-22
41
-32
59
-63
57
-110
17
-151
-50
-161
-124
-125
-178
-58
-197
16
-193
68
-182
91
-184
89
-194
77
-211
63
-220
45
-221
17
-218
-23
-221
-71
-227
-114
-235
-146
-241
-166
-246
-175
-254
-170
-271
-146
-287
-91
-287
-13
-257
79
-197
156
-123
195
-59
194
-23
165
-19
130
-31
105
-40
92
-31
77
-8
50
16
4
30
-49
33
-98
28
-129
26
-144
29
-143
38
-129
54
-107
77
-83
105
-63
134
-57
149
-69
140
-94
100
-112
41
-105
-13
-69
-36
-14
-21
32
17
49
49
33
54
2
32
-14
3
5
-7
57
21
116
79
153
143
144
179
99
165
36
103
-14
16
-28
-71
-4
-133
52
-150
111
-127
151
-78
148
-34
100
-21
19
-54
-60
-126
-103
-206
-83
-250
-4
-233
97
-157
179
-53
203
31
170
59
105
29
53
-33
42
-93
71
-121
124
-117
175
-89
202
-56
207
-19
194
16
171
52
135
81
86
90
33
78
-7
55
-15
47
8
67
43
117
65
173
52
202
6
186
-47
131
-76
63
-70
6
-34
-27
13
-46
54
-60
83
-81
115
-92
153
-90
199
-64
230
-33
238
-15
223
-18
201
-39
187
-61
191
-69
194
-76
189
-90
165
-129
144
-177
150
-210
192
-194
247
-123
279
-29
249
42
165
55
59
18
-16
-36
-35
-59
-4
-36
36
11
51
50
40
59
26
50
42
55
91
100
139
170
147
215
99
197
25
106
-16
-6
18
-72
121
-52
235
40
285
140
234
174
108
114
-23
-6
-95
-123
-89
-180
-36
-173
7
-134
5
-114
-30
-121
-58
-133
-49
-110
-9
-35
23
62
3
124
-71
110
-156
27
-185
-68
-127
-111
4
-66
138
42
205
147
173
176
70
108
-37
-25
-85
-161
-47
-235
49
-222
143
-146
189
-52
161
14
79
31
-18
10
-90
-25
-116
-37
-98
-12
-64
49
-38
121
-46
173
-86
182
-138
148
-175
91
-176
35
-146
-4
-100
-25
-63
-50
-40
-88
-17
-127
26
-143
98
-100
169
-2
198
110
152
181
41
171
-83
92
-155
5
-135
-21
-40
42
59
168
95
280
42
315
-56
257
-130
158
-124
90
-42
91
56
145
103
189
71
161
-3
59
-53
-69
-33
-158
53
-163
143
-109
178
-55
134
-53
45
-109
-28
-180
-42
-214
-10
-184
25
-115
16
-62
-45
-58
-120
-100
-158
-144
-138
-142
-80
-83
-35
-5
-48
40
-118
16
-209
-74
-267
-188
-267
-286
-209
-346
-127
-366
-43
-356
30
-322
93
-261
141
-170
155
-69
117
3
27
18
-86
-33
-176
-115
-207
-180
-172
-198
-105
-164
-46
-110
-23
-63
-31
-37
-46
-21
-51
6
-50
42
-62
73
-94
75
-136
43
-158
6
-132
-6
-68
33
4
105
42
168
30
182
-9
143
-32
76
-6
32
62
27
136
52
171
66
160
40
128
-18
115
-69
140
-76
181
-30
192
31
146
57
52
28
-40
-31
-81
-69
-59
-42
-11
44
5
137
-51
177
-159
134
-262
32
-300
-69
-254
-115
-157
-97
-64
-46
-18
-11
-13
-12
-15
-30
15
-24
78
33
142
125
164
209
127
243
57
218
0
165
-13
124
20
122
59
137
66
129
29
70
-21
-37
-37
-151
4
-218
93
-211
177
-150
204
-87
154
-70
54
-117
-42
-199
-84
-262
-59
-264
6
-197
57
-90
54
3
-9
42
-107
13
-192
-61
-224
-136
-191
-177
-115
-167
-35
-122
15
-80
17
-73
-11
-110
-33
-167
-16
-206
45
-194
127
-124
185
-28
182
45
119
57
27
7
-40
-70
-44
-119
15
-110
98
-42
149
40
141
88
74
70
-4
-6
-45
-94
-24
-149
54
-142
153
-73
228
30
252
134
216
211
134
242
27
223
-81
157
-167
59
-206
-45
-184
-118
-108
-134
-3
-86
89
2
130
91
108
136
37
123
-42
64
-87
-8
-87
-57
-46
-72
11
-52
59
-13
85
25
91
61
82
93
66
117
38
132
1
127
-40
99
-74
57
-88
16
-79
-11
-54
-19
-31
-13
-18
-7
-23
-9
-39
-23
-58
-42
-70
-62
-76
-77
-78
-88
-74
-93
-62
-86
-40
-62
-13
-13
16
58
29
141
13
218
-35
266
-115
264
-208
201
-285
93
-315
-31
-276
-130
-173
-169
-31
-135
99
-48
172
42
165
83
95
51
12
-39
-32
-135
-8
-190
72
-175
158
-106
207
-30
196
10
148
4
110
-21
112
-25
158
21
213
112
232
209
189
264
91
255
-25
190
-114
103
-157
28
-157
-18
-141
-45
-125
-62
-116
-83
-105
-102
-74
