-310
200
198
-306
258
204
-323
-224
-327
-206
298
157
-175
316
111
-349
100
-351
-363
-101
58
-360
344
45
345
23
347
6
-25
-365
-374
28
-66
-359
342
-76
-107
-350
330
-117
-347
134
143
325
308
-173
-204
-308
284
-208
272
-224
260
-240
-264
258
-248
274
-232
286
-215
299
-199
311
310
170
324
152
-139
336
337
112
-98
348
-358
-71
-57
358
24
-361
-365
-9
-18
-362
30
359
-60
-358
70
352
344
-95
337
-115
331
-136
-331
153
170
317
187
305
205
294
-286
223
240
270
256
253
-242
272
220
-285
295
204
-313
-187
315
168
326
149
334
130
-115
342
-354
-91
351
69
-50
356
-361
-31
6
-363
-361
13
358
-35
55
355
351
-78
345
-98
342
-117
334
-137
156
325
173
313
190
303
-295
209
-230
-284
-243
-269
-254
257
237
-274
-224
285
-301
-206
308
184
168
-321
-332
-151
127
-338
342
108
87
-352
-358
-70
356
47
-362
-28
-364
-9
-17
-361
35
357
354
-58
-80
-354
-351
97
339
-118
136
335
-329
156
175
315
-194
-307
-293
211
226
280
245
265
-254
259
-239
273
-223
286
298
203
-188
311
318
166
-151
329
-130
337
-110
345
86
-351
-70
355
357
47
-2
-1
-2
-1
0
-1
0
0
-1
-1
-1
-1
-1
1
-2
-1
-1
-1
-1
-1
-1
0
0
1
-2
-1
0
0
-1
-1
0
0
0
0
-1
-2
1
-1
-1
-1
0
-1
-1
1
-1
-1
-1
-1
-1
0
0
-1
-1
0
-1
-3
-2
0
-2
-1
-1
-1
-3
0
-2
-1
-1
-1
0
-1
-1
-1
-1
-2
-1
-1
-2
-1
-1
-1
0
0
-1
0
-1
0
-1
0
0
-1
-1
-1
-1
-1
-1
-1
-3
0
-2
-2
-1
-2
-1
0
-1
0
0
0
0
-1
-1
-1
-1
-1
-1
0
-2
-1
-1
-1
-2
-1
0
0
0
-1
-3
-2
0
-1
-1
-1
0
-1
0
0
-2
-2
-2
-2
-1
0
-2
-1
-1
-1
-2
-2
-1
0
-1
-1
-1
-1
-2
-1
-2
0
-2
-1
-2
-1
-1
-1
-2
-2
-2
-1
-3
-1
-2
-1
-1
-2
-4
-2
0
-1
-4
-1
-1
0
-1
-1
-3
-1
-1
-1
-1
-1
-3
-1
-3
0
-4
-1
-1
2
-1
0
-1
-1
-3
0
-1
0
-1
0
-1
-1
-2
-1
-3
-1
-2
1
-2
1
-1
3
-4
1
-4
1
-4
0
-2
-1
-1
0
-1
-1
-1
-1
-1
-1
-1
1
-1
3
-2
1
-1
0
-1
-1
-2
0
-1
0
-2
1
-1
0
-1
1
-3
-1
0
0
-1
0
-1
0
-2
0
-1
-2
-1
-1
-1
0
-1
-1
-1
-2
-2
-1
-2
0
0
-1
-1
-1
0
0
-1
-1
-1
-1
-1
-1
-1
-1
0
-1
-1
-3
-1
-1
-1
-1
-1
-1
-1
-1
-1
0
-1
-1
-1
-1
-1
-1
-4
-1
-1
-2
0
-1
-1
-1
-1
-1
-3
-1
-1
-3
-3
-1
0
1
-1
-2
-1
-1
0
-4
-4
1
-1
-2
-1
-1
-2
0
-1
-2
-2
-2
-1
-3
-1
-4
-2
-1
-1
-1
-4
-2
-1
-2
-1
-1
-4
-1
-3
-1
-4
-1
-2
-1
-3
-2
-2
-2
-2
-1
-2
-3
-3
-1
-2
-1
-2
0
-1
0
-4
-1
-4
-1
-2
-1
-1
-2
-1
0
-2
-1
-1
-1
-2
-1
-2
0
-1
-1
-2
-1
-1
1
-1
1
-1
-2
-3
-1
-3
-1
-1
0
-2
-1
-2
0
-1
0
0
-1
-2
1
-2
1
-2
0
-2
1
-2
0
-4
0
-1
-1
-1
0
-2
1
-4
0
-1
-1
-2
-1
-1
0
-1
0
-1
-1
-1
0
-2
0
0
0
0
0
-1
1
-2
1
-2
0
-1
-1
-2
1
0
0
-1
0
-1
0
0
0
-1
-1
-1
0
-1
0
-1
0
-1
0
0
0
-1
-1
-3
1
0
0
-3
0
-2
0
-1
0
-1
0
-1
-1
1
-3
-1
-1
-1
-2
-1
0
0
0
-1
-1
0
0
-1
-1
0
0
0
1
-2
0
-1
-1
-1
-1
-1
-1
0
0
-1
0
-2
0
-1
-1
-1
-1
-1
1
-1
-1
-1
0
1
-1
-1
-2
-1
1
-1
-2
-3
-1
-1
-1
-1
0
-3
-2
-1
1
-2
0
-1
0
-1
-1
-3
0
-2
0
-1
0
0
0
0
-1
-2
1
-1
0
-1
-1
-1
-1
0
0
-1
1
-1
-1
-2
0
0
0
-3
-1
-1
-2
-2
0
-2
0
-1
-1
-1
1
-3
-1
-2
-1
0
1
-2
-1
-2
2
0
0
-2
-1
-1
0
-1
-1
0
-1
-1
1
-1
0
-1
0
-1
-1
0
-2
-1
1
-1
-1
1
-1
-3
0
0
-1
-2
0
-1
1
-1
-1
-1
-1
-1
-1
-1
-1
-1
-1
-2
-1
-1
0
-1
1
-1
-1
-1
-1
-2
-1
0
-1
1
0
-3
-1
-1
0
-1
1
-1
-1
-1
-1
-1
-1
0
0
-2
0
-1
0
-1
-1
-1
-1
-1
0
-2
1
-1
-2
0
-1
-2
-2
-1
-2
-1
-1
-1
-1
0
1
-1
0
-2
-1
0
1
-1
0
0
-1
-2
-1
-2
-1
-1
-1
-2
0
0
-2
-1
-1
1
-1
-1
-1
-1
-1
-1
-1
-1
-1
-1
-2
-1
-2
-1
0
-1
-3
-2
1
-1
1
-1
-1
1
-1
-1
-1
-3
1
-1
0
-1
-1
0
0
0
0
-1
-1
-1
-1
-1
0
-1
0
-2
0
-1
-1
-1
0
0
-1
-1
0
-1
-1
-1
1
-1
1
-1
-1
-2
1
-2
0
0
-1
-1
-1
-2
-1
-1
0
-1
0
-3
-1
-3
0
-1
0
-2
1
-1
0
-1
-1
-1
-1
-2
-1
1
-1
-1
-2
-1
1
-1
-1
-1
0
-1
-1
-1
1
-1
-1
-2
-1
-1
-1
-1
0
-1
1
0
0
0
0
-1
-2
0
-1
0
2
0
-1
0
-1
-1
-1
0
-1
-1
-1
-1
-1
-1
-1
0
-1
-1
-1
-2
1
-2
-1
-1
0
-2
1
0
-1
-1
0
0
-1
-1
0
-1
-1
0
0
1
-1
-2
1
0
-1
-2
0
0
0
-1
0
-1
3
-1
0
-1
1
-1
-1
1
-1
0
-1
0
-1
-1
-1
-1
-1
-3
1
-1
-1
1
1
-1
0
-2
-1
-1
0
0
-1
0
-1
-1
0
-1
-1
-1
0
-1
0
-1
-1
-1
-1
-1
0
-1
-1
-2
0
0
0
-1
0
-2
0
-1
-1
0
-1
-1
-1
0
-1
-3
0
-2
1
-1
3
-1
0
1
-1
0
-1
-1
-1
1
0
0
1
-1
-1
-1
0
-1
0
1
-1
-1
0
1
1
-1
-1
-2
1
0
0
-1
-1
-1
-1
-1
1
-1
0
-1
-1
-1
0
-3
0
0
-1
-1
0
-1
0
0
-1
-1
0
-1
0
-2
0
-1
1
-1
-1
-1
1
1
0
-1
0
-1
-1
-2
-1
0
-2
-1
-1
-1
-1
-2
-1
-1
0
-1
-1
-1
0
-1
-1
-1
-1
0
0
-1
0
-1
1
-1
-1
1
-1
0
-1
0
-1
-1
0
0
-1
0
1
0
0
0
-2
-1
-1
-1
-1
-1
0
-1
0
-2
1
1
0
-2
1
-1
0
-1
1
1
0
-1
0
-1
-1
-1
-1
-1
-1
0
1
-1
0
-1
0
-1
-1
-2
-1
-1
0
-1
0
-1
-1
-4
0
1
-1
0
-1
-1
-1
-1
1
1
0
0
-1
-2
-1
0
1
-1
-1
-1
0
-1
0
-1
0
-1
-1
-1
0
-1
-1
-1
1
-1
-1
0
-1
0
0
0
1
1
0
-2
-1
-1
0
-1
1
-1
-1
-1
1
1
-1
-1
-1
-1
-1
-2
1
0
-1
1
0
-1
0
-1
-1
-2
-1
0
-1
-1
0
-1
1
-1
1
1
-1
-2
0
-1
-1
-1
1
0
-1
-1
-1
-1
0
-1
0
-1
-1
0
1
0
-1
-1
-1
-1
-1
1
-1
0
-2
1
1
-1
-1
0
0
-1
0
-1
-1
-1
0
-1
0
-1
-1
-1
-2
-1
-1
-3
-1
-1
-1
-1
0
-1
0
0
1
-1
-1
-1
0
0
-1
0
1
-1
-1
0
1
-1
1
-1
-1
-1
0
-3
1
-1
1
-1
-1
-1
0
-1
-1
0
1
0
-2
0
-1
-1
0
-1
-1
0
-1
0
1
-1
0
-1
-1
-1
0
-2
-1
-1
-1
-2
1
1
0
-1
0
0
-1
-1
1
0
1
-1
-1
-2
-1
-1
-1
-2
1
0
-1
-1
-1
-1
-1
0
0
1
0
-1
0
0
-1
-1
0
1
1
-1
-1
0
0
-1
-1
0
-1
1
-1
0
-2
-1
-1
0
-1
-1
0
1
-2
-1
-1
-1
-3
-1
0
-1
0
-1
-1
0
1
-1
-2
-1
0
-1
-1
-1
-1
0
-1
-2
-1
-1
1
-1
0
-1
1
0
0
0
-1
-1
0
1
1
-2
0
1
-1
-1
-1
-1
-1
0
0
-1
0
-1
0
-1
0
0
1
-2
0
-2
0
-1
1
-1
-1
0
-1
-2
0
-1
-1
0
1
-1
1
-1
-1
-1
1
-1
-1
-1
-1
-1
1
0
1
-1
-1
0
0
-1
0
-1
-1
-2
1
-1
0
-1
0
-1
-1
-1
-1
0
0
-3
0
-1
-1
-1
0
-1
-1
0
-1
0
1
-1
0
-1
1
-2
-1
-1
-1
1
1
-1
-1
1
1
-3
1
1
-1
0
1
-2
-1
-1
1
-1
2
0
-1
0
-2
-1
0
1
0
-1
0
-1
-2
-1
-1
-1
1
-1
-1
1
1
-1
0
0
0
0
-1
0
1
0
0
-1
-1
-1
-1
1
1
0
0
-1
0
0
0
-1
-1
-1
1
1
-1
-1
-1
0
1
-1
-1
-3
0
-1
0
-1
0
0
-1
0
-1
0
1
0
-1
-1
0
-1
-1
-1
0
0
0
-1
0
-1
0
-1
-1
0
-1
1
-1
1
-1
-1
-1
-1
-1
-1
0
0
-2
-1
1
-2
-3
-3
-1
-1
-1
-1
1
0
-1
-1
1
-1
0
1
-1
0
1
-1
0
1
1
-1
1
-1
0
-2
-1
-3
0
0
0
0
0
1
1
-3
-2
-1
0
0
0
0
-1
0
0
-2
-1
-1
1
-1
1
0
-1
1
-1
0
-1
0
1
1
-1
-1
0
1
0
-1
0
1
1
-1
0
1
0
1
1
-1
-1
-3
1
-2
0
-1
0
-1
0
-1
-1
1
-2
-1
1
-1
-3
-1
-1
0
-1
-2
0
0
1
-1
0
0
-1
-1
-1
0
-1
1
-1
-1
-1
-1
-1
-1
-1
-1
-1
1
1
0
0
0
0
-3
0
1
0
-1
-1
0
0
0
0
1
-1
-1
0
1
1
1
-2
1
-1
0
-1
-1
-1
1
-1
-1
1
-1
0
-1
0
0
1
0
0
0
-1
0
-1
-2
0
0
0
1
-1
-1
-1
-1
0
1
0
1
0
-1
-1
-1
-1
0
-2
-1
-1
0
1
1
-1
-1
-1
-1
-1
-1
-1
0
-1
-1
0
-1
-1
0
0
0
-1
-1
0
-1
0
1
-1
-1
0
-1
-2
0
-2
-1
0
-1
-1
1
1
1
1
-1
-2
1
-1
1
1
-1
0
1
-2
0
-2
0
-1
-1
-2
0
0
1
0
-1
-1
1
-1
0
-2
1
0
-1
-1
-1
-1
0
-2
-1
-1
1
-1
0
-1
0
0
0
-1
0
-1
0
-1
-1
-1
0
-1
-2
-1
-1
-1
0
1
-1
1
0
-1
-1
0
0
-1
-1
-1
-1
0
1
0
0
-2
1
-1
0
-1
-1
0
1
0
0
0
-1
0
-1
-1
-1
1
0
-1
0
0
0
-1
-1
1
0
1
1
1
1
-1
0
-1
0
-1
0
-1
0
-1
-1
-3
-1
1
-1
-1
0
0
0
-2
-1
-1
1
-1
-1
0
1
-1
0
1
1
-1
0
-1
0
1
1
-1
1
-1
0
1
-1
-1
-1
0
-1
-1
-1
-1
-1
0
0
-1
-1
-1
-1
-1
-1
-1
0
-2
0
-1
1
0
0
1
-1
-1
-1
1
-1
-1
-1
1
0
-1
0
-1
0
-1
1
0
-1
2
-1
1
0
0
0
0
0
-1
0
0
1
-1
-1
0
-1
-1
-1
-1
1
-1
1
-1
0
-1
1
0
-1
0
0
-1
1
1
1
-1
-1
-1
-1
0
-1
-1
1
-2
0
0
-1
-1
0
-1
-1
-1
-1
-2
-1
0
1
0
1
-1
0
0
0
-1
-1
-1
-1
0
0
-1
1
-1
-1
-2
-1
-1
-1
1
0
0
-1
0
-1
0
-1
-2
0
0
0
-1
-1
-1
0
0
0
-2
0
0
0
0
-1
-1
0
0
1
-1
-1
-1
0
-1
-1
0
-1
-1
0
0
0
0
0
0
0
-1
-1
0
1
-1
1
0
-1
0
1
1
2
-1
1
-1
0
1
0
-1
0
1
0
-2
0
0
0
-1
-1
1
0
-1
-1
-2
-2
0
0
-1
0
-1
-1
0
0
-1
1
0
-1
-1
-1
-1
1
0
-1
1
0
0
1
0
-2
-1
-1
-1
-1
1
-1
-2
-1
0
-1
-1
-1
-1
-1
1
1
0
0
-1
-1
-1
0
-1
1
1
1
-1
0
0
-1
-1
1
0
-1
-1
-1
-1
-1
-1
0
-1
0
-1
0
-1
1
0
0
1
-1
1
0
-2
-1
0
0
-1
1
-1
0
0
1
-2
0
-1
0
1
1
-1
-2
0
0
1
1
-1
0
0
-1
-1
0
-1
0
-1
0
-1
0
0
-1
-1
0
0
0
-1
-1
-1
1
0
0
-2
0
-1
1
1
-1
-2
0
-1
-1
0
0
0
1
-1
-1
-1
0
-1
1
0
0
-1
-1
-1
0
-1
1
-2
-1
-1
-1
-2
-1
-1
-1
1
-1
-1
-1
0
0
0
0
-1
0
0
0
-1
1
0
-1
-1
0
-2
0
0
0
-2
-1
-1
0
0
-1
-1
0
0
0
-1
-1
-2
0
-1
0
-1
1
0
0
-3
0
-2
-1
-1
-1
-2
0
-1
0
-1
-1
-1
0
-1
1
-1
-1
-1
0
0
-1
0
-1
0
-1
-1
1
0
0
-1
-1
-1
0
1
0
0
1
1
0
0
-1
-1
-1
1
-1
0
0
-2
-1
-1
-1
0
-2
-1
0
-1
0
-3
0
-1
0
-1
0
-1
1
1
-1
-1
-1
0
0
0
0
-1
0
0
1
-1
1
-1
-1
-1
0
0
-1
-2
0
-1
1
-1
0
0
-1
-1
0
-1
0
-1
0
-1
0
-1
1
-2
-1
0
-1
-2
-2
-2
1
-1
-1
0
-1
0
0
-1
-1
0
0
0
0
-1
-1
-1
0
0
1
-1
0
-2
1
-1
-1
-2
0
0
-1
-2
-1
0
1
0
-1
0
1
-1
-1
-1
-1
-2
-1
0
0
0
-1
-1
-3
-1
0
-1
1
-2
0
1
-1
-1
-1
-1
-1
-2
-1
-1
1
1
0
-1
0
1
-1
0
-1
0
-1
0
1
-1
0
0
-1
-1
0
-1
-1
-1
-1
-3
0
-1
-2
0
-1
-1
-1
-2
-2
-1
0
-2
-1
-2
0
0
0
-1
-1
-1
1
-2
-1
0
1
-2
1
-1
1
-1
-1
1
1
-1
0
0
-2
-1
-1
0
0
-1
1
-1
1
-2
-1
-1
-1
0
-1
-2
0
1
0
-1
-1
-1
0
0
-1
-1
-1
1
1
0
0
-1
-1
1
0
-1
1
-1
0
-1
-1
-1
1
0
1
-1
0
-3
-1
-1
-1
-3
0
1
1
-1
0
0
1
-1
-1
-1
1
-3
1
-1
1
-1
0
-1
1
0
1
-4
-1
-1
0
0
0
-1
2
-1
1
-1
0
-1
-1
-1
1
0
0
-1
1
-1
0
0
0
-1
-1
-1
0
-1
1
-1
1
-1
0
-1
-1
-1
0
-1
-1
-1
0
0
-1
-1
-1
-1
-1
-1
-1
-1
0
1
0
1
-1
0
0
-1
0
-1
0
-1
-1
-2
-1
-1
-2
-1
0
0
0
0
-1
-1
-1
-1
1
-1
0
-1
0
0
-1
-1
-1
-2
-1
-1
-1
-1
0
0
0
0
-1
-3
2
-1
-4
-3
-1
0
0
-1
-1
-1
-1
-1
0
-1
-1
-1
-1
-2
-1
0
0
-2
-1
-1
-1
-1
1
-3
0
-1
-1
-1
0
-1
0
-1
0
-1
-1
0
0
-1
1
-2
-1
-1
0
-1
-1
-4
0
-4
-1
-1
-1
-2
-1
-2
-1
-2
-1
-2
-1
-1
-1
-1
-1
0
1
-1
-1
-3
0
-1
0
-1
-1
0
0
-2
0
-1
0
0
0
-3
-1
-1
1
-2
0
-1
0
0
-1
-1
-1
-1
-1
-2
1
-1
-1
-2
0
-1
-1
-1
0
-1
-1
-1
-1
-2
0
-3
0
-1
0
-2
0
-1
1
0
-1
0
0
-1
0
-1
-2
-1
-1
-1
1
-1
1
-1
1
-1
-1
-1
0
-1
0
-1
0
-2
1
-1
-2
-1
-1
-2
0
-2
-1
0
-1
-1
0
-1
-1
-1
-1
-1
-1
-3
-1
-1
-1
-3
-1
-1
-1
-1
-1
-2
-1
-1
1
-2
1
-1
0
-1
0
-1
0
-3
0
-2
0
-1
-1
-1
-1
-1
-1
-1
-1
-3
-1
-2
0
0
-1
0
0
-1
0
-1
-2
-2
1
-1
1
-3
-1
1
0
-2
-1
-2
0
-1
-1
-1
0
-1
0
-2
0
-1
-1
0
-1
-1
-1
0
-1
-2
0
-1
-1
-1
0
1
-1
-1
-1
-2
-2
-1
-1
-1
-1
-1
0
-1
-1
-2
-1
0
-1
-1
-1
-1
-1
-4
-1
0
-1
-1
-1
-1
-1
-1
-1
-2
-1
-1
0
-1
0
-1
0
-2
-1
-1
1
1
-1
-1
-1
-1
-1
0
-1
-1
-1
-1
-1
-1
1
-2
0
-2
-1
-2
-1
-1
-1
0
0
0
-1
0
0
0
-1
0
-1
-3
0
-1
0
-1
-1
-1
-1
-1
-1
-1
-1
-2
0
-2
-1
-1
1
-1
-1
-1
-1
-1
0
-1
-1
-2
-1
0
0
1
-2
-3
-1
-1
1
1
-1
-1
0
-3
-1
0
-1
-3
-1
-1
-1
-1
0
-1
1
-2
1
-2
-1
-2
0
-1
0
1
0
0
-1
-1
0
-1
-1
-3
-1
-2
0
-1
-1
-1
-1
-3
-1
-1
0
-1
-45
357
-362
-23
-362
-4
-361
16
359
-41
-62
-359
80
351
344
-103
121
339
-142
-334
161
323
-317
177
303
-199
-215
-291
-278
230
-264
244
246
-263
232
-278
-291
-218
-201
300
310
181
-164
322
-146
330
338
123
105
-346
-85
352
355
64
41
-361
-23
359
-362
-1
-362
19
-42
-360
-62
-356
353
-83
-105
-349
341
-124
141
332
323
-163
-315
180
-199
-304
290
-215
277
-235
-248
-263
-264
-247
-232
276
-290
-216
-199
301
-181
312
163
-323
141
-334
123
-340
-347
-104
84
-354
-358
-64
358
41
-21
361
0
-361
-21
-363
42
358
62
354
85
350
346
-103
337
-125
-143
-332
-322
161
181
313
-199
-303
216
288
-234
-279
250
260
247
-266
234
-279
215
-291
199
-304
180
-315
162
-325
331
139
-342
-127
-347
-105
353
81
355
60
-360
-41
-20
358
-361
1
-361
21
44
356
65
353
-351
83
105
342
127
338
330
-148
321
-164
-313
180
-200
-303
-288
215
275
-236
-250
-263
264
243
278
227
-292
-217
-197
299
-315
-182
-323
-162
332
139
339
119
347
98
-81
351
356
57
359
36
-360
-20
-362
1
360
-28
-359
42
-66
-356
-351
83
-348
104
124
337
-146
-332
-165
-322
310
-184
-202
-300
-291
218
-237
-276
-252
-262
-267
-245
-280
-232
212
-293
194
-305
-180
313
-162
323
332
140
339
119
345
100
-81
351
356
58
37
-359
-361
-18
2
360
359
-25
358
-47
65
354
350
-89
-344
107
-338
127
145
330
-168
-321
310
-184
-300
200
-218
-287
234
274
-261
250
-243
266
278
228
-293
-214
-193
303
-177
313
326
157
139
-334
342
118
-349
-101
351
78
-58
355
-37
360
17
-363
4
360
-360
24
46
356
-354
67
-351
87
110
344
338
-128
-148
-331
166
320
-186
-312
-298
201
288
-220
-273
235
-254
-260
-267
-246
280
227
-293
-215
193
-307
-176
314
157
-328
136
-335
-342
-120
-349
-102
-76
352
-355
-62
37
-361
361
13
6
361
-363
25
-359
45
-355
66
89
349
-109
-346
-340
128
-330
146
166
318
-186
-312
298
-207
219
286
-238
-276
251
255
-244
265
227
-282
-296
-213
-195
304
174
-317
-327
-158
-336
-140
-343
-119
-350
-100
-78
350
-56
356
-37
356
-363
-17
-8
-363
358
-30
-358
47
69
354
89
349
-346
111
337
-131
147
327
318
-171
-190
-310
-205
-299
-225
-287
-274
237
-255
-260
-270
-244
-228
281
206
-297
-195
306
170
-318
151
-328
-336
-137
340
116
93
-348
-78
353
53
-358
-361
-37
-362
-15
362
-7
358
-30
-52
-358
-355
71
-93
-349
-112
-343
-337
129
-331
150
169
320
308
-187
-295
206
284
-222
271
-238
-255
-256
-242
270
-281
-224
-295
-208
308
192
-316
-173
325
155
-134
334
-342
-114
-349
-95
-353
-74
56
-358
-32
358
11
-363
10
358
-358
30
358
-52
354
-71
95
347
-341
112
-132
-337
330
-153
173
317
-187
-310
-295
204
285
-226
272
-241
-255
250
-269
-244
-223
280
-206
292
-189
304
318
168
-327
-158
-335
-137
113
-346
95
-354
354
69
52
-361
-30
357
-361
-16
363
-15
356
-37
356
-57
351
-77
346
-99
339
-118
332
-136
-156
-334
-321
168
-193
-310
-297
204
282
-227
-242
-274
