72
122
146
114
194
46
187
-43
133
-109
60
-124
9
-100
-1
-64
27
-49
64
-67
89
-115
88
-178
65
-241
18
-293
-49
-331
-135
-332
-233
-286
-308
-180
-330
-28
-278
123
-158
233
-16
265
90
223
122
151
81
88
8
77
-54
112
-74
163
-56
198
-23
197
2
174
19
149
45
135
98
117
170
75
230
-4
242
-105
192
-182
103
-190
29
-119
15
-2
71
101
163
141
235
108
245
35
192
-30
110
-50
45
-35
16
-13
8
-16
-13
-46
-65
-64
-131
-36
-165
49
-129
155
-24
222
97
207
168
112
139
-8
15
-81
-139
-62
-252
37
-279
158
-227
231
-151
226
-100
156
-93
70
-113
12
-115
-11
-76
-19
0
-45
78
-101
131
-173
141
-232
128
-254
116
-241
112
-218
105
-198
82
-184
37
-159
-10
-114
-27
-57
-3
-20
46
-36
84
-112
71
-221
3
-311
-89
-338
-156
-299
-164
-222
-117
-149
-43
-106
18
-88
53
-73
72
-43
98
-9
127
4
133
-23
85
-77
-22
-112
-156
-87
-249
1
-251
109
-160
161
-33
107
49
-42
30
-223
-88
-342
-233
-343
-322
-231
-307
-74
-192
48
-42
90
77
49
126
-25
108
-92
58
-127
3
-136
-47
-136
-92
-136
-139
-134
-182
-122
-209
-99
-212
-71
-199
-51
-180
-41
-170
-28
-161
1
-140
49
-93
94
-33
113
14
93
22
52
-14
13
-74
9
-119
36
-124
67
-94
71
-60
26
-50
-45
-71
-107
-102
-133
-108
-124
-71
-109
-11
-119
39
-161
42
-211
-1
-231
-60
-194
-96
-111
-87
-18
-45
48
-1
71
17
68
8
62
-3
70
4
84
30
81
61
49
71
-1
53
-45
24
-55
8
-36
21
-8
48
4
67
-6
54
-19
18
-8
-12
35
-5
85
37
105
83
64
83
-27
17
-122
-97
-169
-205
-144
-252
-74
-228
-9
-160
8
-99
-29
-81
-86
-100
-117
-120
-100
-108
-57
-57
-29
-2
-40
18
-88
-16
-127
-84
-124
-137
-66
-138
15
-86
66
-21
55
6
-6
-28
-74
-105
-95
-180
-53
-200
36
-152
122
-60
158
30
130
77
63
71
-4
25
-40
-24
-35
-54
-1
-59
40
-41
69
-18
78
4
68
12
46
4
21
-18
4
-44
4
-58
20
-51
41
-22
51
18
35
45
-2
43
-47
16
-74
-14
-66
-29
-30
-12
12
24
39
60
42
75
34
68
35
55
56
57
92
81
117
116
115
138
83
129
33
93
-8
51
-24
25
-25
21
-30
27
-52
21
-87
-9
-111
-48
-95
-62
-36
-23
43
67
104
182
108
273
49
296
-40
245
-118
142
-141
36
-99
-34
-14
-49
74
-21
127
21
129
45
83
36
16
-8
-45
-66
-76
-116
-72
-137
-41
-117
-4
-63
19
4
13
61
-22
86
-67
78
-107
47
-115
16
-93
4
-54
14
-19
37
-3
57
-9
61
-29
51
-45
40
-52
38
-51
49
-49
65
-64
69
-83
55
-100
26
-96
-1
-66
-11
-13
8
41
52
76
98
77
129
47
133
-4
104
-48
55
-71
6
-66
-21
-39
-19
0
12
32
56
45
95
41
118
31
122
30
115
48
113
81
124
110
136
119
132
100
95
61
13
24
-95
15
-199
47
-270
106
-288
170
-260
211
-203
211
-144
175
-103
117
-80
61
-76
20
-78
-1
-82
1
-83
22
-74
55
-54
88
-26
107
0
99
3
59
-29
8
-94
-32
-168
-41
-220
-21
-223
6
-182
4
-127
-44
-95
-130
-111
-214
-165
-254
-220
-222
-233
-131
-181
-25
-81
54
25
83
98
71
123
54
116
57
111
81
124
103
148
97
163
60
148
7
108
-33
71
-38
64
-23
98
-12
154
-34
192
-89
184
-146
133
-163
78
-114
59
-13
102
95
189
161
273
154
303
95
257
29
156
3
50
40
-13
119
-4
197
62
221
142
170
191
54
177
-88
101
-210
-10
-272
-112
-264
-174
-202
-174
-117
-122
-47
-46
-14
20
-16
56
-32
60
-37
55
-14
64
23
89
51
113
48
104
16
41
-11
-61
10
-155
98
-185
232
-123
354
1
400
121
339
171
209
121
78
12
16
-86
45
-109
122
-47
176
48
155
106
65
86
-35
9
-81
-62
-40
-65
47
12
111
119
95
182
-1
148
-119
30
-181
-107
-144
-184
-25
-159
103
-62
168
45
139
97
42
66
-62
-18
-118
-107
-107
-161
-45
-158
29
-110
83
-39
100
31
81
80
25
92
-51
54
-129
-30
-172
-131
-156
-203
-81
-204
24
-132
98
-25
95
54
13
58
-101
-11
-179
-99
-177
-139
-107
-97
-32
0
-11
82
-71
86
-169
2
-233
-121
-206
-210
-86
-218
70
-151
194
-57
251
8
252
30
238
35
242
62
256
115
239
172
163
180
33
113
-104
-11
-182
-136
-183
-206
-124
-209
-58
-172
-24
-138
-18
-121
-8
-109
36
-58
106
40
158
153
146
221
70
194
-23
80
-56
-51
13
-111
163
-62
312
71
376
207
316
268
171
228
21
135
-73
51
-91
25
-71
56
-70
98
-105
116
-156
103
-185
90
-168
105
-122
149
-87
187
-84
182
-96
126
-83
54
-16
23
94
57
185
122
199
153
124
89
8
-64
-58
-234
-18
-322
113
-272
255
-110
301
68
206
153
4
103
-205
-48
-318
-208
-299
-288
-183
-262
-59
-167
4
-74
-16
-35
-83
-59
-144
-110
-163
-151
-139
-156
-93
-129
-54
-85
-26
-33
-4
35
16
119
29
211
18
286
-23
317
-84
293
-134
227
-144
146
-108
78
-37
34
38
6
98
-23
139
-53
167
-78
191
-81
201
-62
186
-35
133
-25
50
-45
-35
-85
-92
-120
-103
-124
-76
-86
-43
-20
-29
41
-45
68
-78
49
-102
6
-95
-42
-57
-71
-4
-81
40
-83
56
-93
48
-117
27
-153
13
-185
15
-190
28
-165
40
-115
34
-58
5
-16
-39
6
-82
2
-109
-16
-106
-35
-76
-45
-27
-45
29
-39
87
-27
138
-10
180
13
209
43
214
67
190
70
141
42
87
-9
50
-65
49
-98
75
-92
107
-56
117
-18
90
-8
42
-38
1
-87
1
-119
45
-103
109
-35
148
57
130
124
55
134
-45
86
-124
12
-150
-48
-117
-64
-54
-35
6
20
39
75
38
109
16
118
-12
105
-40
72
-59
24
-62
-28
-48
-71
-15
-90
28
-82
62
-60
71
-45
54
-55
32
-88
31
-115
68
-110
137
-59
203
25
233
103
214
141
161
129
106
84
81
42
86
18
98
13
91
1
54
-40
6
-99
-25
-160
-25
-183
3
-165
28
-119
25
-78
-6
-62
-42
-66
-57
-69
-36
-45
4
4
35
54
35
80
11
67
-12
33
-18
4
-2
-1
8
4
-11
-8
-69
-62
-136
-151
-173
-240
-154
-282
-91
-254
-21
-173
11
-85
-13
-33
-74
-28
-128
-49
-143
-65
-117
-52
-74
-24
-41
0
-25
5
-15
0
11
8
51
48
81
107
66
144
-4
122
-98
37
-168
-72
-167
-145
-91
-133
10
-42
66
69
35
129
-72
93
-189
-18
-243
-141
-195
-199
-69
-161
68
-50
143
62
130
115
57
88
-13
17
-28
-42
20
-46
95
5
142
69
129
98
59
63
-20
-18
-62
-103
-45
-142
11
-124
62
-66
66
-18
15
-16
-63
-66
-124
-138
-128
-186
-75
-181
3
-122
62
-42
76
16
49
25
8
-4
-10
-40
16
-54
72
-26
125
28
144
78
119
103
59
93
-6
61
-58
25
-91
-2
-113
-28
-133
-50
-148
-80
-146
-99
-119
-92
-76
-49
-37
9
-30
51
-64
42
-116
-25
-144
-120
-112
-195
-13
-203
121
-134
233
-18
272
88
229
136
130
113
24
37
-41
-49
-49
-110
-11
-131
47
-117
101
-83
141
-39
166
10
178
65
175
119
151
161
104
183
45
178
-19
157
-73
129
-114
99
-147
64
-177
19
-199
-37
-197
-93
-162
-127
-92
-122
-4
-78
76
-10
129
54
147
102
148
132
149
160
150
197
145
240
112
269
42
257
-54
193
-146
91
-195
-15
-188
-90
-134
-114
-60
-98
1
-64
38
-37
56
-22
76
-13
106
6
140
35
167
59
168
61
149
28
129
-29
134
-81
170
-101
224
-78
266
-33
267
6
226
11
163
-16
112
-57
101
-76
128
-51
168
10
187
80
164
122
105
117
38
65
-5
-4
-6
-64
34
-98
95
-100
153
-78
190
-51
200
-28
186
-16
153
-23
115
-48
84
-83
74
-110
87
-110
122
-73
156
-8
161
53
123
80
56
55
-6
-6
-26
-66
11
-79
87
-30
153
52
166
119
115
127
26
65
-44
-26
-54
-98
1
-105
81
-51
132
22
119
61
49
36
-37
-37
-85
-119
-77
-164
-25
-157
30
-115
53
-77
37
-62
4
-74
-17
-90
-12
-93
11
-77
40
-53
56
-36
66
-28
84
-13
111
20
141
66
143
108
103
112
29
59
-48
-33
-91
-128
-78
-183
-28
-182
18
-144
25
-107
-14
-103
-76
-139
-120
-182
-116
-197
-67
-158
-9
-79
21
1
4
47
-47
42
-98
2
-115
-39
-91
-57
-49
-47
-13
-26
-5
-19
-22
-39
-43
-69
-49
-91
-30
-86
-4
-54
6
-16
-15
-3
-57
-26
-95
-78
-97
-130
-48
-144
37
-107
122
-34
168
42
153
77
89
48
13
-30
-30
-117
-21
-170
28
-168
78
-123
96
-78
64
-62
5
-88
-40
-128
-36
-139
18
-94
88
-1
132
99
122
162
67
162
13
120
-1
82
37
83
100
133
138
192
114
216
33
171
-62
74
-119
-28
-114
-87
-64
-83
-13
-42
-7
-16
-52
-42
-110
-117
-129
-197
-79
-230
33
-183
156
-73
233
57
227
144
153
165
49
121
-35
47
-74
-18
-69
-55
-46
-67
-22
-66
-11
-59
-4
-50
0
-33
5
-8
3
11
-16
10
-42
-23
-60
-76
-46
-126
11
-139
100
-98
191
-8
240
98
224
173
143
185
26
131
-76
30
-122
-71
-97
-127
-12
-120
91
-59
175
27
216
101
215
142
192
147
173
132
170
112
182
95
197
84
198
64
186
35
161
1
135
-36
108
-63
79
-80
39
-97
-8
-117
-57
-142
-90
-155
-102
-149
-93
-118
-76
-66
-65
-9
-66
40
-75
72
-83
93
-86
108
-82
115
-79
112
-76
100
-75
78
-67
59
-52
51
-37
57
-30
65
-40
69
-64
57
-88
40
-98
25
-92
22
-74
30
-53
44
-36
49
-20
53
4
62
36
86
64
115
69
135
45
121
2
71
-31
8
-32
-32
3
-25
40
18
41
64
-12
64
-100
4
-171
-85
-181
-148
-115
-136
-13
-44
59
80
54
166
-30
168
-145
92
-223
-15
-227
-96
-170
-121
-93
-104
-46
-84
-40
-91
-59
-122
-63
-148
-42
-140
-13
-103
-10
-68
-51
-75
-117
-138
-165
-223
-144
-279
-50
-257
78
-156
179
-14
208
106
163
164
78
158
8
119
-18
88
-3
81
23
93
40
98
37
86
30
62
39
50
66
63
98
102
112
148
93
178
48
180
-1
165
-35
148
-45
147
-43
157
-41
168
-47
170
-54
164
-54
157
-38
163
-16
182
-8
198
-29
186
-76
132
-129
33
-154
-81
-130
-163
-53
-185
47
-137
127
-47
144
38
86
72
-23
33
-126
-57
-175
-148
-146
-190
-55
-156
45
-65
102
28
88
68
21
30
-45
-64
-62
-163
-4
-213
106
-190
211
-119
263
-43
243
-7
173
-28
94
-83
47
-139
47
-163
81
-141
122
-85
151
-9
153
73
129
143
82
193
15
204
-62
172
-124
104
-151
33
-128
-13
-62
-13
10
24
54
59
50
62
21
24
0
-28
25
-45
93
3
162
105
182
209
119
250
-7
196
-136
67
-197
-74
-160
-160
-42
-155
100
-76
202
30
230
110
198
141
141
127
96
102
84
89
92
96
98
114
85
118
48
95
1
42
-34
-30
-41
-99
-9
-138
49
-132
111
-82
145
-15
124
31
48
23
-57
-42
-139
-129
-158
-182
-112
-160
-39
-60
0
67
-40
152
-153
151
-281
74
-354
-18
-332
-62
-235
-22
-128
71
-77
146
-100
148
-162
75
-190
-24
-138
-73
-19
-34
105
77
162
190
119
240
4
199
-123
91
-198
-21
-200
-97
-152
-127
-98
-132
-59
-138
-38
-147
-10
-151
31
-127
74
-81
97
-33
85
-8
48
-16
15
-34
8
-34
23
3
37
58
13
99
-54
88
-138
24
-195
-64
-191
-130
-126
-144
-32
-108
54
-45
105
21
120
70
113
109
89
135
49
142
-13
109
-84
35
-137
-66
-139
-147
-81
-167
17
-108
104
-3
130
96
83
140
-1
123
-75
74
-97
42
-69
52
-27
95
-13
128
-47
115
-107
47
-151
-42
-144
-110
-91
-128
-28
-103
8
-73
-4
-70
-47
-102
-84
-147
-91
-173
-62
-160
-27
-118
-13
-79
-28
-69
-55
-90
-59
-115
-20
-107
54
-49
128
47
160
137
126
177
44
146
-49
55
-105
-57
-103
-147
-47
-187
30
-182
98
-152
128
-118
127
-98
106
-88
84
-78
66
-64
49
-49
24
-46
-5
-58
-25
-80
-25
-95
3
-86
44
-52
74
-9
74
11
47
-3
14
-47
1
-89
25
-100
70
-66
100
-7
82
33
8
21
-88
-42
-162
-121
-179
-169
-141
-161
-91
-105
-71
-54
-100
-47
-151
-95
-178
-162
-135
-194
-30
-152
95
-45
181
77
185
156
120
161
35
110
-20
45
-28
8
-4
6
6
13
-18
-8
-68
-62
-104
-122
-95
-150
-49
-113
-1
-33
2
43
-62
64
-167
10
-260
-89
-286
-178
-233
-208
-127
-167
-24
-81
32
4
36
59
9
81
-20
91
-34
107
-41
128
-61
140
-103
118
-160
57
-201
-21
-203
-86
-165
-111
-107
-92
-66
-55
-62
-26
-102
-29
-161
-64
-209
-112
-230
-150
-221
-165
-194
-153
-166
-129
-144
-98
-122
-59
-95
-3
-65
75
-49
163
-69
228
-134
233
-231
159
-317
24
-337
-123
-267
-208
-117
-192
54
-75
170
81
175
198
70
220
-87
139
-218
9
-263
-95
-217
-125
-127
-83
-53
-16
-38
20
-71
-4
-97
-62
-71
-103
21
-77
144
16
243
148
269
256
219
307
126
296
35
249
-26
198
-59
157
-80
116
-102
62
-117
-5
-110
-64
-70
-89
-8
-74
51
-30
77
9
67
25
37
17
10
4
1
11
-1
36
-15
62
-59
61
-121
26
-172
-27
-184
-64
-150
-59
-95
-16
-55
39
-51
69
-75
60
-103
22
-105
-21
-76
-45
-33
-54
1
-62
12
-92
10
-144
23
-194
67
-206
139
-160
214
-57
245
64
211
162
111
200
-22
166
-145
80
-218
-27
-218
-112
-151
-145
-42
-117
65
-49
131
25
138
68
92
53
28
-13
-13
-91
-7
-140
42
-136
100
-83
129
-15
108
33
48
47
-18
39
-67
30
-95
32
-115
29
-152
-4
-197
-83
-223
-185
-192
-264
-92
-272
43
-196
152
-72
182
33
121
67
13
23
-73
-53
-85
-95
-26
-64
59
31
105
135
82
192
11
177
-66
110
-93
37
-66
-3
-2
-4
49
4
62
-8
45
-50
23
-107
25
-151
57
-153
98
-113
122
-53
112
0
69
28
13
28
-33
12
-49
-6
-36
-16
3
-6
56
20
106
60
139
99
138
116
102
93
43
26
-11
-73
-36
-171
-19
-236
30
-256
90
-231
132
-180
142
-130
119
-94
84
-74
47
-70
21
-72
13
-74
18
-72
36
-59
60
-33
74
1
71
26
45
33
3
16
-36
-9
-57
-27
-58
-21
-54
2
-63
19
-91
11
-124
-23
-138
-65
-113
-86
-58
-75
1
-42
31
-21
25
-31
3
-66
-5
-93
16
-74
42
-7
29
71
-56
100
-201
45
-345
-71
-419
-190
-383
-238
-260
-185
-117
-68
-19
52
12
115
8
119
28
107
95
129
186
194
239
257
209
259
103
161
-19
-13
-83
-181
-57
-270
29
-255
103
-173
108
-92
35
-61
-62
-74
-124
-83
-119
-41
-74
55
-41
158
-65
204
-133
164
-190
64
-180
-27
-88
-51
42
4
132
86
128
124
32
80
-100
-40
-195
-174
-214
-256
-160
-251
-88
-171
-50
-71
-73
3
-138
27
-206
7
-235
-26
-209
-38
-139
-22
-53
18
16
57
52
69
58
42
55
-12
65
-73
101
-103
153
-89
190
-43
177
-3
98
-19
-27
-106
-138
-241
-174
-358
-115
-394
16
-317
148
-161
209
4
170
104
58
116
-59
64
-124
10
-119
1
-76
39
-50
83
-71
91
-125
47
-170
-25
-168
-81
-112
-92
-34
-57
29
-11
57
23
55
32
53
33
65
47
86
75
93
103
82
111
54
98
34
83
39
91
57
127
56
165
14
161
-63
94
-133
-21
-144
-129
-80
-177
36
-150
139
-81
178
-30
146
-44
81
-115
41
-199
58
-243
119
-222
182
-156
194
-89
148
-60
67
-70
-4
-98
-45
-112
-54
-105
-47
-81
-45
-54
-40
-21
-30
25
-13
90
-10
156
-40
190
-99
170
-158
103
-174
37
-120
25
-18
86
72
189
97
266
41
260
-49
168
-98
49
-57
-16
64
11
197
112
262
213
223
240
117
180
13
74
-30
-6
-7
-19
30
25
21
66
-59
54
-173
-19
-260
-105
-273
-146
-220
-112
-151
-23
-124
54
-159
76
-220
30
-251
-45
-214
-97
-115
-94
8
-48
101
9
146
47
150
56
139
54
124
54
102
57
59
45
-6
6
-76
-54
-119
-109
-122
-132
-96
-110
-69
-69
-68
-39
-92
-47
-118
-86
-114
-128
-64
-141
17
-115
97
-64
145
-13
156
15
136
23
108
16
78
6
50
-11
16
-41
-14
-81
-23
-113
-1
-117
46
-76
95
-8
112
54
86
79
30
51
-21
-13
-35
-76
-8
-110
41
-110
79
-96
88
-89
69
-94
40
-103
21
-95
8
-66
-13
-24
-51
5
-103
12
-148
4
-159
3
-132
33
-83
84
-45
137
-35
161
-47
139
-59
86
-45
35
1
16
57
30
83
58
57
64
-16
30
-111
-37
-190
-109
-231
-157
-235
-168
-221
-142
-207
-98
-198
-53
-196
-13
-183
17
-156
48
-112
79
-60
112
-8
141
30
159
51
156
45
117
22
40
-2
-64
1
-167
42
-226
120
-217
208
-136
259
-14
248
101
168
175
48
192
-66
170
-139
141
-160
126
-146
124
-120
122
-94
112
-61
93
-11
93
55
125
111
183
125
238
78
250
-15
204
-114
113
-173
24
-170
-17
-112
4
-49
74
-11
149
-16
192
-40
200
-50
191
-26
194
22
218
65
243
71
229
37
153
-10
23
-23
-117
19
-217
104
-250
192
-219
231
-171
202
-146
116
-165
21
-214
-40
-250
-52
-243
-28
-187
-8
-107
-16
-41
-57
-15
-103
-27
-123
-52
-99
-57
-45
-32
8
9
28
30
5
10
-40
-55
-72
-136
-68
-195
-30
-206
13
-177
25
-142
-11
-129
-74
-151
-136
-190
-163
-210
-144
-184
-107
-112
-90
-33
-115
13
-170
8
-214
-30
-206
-55
-132
-20
-18
86
74
231
94
347
25
378
-95
304
-205
159
-241
7
-183
-91
-56
-105
83
-52
174
23
191
69
142
63
67
10
10
-62
-2
-108
35
-100
94
-37
142
65
148
168
98
235
6
241
-95
190
-162
109
-170
35
-116
-1
-29
8
58
40
112
68
124
68
110
40
93
0
90
-33
93
-52
91
-66
71
-91
44
-122
27
-146
37
-135
74
-76
106
20
98
110
39
154
-54
136
-137
73
-168
11
-133
-9
-55
21
14
75
45
112
31
107
2
66
-7
26
22
14
71
45
110
95
106
129
62
130
1
97
-48
52
-66
20
-63
4
-51
-4
-42
-15
-33
-25
-8
-18
33
23
74
95
86
168
47
204
-35
173
-119
89
-163
-6
-132
-59
-42
-41
64
35
133
134
132
204
66
214
-31
162
-121
68
-173
-40
-180
-133
-141
-194
-75
-212
4
-187
70
-125
108
-54
98
3
52
22
-11
6
-59
-21
-71
-28
-51
-5
-28
35
-29
62
-61
49
-99
1
-112
-53
-76
-69
-4
-35
58
27
72
73
27
58
-45
-16
-91
-110
-74
-167
-1
-153
80
-85
114
-14
71
2
-26
-60
-121
-177
-156
-292
-110
-353
-2
-339
117
-262
204
-160
238
-64
223
5
180
42
129
52
84
41
54
21
48
11
66
27
89
66
93
112
52
121
-36
66
-138
-57
-199
-199
-177
-293
-71
-289
69
-180
169
-23
176
108
89
162
-41
138
-147
77
-185
33
-160
27
-112
46
-78
50
-66
20
-47
-28
6
-58
98
-42
194
16
250
74
240
92
183
54
124
-5
103
-35
117
-14
123
45
76
75
-37
29
-178
-105
-266
-270
-243
-382
-107
-380
80
-261
229
-90
274
52
213
105
98
68
-3
-11
-45
-76
-31
-99
1
-87
12
-71
-12
-80
-57
-113
-90
-158
-89
-188
-58
-191
-11
-168
38
-127
75
-83
98
-40
103
-12
94
-7
70
-35
50
-87
50
-142
83
-172
144
-155
204
-99
228
-35
195
-4
115
-27
28
-92
-24
-160
-19
-191
31
-167
90
-104
117
-35
100
4
53
6
1
-18
-30
-52
-35
-78
-21
-97
-1
-110
28
-114
69
-99
122
-50
176
25
206
109
193
163
139
162
74
107
40
29
61
-29
136
-36
231
7
301
67
316
107
275
99
204
47
141
-28
109
-91
110
-123
126
-125
140
-109
141
-85
132
-58
127
-21
126
31
127
98
113
164
70
204
-2
200
-87
144
-163
47
-204
-59
-194
-142
-149
-185
-92
-190
-54
-177
-49
-171
-75
-188
-108
-218
-122
-241
-100
-229
-54
-172
-4
-88
19
-1
13
59
-10
91
-24
109
-11
139
19
190
46
246
39
279
-6
258
-68
184
-105
91
-86
25
-18
19
67
