103
213
195
231
258
177
262
91
211
16
141
-21
88
-25
72
-22
90
-42
115
-94
126
-173
111
-259
74
-335
13
-394
-69
-426
-168
-414
-274
-349
-356
-218
-383
-41
-334
134
-214
267
-69
315
40
283
79
216
45
151
-19
131
-71
157
-81
194
-55
214
-13
200
22
165
47
131
81
110
141
89
219
46
284
-33
300
-132
251
-207
161
-214
85
-140
63
-21
108
84
188
126
242
95
233
25
158
-31
56
-45
-28
-19
-73
12
-92
18
-119
0
-169
-11
-226
21
-242
106
-182
206
-48
263
107
232
211
117
214
-25
120
-120
-12
-122
-115
-41
-139
69
-97
138
-40
136
-18
76
-48
10
-108
-26
-151
-19
-150
1
-107
6
-53
-25
-15
-79
-6
-126
-6
-146
4
-139
30
-129
61
-129
78
-139
73
-145
62
-129
74
-99
115
-84
173
-118
206
-206
179
-320
86
-407
-36
-425
-137
-373
-180
-276
-163
-183
-115
-119
-72
-79
-44
-42
-21
6
16
54
64
76
97
56
77
6
-1
-33
-108
-14
-182
64
-173
158
-78
192
42
122
110
-49
69
-250
-72
-388
-245
-408
-358
-310
-366
-164
-268
-45
-127
-1
-8
-33
48
-94
49
-139
20
-149
-10
-129
-30
-102
-49
-77
-73
-54
-98
-26
-115
7
-117
34
-110
44
-106
38
-117
27
-133
29
-139
46
-120
62
-84
56
-56
17
-62
-39
-105
-81
-163
-83
-200
-44
-192
6
-144
31
-86
13
-54
-33
-54
-74
-64
-82
-56
-62
-10
-42
56
-54
105
-103
103
-165
49
-202
-21
-182
-71
-115
-76
-35
-46
20
-14
38
-4
32
-18
28
-32
43
-25
64
3
69
37
46
50
2
37
-35
8
-45
-5
-25
10
1
39
9
57
-6
44
-21
8
-11
-20
30
-12
83
34
106
84
69
91
-18
31
-108
-77
-153
-177
-128
-221
-58
-193
1
-123
11
-63
-34
-47
-99
-75
-139
-103
-130
-100
-89
-58
-60
-12
-69
-3
-109
-44
-138
-118
-122
-176
-51
-180
42
-128
103
-60
98
-28
38
-57
-30
-129
-59
-197
-26
-209
49
-153
119
-54
140
44
99
99
21
101
-53
65
-89
22
-81
-4
-40
-5
11
16
52
38
75
54
78
54
67
33
50
-5
37
-49
38
-83
52
-97
71
-88
75
-66
52
-52
7
-58
-42
-86
-72
-107
-66
-105
-33
-66
8
-1
35
66
37
115
28
141
25
154
40
177
71
216
93
251
86
265
47
238
-4
173
-41
97
-52
33
-45
-12
-36
-42
-45
-81
-64
-134
-71
-185
-45
-201
25
-154
107
-42
167
100
163
224
92
286
-14
271
-112
202
-156
119
-135
69
-65
63
11
88
59
119
62
124
25
89
-30
19
-76
-68
-88
-143
-65
-182
-18
-175
33
-127
63
-57
59
6
21
46
-32
53
-82
40
-103
26
-93
26
-64
46
-37
71
-22
86
-26
83
-40
59
-49
33
-44
16
-33
12
-26
19
-34
18
-56
6
-77
-14
-85
-27
-69
-17
-30
23
8
88
28
156
20
204
-14
217
-62
190
-98
137
-106
76
-82
28
-31
6
30
8
83
22
112
35
116
35
107
23
101
8
105
10
118
30
125
59
110
80
69
70
11
20
-37
-60
-49
-139
-14
-191
56
-194
136
-161
197
-110
215
-60
197
-35
154
-37
105
-54
62
-81
35
-107
22
-126
25
-132
39
-118
54
-91
57
-60
40
-48
1
-67
-42
-119
-67
-180
-52
-219
-4
-213
52
-164
78
-105
52
-74
-22
-93
-105
-152
-152
-214
-141
-232
-81
-185
-12
-88
24
16
11
92
-36
124
-81
126
-94
128
-74
151
-40
182
-21
202
-23
189
-31
148
-22
102
18
83
77
105
122
144
122
165
76
141
14
77
-22
10
-2
-15
61
28
127
122
149
217
103
264
9
239
-83
161
-124
78
-93
38
-8
66
83
146
127
233
103
283
13
262
-102
174
-198
45
-236
-81
-211
-167
-134
-192
-42
-165
33
-110
66
-59
62
-34
39
-31
27
-32
40
-13
64
27
78
71
60
83
12
45
-30
-37
-28
-110
45
-124
165
-53
276
76
315
197
254
239
126
179
4
54
-42
-58
6
-98
107
-54
186
27
190
73
123
44
41
-40
8
-112
53
-115
139
-33
194
82
163
152
46
128
-96
21
-185
-107
-168
-175
-70
-145
43
-42
99
69
69
122
-25
94
-120
9
-162
-83
-135
-136
-57
-136
33
-91
99
-26
126
40
110
83
54
89
-28
45
-110
-45
-162
-151
-154
-227
-85
-234
16
-165
88
-56
86
26
11
35
-97
-28
-166
-106
-156
-135
-78
-83
4
23
27
115
-35
126
-139
45
-212
-79
-199
-175
-94
-191
45
-134
156
-56
199
-5
188
2
170
-5
174
12
193
61
187
119
123
133
12
77
-101
-31
-160
-137
-138
-189
-62
-173
18
-118
63
-71
73
-50
80
-39
116
4
170
88
202
182
166
226
62
173
-58
35
-118
-115
-71
-192
62
-149
202
-18
263
127
211
203
80
187
-49
120
-110
64
-95
67
-42
122
-6
182
-12
210
-41
199
-55
178
-36
180
1
204
18
216
-8
183
-55
100
-83
4
-54
-46
18
-23
78
37
72
72
-13
18
-125
-119
-177
-270
-111
-335
57
-265
235
-86
323
105
266
201
96
152
-90
-1
-192
-167
-173
-256
-71
-240
30
-153
60
-68
4
-34
-101
-60
-197
-112
-242
-149
-235
-152
-197
-122
-156
-76
-112
-23
-69
41
-21
117
24
199
42
262
25
281
-17
244
-57
167
-68
82
-39
14
15
-21
69
-35
105
-43
122
-52
131
-48
140
-24
144
18
132
62
88
83
20
64
-47
15
-83
-40
-76
-70
-37
-65
6
-36
22
-12
0
-17
-47
-59
-88
-121
-105
-174
-85
-197
-50
-190
-20
-165
-8
-141
-13
-129
-23
-127
-20
-122
5
-99
44
-53
80
6
94
64
80
98
44
99
-4
70
-41
23
-58
-25
-54
-66
-33
-92
-4
-106
28
-109
59
-99
94
-74
121
-39
135
-5
127
13
103
1
76
-34
68
-74
91
-92
136
-73
181
-25
194
23
163
40
102
17
43
-26
18
-55
40
-38
81
29
103
114
75
171
-4
168
-100
104
-168
8
-175
-75
-123
-115
-42
-107
37
-71
81
-29
88
0
65
14
28
13
-13
2
-49
-15
-74
-32
-78
-37
-60
-21
-28
19
1
65
13
95
6
83
1
40
21
-12
81
-42
170
-33
257
6
299
38
286
39
233
-3
169
-64
130
-107
115
-118
105
-98
75
-73
19
-69
-47
-83
-89
-98
-90
-86
-61
-40
-27
20
-18
60
-33
61
-52
28
-51
-11
-17
-32
30
-25
65
-13
67
-20
40
-50
8
-90
-4
-109
6
-94
13
-57
-10
-33
-66
-46
-129
-99
-160
-157
-135
-177
-64
-141
12
-66
45
5
17
30
-51
-1
-117
-59
-149
-112
-142
-132
-118
-127
-104
-114
-103
-107
-103
-99
-78
-64
-32
7
13
101
19
177
-21
190
-86
132
-123
39
-91
-28
8
-23
126
50
192
136
161
163
41
92
-98
-54
-180
-207
-166
-289
-78
-264
23
-157
65
-40
25
28
-67
25
-146
-20
-161
-49
-102
-26
-7
49
66
134
82
175
46
146
-1
62
-13
-30
31
-83
107
-81
170
-42
180
-13
128
-28
40
-92
-34
-174
-58
-230
-28
-228
25
-169
59
-89
49
-27
1
-11
-59
-32
-91
-62
-74
-67
-25
-30
30
32
54
93
40
125
-5
122
-51
98
-81
65
-91
40
-90
17
-89
-11
-84
-47
-67
-74
-30
-78
19
-49
57
-4
56
24
11
4
-59
-71
-107
-172
-98
-247
-21
-250
91
-173
183
-45
208
76
155
141
49
133
-57
72
-117
-4
-116
-60
-66
-80
8
-70
78
-45
134
-13
175
21
202
61
213
100
199
129
159
142
102
132
41
112
-13
87
-57
67
-98
44
-137
12
-168
-31
-178
-74
-157
-96
-100
-85
-25
-36
41
30
83
91
93
132
89
152
86
167
91
194
90
227
69
245
11
227
-71
159
-144
54
-178
-50
-156
-122
-88
-139
-6
-115
60
-73
96
-37
110
-15
118
4
136
30
156
65
168
93
156
98
126
63
100
4
99
-53
134
-81
192
-68
240
-31
252
-5
218
-9
166
-47
122
-95
115
-117
144
-95
182
-30
195
45
165
98
98
104
22
67
-27
9
-33
-39
6
-63
71
-59
134
-35
182
-11
204
6
203
6
184
-15
157
-54
132
-100
124
-138
136
-146
165
-110
187
-42
176
28
123
67
39
57
-37
11
-70
-34
-41
-37
31
16
100
98
121
156
79
150
4
71
-52
-43
-49
-137
16
-163
105
-126
160
-61
147
-21
72
-35
-16
-88
-71
-142
-69
-155
-21
-114
31
-41
57
25
43
57
17
52
1
31
14
10
42
-5
72
-18
88
-45
91
-79
97
-105
107
-106
117
-79
98
-45
40
-34
-49
-65
-136
-124
-180
-177
-162
-185
-98
-136
-28
-55
9
15
3
40
-25
10
-38
-40
-7
-75
57
-69
122
-29
148
8
112
13
35
-27
-50
-92
-108
-150
-127
-168
-120
-150
-117
-111
-132
-78
-160
-66
-180
-67
-172
-62
-129
-36
-71
8
-23
49
-5
55
-11
18
-18
-54
0
-127
59
-162
145
-141
219
-76
248
-4
210
37
119
21
16
-37
-49
-103
-59
-134
-21
-112
25
-54
45
-2
21
8
-27
-31
-58
-92
-41
-131
23
-117
101
-54
146
21
132
63
72
54
5
13
-20
-13
8
11
64
89
100
185
79
243
8
232
-73
163
-110
79
-85
28
-13
28
53
54
70
57
30
3
-31
-105
-64
-219
-33
-280
55
-257
150
-159
197
-35
166
59
73
93
-45
67
-134
18
-165
-22
-147
-37
-102
-30
-52
-16
-11
-6
22
1
52
10
74
20
81
23
64
6
31
-42
1
-106
-5
-161
33
-173
100
-124
172
-23
209
98
182
190
101
218
-10
175
-101
82
-136
-18
-98
-80
-2
-86
111
-41
197
23
238
76
228
98
193
85
158
57
141
33
139
21
144
21
143
19
134
13
121
1
114
-7
111
-10
107
-9
93
-14
69
-30
37
-57
11
-83
-3
-95
-8
-86
-15
-59
-33
-30
-69
-4
-115
11
-157
21
-187
30
-201
39
-204
49
-197
52
-179
52
-144
55
-94
69
-39
93
8
117
32
129
38
120
30
95
24
69
24
49
25
37
20
29
1
17
-18
5
-28
5
-26
27
-20
62
-26
93
-52
98
-88
71
-103
35
-78
16
-19
40
46
97
72
146
37
141
-40
69
-108
-44
-122
-136
-68
-156
18
-99
71
-4
46
59
-54
47
-180
-31
-264
-129
-269
-187
-203
-180
-116
-121
-54
-57
-33
-19
-35
-11
-28
-4
0
21
30
62
29
85
-22
51
-103
-52
-165
-188
-162
-299
-85
-332
32
-280
127
-177
155
-81
116
-30
42
-25
-13
-35
-23
-23
10
26
52
99
81
165
85
208
82
229
87
244
107
267
129
296
128
314
94
299
36
247
-24
170
-64
93
-78
37
-76
2
-69
-16
-69
-23
-68
-22
-58
-3
-35
44
-9
113
3
186
-18
230
-66
225
-124
165
-154
78
-134
4
-60
-23
40
2
119
59
139
103
86
90
-15
5
-112
-126
-156
-249
-122
-312
-29
-285
71
-192
124
-83
103
-20
26
-28
-52
-89
-78
-158
-30
-178
71
-133
173
-44
224
39
209
76
144
50
74
-18
39
-88
51
-126
95
-122
146
-81
180
-16
185
53
161
117
110
158
37
165
-46
131
-117
61
-150
-11
-133
-57
-70
-56
2
-17
46
25
46
37
19
10
1
-27
28
-30
95
35
161
153
175
269
107
320
-26
271
-162
141
-231
-8
-195
-109
-76
-124
71
-69
180
11
222
67
206
74
166
47
140
11
142
1
161
16
170
49
155
76
107
80
46
54
-11
6
-45
-40
-39
-65
-5
-51
36
-3
55
55
28
86
-47
57
-140
-30
-203
-141
-198
-214
-122
-208
-18
-116
49
8
33
100
-62
108
-180
47
-253
-30
-240
-54
-160
1
-76
103
-52
185
-105
188
-193
108
-243
0
-210
-63
-101
-36
19
60
81
163
49
204
-52
163
-158
59
-213
-48
-194
-113
-129
-131
-61
-122
-11
-116
16
-117
45
-115
83
-91
121
-48
136
-5
113
11
67
-7
23
-35
6
-45
15
-14
21
39
-8
78
-80
68
-167
8
-227
-75
-226
-137
-161
-150
-64
-112
23
-49
81
11
103
57
102
93
89
117
59
123
8
93
-52
26
-98
-62
-95
-130
-35
-134
62
-62
143
57
161
163
104
208
5
183
-82
120
-118
67
-100
51
-66
64
-58
70
-93
30
-150
-57
-187
-157
-172
-221
-107
-226
-33
-177
13
-112
11
-67
-25
-58
-59
-62
-63
-56
-35
-20
-3
29
6
60
-11
47
-42
-8
-50
-78
-13
-122
62
-113
134
-62
166
-6
130
17
46
-18
-49
-93
-112
-173
-117
-218
-67
-207
2
-146
60
-62
85
12
81
62
62
83
47
86
40
76
36
50
29
4
18
-64
16
-141
33
-204
72
-232
119
-218
151
-180
142
-142
103
-126
50
-124
13
-118
13
-74
32
11
40
109
5
177
-77
177
-176
110
-245
11
-247
-71
-194
-104
-120
-95
-76
-88
-81
-120
-112
-197
-120
-281
-68
-315
43
-264
166
-136
245
13
238
124
158
161
59
137
-11
94
-31
71
-21
73
-18
75
-49
43
-100
-27
-136
-108
-129
-150
-83
-127
-35
-54
-33
21
-97
48
-202
6
-293
-80
-317
-153
-257
-170
-143
-123
-28
-36
45
43
67
83
58
84
46
69
47
58
47
58
29
49
-21
17
-93
-43
-157
-115
-189
-158
-184
-156
-159
-103
-148
-26
-170
38
-223
68
-288
56
-329
22
-332
-16
-291
-38
-230
-49
-160
-54
-98
-59
-37
-60
18
-42
66
2
89
63
60
110
-28
105
-156
33
-281
-92
-344
-220
-313
-283
-197
-240
-50
-95
50
88
58
232
-35
273
-169
209
-268
94
-277
-2
-194
-29
-72
13
25
78
53
106
25
74
-11
-1
-5
-59
60
-57
153
12
221
113
220
193
151
216
47
178
-45
114
-95
53
-110
9
-103
-23
-97
-54
-85
-88
-56
-104
0
-82
69
-15
126
75
142
158
110
202
52
214
0
202
-35
192
-58
185
-88
165
-136
107
-194
13
-231
-99
-222
-188
-164
-226
-84
-207
-21
-162
1
-122
-12
-103
-37
-103
-47
-93
-32
-64
-10
-17
1
21
-11
28
-30
-1
-30
-44
9
-64
86
-39
172
32
221
116
211
176
135
178
23
116
-84
10
-148
-101
-148
-181
-91
-201
-2
-153
79
-58
116
40
93
101
21
98
-61
33
-110
-54
-102
-122
-40
-144
42
-119
102
-81
117
-57
93
-57
59
-69
35
-66
21
-43
1
-9
-48
3
-115
-27
-172
-81
-177
-121
-117
-98
-19
-8
62
112
72
194
4
188
-98
91
-167
-48
-153
-155
-59
-186
62
-144
142
-78
150
-40
99
-53
34
-97
5
-127
23
-109
64
-45
89
35
72
92
25
105
-23
91
-42
73
-22
74
17
98
47
124
51
128
29
98
-4
37
-24
-38
-18
-109
13
-158
64
-175
122
-156
170
-109
193
-47
180
4
127
18
52
-6
-20
-64
-59
-124
-54
-165
-12
-167
43
-134
84
-88
98
-49
81
-30
51
-33
21
-48
3
-69
1
-86
15
-92
40
-81
72
-49
97
-11
105
27
89
42
58
33
28
13
12
-6
12
-4
12
5
-8
8
-54
-18
-111
-70
-151
-129
-157
-162
-131
-156
-100
-122
-91
-91
-108
-82
-130
-93
-125
-89
-79
-37
-19
60
11
165
-27
214
-126
170
-227
54
-267
-75
-209
-142
-80
-120
54
-38
124
41
116
65
64
33
28
-8
40
-7
79
50
93
118
35
136
-81
64
-197
-74
-241
-202
-180
-250
-49
-196
77
-81
133
24
106
67
45
54
8
35
26
57
69
124
86
192
37
203
-63
128
-156
-1
-179
-112
-117
-146
-13
-93
63
-2
55
56
-39
35
-163
-56
-243
-160
-245
-216
-177
-192
-95
-101
-47
1
-66
69
-134
75
-206
33
-242
-27
-223
-67
-156
-74
-71
-52
1
-22
47
-11
66
-28
78
-65
105
-98
155
-98
219
-52
262
25
245
89
156
92
14
11
-119
-130
-185
-265
-153
-327
-47
-286
66
-167
115
-41
73
22
-30
4
-131
-66
-169
-128
-133
-132
-58
-80
-2
-9
3
33
-34
28
-74
-6
-74
-25
-33
-4
21
53
54
115
49
150
16
153
-13
139
-19
130
-8
131
3
129
3
109
-4
69
7
31
44
23
94
47
119
79
98
75
33
11
-37
-96
-59
-195
-14
-231
74
-191
147
-108
155
-44
95
-42
7
-97
-47
-166
-36
-194
32
-158
104
-80
138
-4
115
33
62
23
15
-9
-6
-36
2
-47
16
-48
21
-48
21
-45
23
-29
28
7
17
50
-26
69
-95
43
-163
-20
-183
-71
-130
-60
-27
33
66
172
92
286
36
316
-57
254
-113
158
-80
105
32
135
153
227
206
308
161
311
52
218
-49
81
-81
-31
-40
-71
21
-47
39
-18
-11
-33
-95
-100
-158
-174
-153
-198
-91
-141
-27
-33
-14
66
-74
102
-169
66
-240
-5
-246
-59
-187
-64
-100
-25
-35
20
-6
46
-6
46
-7
39
0
37
11
42
8
35
-13
4
-40
-48
-45
-94
-16
-109
33
-83
71
-41
71
-15
34
-30
-15
-77
-39
-129
-21
-151
26
-134
73
-87
95
-41
84
-8
52
2
19
1
-8
-1
-29
-11
-49
-35
-62
-73
-54
-106
-15
-112
47
-78
108
-18
134
37
112
56
57
24
5
-39
-13
-96
11
-119
57
-105
95
-72
103
-47
83
-35
58
-30
41
-17
31
13
13
42
-23
53
-75
33
-123
-6
-141
-38
-122
-41
-84
-14
-57
20
-60
35
-85
17
-108
-19
-101
-40
-63
-25
-8
33
21
101
2
146
-59
141
-139
96
-199
30
-221
-25
-206
-54
-171
-60
-140
-55
-119
-52
-107
-55
-94
-59
-71
-55
-38
-39
-4
-5
28
37
42
78
36
105
5
104
-42
64
-83
-11
-94
-90
-58
-139
23
-129
119
-63
189
35
200
121
144
160
53
145
-35
97
-85
48
-89
28
-65
34
-34
54
-12
73
12
95
46
136
91
206
124
298
118
374
54
395
-54
342
-163
227
-224
103
-216
13
-153
-16
-76
1
-27
29
-19
36
-31
21
-35
6
-6
23
42
74
80
139
77
175
33
155
-21
82
-45
-10
-10
-71
73
-77
163
-37
209
5
189
10
119
-42
39
-130
-8
-214
-8
-253
23
-238
47
-193
35
-153
-13
-141
-71
-158
-105
-177
-98
-168
-62
-123
-23
-58
-14
-12
-45
-8
-91
-52
-122
-115
-111
-158
-64
-159
-10
-123
13
-81
-10
-64
-66
-84
-124
-123
-146
-142
-128
-117
-93
-51
-79
23
-106
58
-163
40
-208
-18
-196
-64
-115
-52
5
31
106
153
133
252
70
270
-49
192
-163
52
-209
-88
-165
-166
-59
-152
57
-67
125
42
120
122
54
146
-30
115
-91
59
-94
16
-41
18
45
66
124
145
165
218
151
253
91
227
16
146
-37
39
-40
-53
3
-99
71
-92
128
-54
144
-11
117
7
66
1
15
-16
-16
-26
-25
-28
-31
-25
-40
-37
-47
-62
-34
-86
10
-78
81
-25
144
62
163
141
122
175
35
146
-52
71
-96
1
-82
-29
-32
-6
12
42
18
76
-16
66
-57
26
-69
-14
-33
-20
30
16
88
76
107
124
87
138
45
119
11
88
-3
67
-1
61
-3
57
-13
44
-29
26
-30
20
-14
44
8
95
8
145
-33
156
-109
107
-179
8
-199
-93
-139
-148
-21
-122
112
-25
203
97
216
197
156
238
51
217
-56
150
-133
63
-167
-19
-159
-80
-122
-108
-64
-103
-11
-70
23
-32
22
-11
-8
-28
-45
-74
-62
-123
-42
-146
4
-126
48
-78
61
-35
30
-21
-21
-39
-53
-59
-47
-44
-10
19
18
104
-1
164
-71
155
-158
76
-205
-28
-180
-102
-83
-110
32
-64
105
-15
105
-16
49
-92
-13
-217
-23
-337
33
-395
136
-374
238
-289
296
-178
289
-75
230
-1
141
39
45
48
-33
33
-86
8
-101
-11
-78
-2
-36
34
-3
79
-6
93
-52
43
-112
-65
-135
-192
-81
-267
47
-243
197
-118
293
54
286
192
175
250
13
220
-126
146
-197
81
-203
51
-177
40
-160
16
-153
-41
-130
-114
-67
-161
42
-155
159
-98
237
-33
250
0
211
-16
167
-47
153
-47
168
6
171
93
114
150
-13
122
-168
1
-272
-159
-264
-274
-139
-283
42
-182
189
-30
236
86
181
114
76
52
-13
-52
-40
-134
-13
-173
31
-170
54
-158
36
-164
-5
-192
-40
-223
-45
-240
-24
-224
13
-182
47
-124
68
-63
75
-9
65
31
42
42
9
18
-18
-35
-20
-95
16
-129
81
-119
154
-71
193
-17
180
6
122
-22
57
-91
25
-163
51
-195
117
-172
186
-110
218
-41
201
-2
144
-2
76
-33
23
-73
-8
-105
-26
-131
-37
-153
-39
-165
-27
-155
6
-109
47
-30
70
62
62
130
23
146
-20
114
-23
59
35
27
150
43
285
104
392
179
441
224
421
214
364
148
302
55
261
-37
239
-103
225
-143
199
-163
155
-175
100
-177
49
-163
9
-122
-23
-55
-58
22
-106
85
-174
112
-241
93
-286
37
-286
-27
-231
-69
-136
-78
-30
-57
54
-28
94
-18
92
-40
70
-86
53
-134
59
-152
76
-132
84
-83
62
-34
6
-4
-64
1
-122
0
-144
19
-135
67
-117
129
-119
175
-148
172
-178
118
-177
50
-117
8
-2
28
123
