-309
199
197
-306
259
206
-324
-223
-327
-206
149
-331
306
138
110
-349
100
-349
337
85
59
-361
343
45
344
25
346
6
-375
6
-375
30
-66
-359
62
352
83
349
103
341
-348
133
315
-154
-329
171
-203
-307
284
-209
-235
-281
-279
242
246
256
-249
273
-233
287
-308
-204
-318
-187
311
170
-335
-150
-138
336
-349
-113
-99
349
-78
354
354
51
-35
361
-364
-11
8
361
28
360
-59
-356
71
354
346
-95
339
-116
132
337
-329
154
-322
172
188
305
-214
-293
-286
224
238
268
255
255
-241
272
218
-285
293
204
-313
-188
315
167
326
150
-341
-132
-115
342
86
-353
351
69
-361
-50
-362
-30
-8
359
-359
12
-361
34
-57
-358
353
-77
346
-99
341
-119
134
332
-329
155
172
315
189
303
210
293
-284
226
-244
-268
251
-260
-239
271
283
221
-300
-206
307
185
318
166
-333
-150
128
-338
109
-344
-351
-92
-357
-68
354
47
-363
-28
4
-361
-17
-363
35
358
-56
-359
-79
-354
-349
97
339
-119
137
333
-327
156
-176
-319
-195
-307
-297
210
-282
229
266
-244
-254
258
-238
274
218
-286
-301
-204
-187
312
-322
-169
-149
327
-130
337
-111
344
-351
-89
-356
-69
357
46
-1
-1
-2
-1
0
-1
-1
-1
-1
1
-1
0
-1
0
0
-1
-2
-1
-1
-3
-2
0
-1
0
-2
-3
-1
-2
-1
-1
-2
-1
-2
-1
-1
0
-1
-1
0
-2
-1
0
-1
-1
-2
-1
-1
-1
-1
-1
-1
0
-1
-1
-1
-1
-1
-1
-2
-1
-2
-1
-1
-1
-1
-1
-1
-1
-3
-1
-2
-1
-2
-1
-2
0
-3
1
-2
-2
-1
-1
-1
0
-2
-1
-1
-1
-1
-2
-1
1
-1
-1
-1
0
-4
1
-1
-1
-1
0
0
-1
-1
0
-1
0
-3
1
0
0
-1
1
0
0
0
0
0
-1
-1
-1
0
-1
-1
1
0
-2
0
-1
-3
0
0
-2
-1
-1
-1
-1
-1
-1
-1
-1
-2
-1
0
-2
-1
1
0
-1
-2
0
-3
-1
-1
-1
-1
-1
-1
-1
-1
-1
-1
-1
-2
-1
-2
-1
-3
-2
-2
-2
-1
-3
-1
-1
-2
-1
-3
-1
-2
-1
-3
-2
-2
-1
-4
-1
-1
-1
-2
-1
-4
-1
-3
-1
0
-1
-1
-1
-1
0
-1
0
-1
0
-1
1
-2
1
-2
-1
-1
0
-1
-1
-1
0
-3
0
-3
0
-1
0
-2
-1
-1
0
-2
0
-1
0
-1
-1
-2
0
-1
-1
-2
2
-1
1
-3
0
-2
-1
-2
-1
-1
-1
0
0
-2
-1
-1
0
-2
-1
-2
-1
-2
-1
0
-1
-1
-1
1
-1
0
-1
-1
0
-1
-1
-1
-1
1
1
0
-1
0
0
-1
-1
-2
-1
0
-1
-2
-1
-1
2
-1
-1
0
0
-2
-1
-2
-1
1
-1
0
-2
0
-1
-1
-4
-1
-1
1
-1
-2
-1
-1
-1
-2
-3
-3
-1
-1
-1
-2
-1
-1
-2
-3
0
-1
-1
-1
-1
-2
-1
-1
-2
-1
-4
-2
-1
-1
-2
-1
-1
-2
-1
-1
-2
-2
-3
-1
-1
-1
-2
-3
-3
-2
-1
-1
-1
-2
-1
1
-1
-2
0
0
0
-4
0
-3
-1
-2
0
-3
-3
-4
-2
-2
-1
-1
-1
-1
-1
-3
-1
-4
-1
-3
-1
-4
-2
-1
0
-2
-1
-1
-1
-1
-2
-3
-1
-1
-1
-3
-1
-2
-1
-2
-1
-1
1
0
-1
-1
1
-3
1
-4
-1
-1
0
-2
-1
-3
0
-2
1
-3
-1
-2
0
-1
0
-3
1
-2
-1
-1
1
-2
1
-1
0
-2
-1
-1
-1
-1
1
-1
-1
-3
0
-1
-1
-1
-1
-1
1
-1
-1
-1
-1
-1
0
1
-1
-1
1
-1
1
-1
0
-1
0
-1
0
-1
0
-2
-1
-1
0
0
0
0
-1
-2
0
-1
1
-3
-1
0
-1
0
-1
0
-1
-1
-1
0
-2
0
0
0
-1
-1
-1
-1
0
-1
-1
1
-3
0
-1
1
-1
-1
0
-1
-3
0
-1
-1
-1
-1
-2
0
-1
-1
-1
0
0
-1
-1
-1
-1
0
-1
-1
-1
-2
-1
-4
-1
0
-1
-4
-2
-1
0
-1
-1
-3
0
-3
-1
-1
-1
-1
-1
0
-1
-1
-2
-1
-2
-2
-1
-1
0
-1
1
-2
-1
0
-1
-1
0
-1
-2
-1
-1
-1
1
-3
0
-2
-1
-4
0
-2
0
-2
0
-2
1
0
1
-3
1
-1
-1
0
-1
-1
-1
0
1
-1
-1
0
0
-2
0
-1
0
-1
0
0
0
-1
-1
-4
-1
-1
-1
1
-1
-1
1
-2
1
-1
0
-1
-1
-1
-1
0
-1
-2
0
-1
-1
0
0
0
-2
-1
-1
-3
-1
-1
-1
-2
-1
-1
-1
-1
-1
0
0
-1
-1
-1
-1
-2
0
-1
-1
-1
-1
-1
-1
-1
-2
-1
-1
-1
-1
0
1
-1
-1
0
-1
-1
-1
-1
-1
-1
0
-1
1
-1
0
-1
-1
-2
-2
-1
0
-1
-1
0
-1
-2
-1
-1
-1
-1
0
1
-1
-1
-2
-1
0
0
0
1
0
-1
0
-1
-1
-1
0
-3
-1
-1
-1
0
0
-2
-1
-3
0
1
0
-1
-1
-2
-1
-1
0
-1
-1
-1
1
-1
0
0
1
-2
-1
0
-2
-3
0
-1
-2
-1
-1
-1
0
-1
-1
0
0
-1
0
-1
0
-2
-1
-1
-1
-1
0
-1
0
0
-1
0
-1
-1
-1
-1
1
0
-1
-1
0
-3
-2
-1
0
0
-1
-2
-1
-2
-1
-1
0
-1
-1
-1
-1
-1
0
-1
-1
-1
-1
-2
-1
-1
-2
-1
-1
-1
1
-1
1
0
-1
-1
-1
-1
-2
-1
-1
-1
0
-1
-1
-1
0
0
0
-2
1
-1
-1
-3
0
-1
0
0
0
0
-1
-1
-1
-1
-1
0
-1
-1
1
-1
1
-1
-1
-1
-1
-1
1
-1
-2
-1
-1
-1
-1
-1
-2
-1
1
0
-1
-2
-1
-1
0
-1
0
-2
1
-1
1
0
1
-1
-1
-1
1
0
-1
-1
-1
-1
-1
-1
-1
-1
-1
-1
1
0
0
-1
0
1
-1
1
-1
-2
1
-1
0
-1
1
-1
-1
-1
-1
-1
1
-1
-1
-3
-2
-1
-1
-2
-1
-1
-1
-1
-1
1
-1
0
-1
-1
0
-1
-1
-2
-1
-3
0
-1
-1
1
-1
-1
0
-1
-1
-1
-1
-1
-1
-1
-1
-1
0
-1
0
-1
0
1
0
-1
-1
1
0
1
0
-1
0
-2
1
-3
0
0
-1
-1
-1
-1
-1
-1
0
-2
-1
-1
1
-1
-1
0
0
0
-1
-3
1
-1
0
-1
-1
-1
-2
-1
-2
-1
0
-2
1
-1
0
-1
0
-1
-1
-2
-1
1
-1
-1
0
-1
0
0
-1
0
1
1
0
-1
-1
-2
-1
0
-1
-1
-1
0
-1
0
-2
-1
0
0
1
-1
0
-1
-1
-1
-1
-1
0
0
-1
0
-1
-1
0
-1
-1
-1
0
-1
0
0
-1
0
-1
-2
1
0
-1
-1
0
-1
0
-1
-3
-1
-1
0
-1
-1
0
-1
-1
-1
0
-1
1
-3
1
-1
1
-1
-1
-1
-1
0
0
-1
-1
-1
-1
-1
-1
1
-1
-1
0
-1
0
-1
0
-1
-1
-1
-1
1
1
-1
0
0
0
-1
-2
-2
-1
0
0
-1
2
-1
0
0
0
-1
-1
0
1
1
1
-1
-1
1
1
-2
1
-1
0
-1
-1
0
-1
0
1
-1
0
-1
1
-1
0
0
1
-1
0
1
-1
-1
-1
-2
1
0
-1
-1
0
-1
-1
-1
-1
-1
1
-1
1
1
1
-2
-1
-1
-1
0
-1
-1
-1
-1
-1
-1
1
0
0
-1
-2
-1
0
-1
0
0
0
-1
0
-1
-1
0
1
0
1
-3
-1
-1
-1
0
1
-1
-2
-1
1
0
0
0
-1
-1
1
0
-1
0
-1
0
1
0
1
1
0
-1
-1
-1
-2
-2
0
0
-1
-1
1
-1
0
-1
-1
-1
-1
-1
1
-3
-1
-1
0
-1
1
-1
1
-1
-1
-1
-1
-1
-1
-1
0
0
0
1
1
0
-1
-1
-1
0
1
-1
-1
-1
0
1
-1
-1
-1
-1
-1
-1
0
-1
0
-1
0
-1
-1
-2
-1
-1
-1
1
-1
0
-1
-1
-1
-1
0
-1
0
-3
-1
-1
-1
-1
-2
-1
-1
-1
0
1
-1
-1
1
-1
0
-1
-1
1
0
-1
2
-1
1
-1
-1
1
2
0
0
0
-1
1
0
-1
-1
-1
0
0
-1
1
-2
-1
-1
-1
0
0
1
-2
1
-1
2
-1
1
-1
1
-1
-1
-1
-2
-2
-1
0
-1
-1
-1
1
-1
1
1
-1
1
0
-1
0
1
0
-1
-1
-1
-1
-1
-1
0
1
-1
-1
-1
1
-1
-1
-1
-2
1
-1
0
1
-1
-1
-1
0
1
0
-1
1
-1
-1
0
0
0
0
-1
-1
1
-1
1
0
0
0
-1
-1
0
-1
-1
0
1
0
-2
-1
0
-1
0
0
-1
-1
-1
-1
0
-1
1
-1
0
-1
0
-2
-1
-3
0
-1
0
-1
0
-1
0
-1
1
-1
-1
-1
-1
-1
1
-1
1
-2
-2
-1
-1
0
-1
-1
1
-1
0
-1
-1
0
-1
-1
-1
-1
-1
-2
1
-2
0
-1
-2
-1
1
-1
1
-1
-1
-1
1
-2
-1
-2
0
-1
-1
-1
1
-1
-1
-1
1
0
3
-1
0
1
0
-1
1
-1
0
-1
-1
-1
-1
-1
1
-1
1
0
0
-1
-1
-1
-1
-1
2
-1
-1
-1
0
-1
0
1
-1
0
-1
-1
-1
0
0
-1
-1
-1
-1
-1
-1
0
0
-1
0
0
1
-1
0
-1
-1
-1
0
-1
1
-1
0
1
-1
-1
0
0
-1
0
1
1
1
1
-1
-1
-1
1
0
0
-1
0
0
-1
1
0
0
-1
0
1
1
1
1
-1
-2
1
-1
-1
-1
0
-1
-1
1
-1
-1
1
-1
-1
-1
0
-1
-1
-1
-1
1
-1
-1
-1
-1
-1
-1
-1
0
-1
1
-1
-1
0
-1
-1
0
-1
-1
-1
-1
-1
1
-1
-1
-1
-1
1
0
1
-3
-1
1
0
0
-1
0
0
-1
-1
1
0
0
-1
-1
-1
-1
0
-1
-1
-1
-1
0
-1
0
-1
-2
0
0
1
-1
-1
-1
-1
-1
-2
-1
-1
1
-1
-1
-1
1
0
3
-2
0
-1
1
-1
-1
-1
0
0
0
-1
-1
1
1
-1
-1
-1
-1
-1
-1
-1
-1
0
1
1
1
1
0
0
1
-1
1
0
0
0
0
3
-1
0
-1
-1
0
1
-1
0
0
0
1
0
0
0
1
-1
-1
-1
-1
-1
-1
-1
-1
-1
1
0
-1
1
0
0
0
0
-1
-1
-1
0
-1
-1
-1
-1
0
-1
0
0
0
-1
0
1
-1
-1
-1
-1
-1
0
0
1
-1
1
-1
-1
-2
-1
1
-1
-1
0
0
-1
-1
1
0
1
-1
-1
-1
1
-2
0
1
-1
-1
-1
-2
-1
1
-1
1
0
-1
0
0
1
-1
-1
-1
-1
-1
-1
-1
0
-1
0
0
-1
1
-1
-1
-1
-1
-1
-1
-1
-1
-1
1
-1
-2
-1
-1
-1
-1
0
0
0
-1
0
-1
-1
1
-1
-2
-1
0
-1
-2
-1
-1
0
-1
-1
0
-1
-2
1
-1
1
-1
0
-1
0
-1
1
-1
0
0
-1
-1
0
-1
1
1
-1
-2
-1
-1
1
-1
-1
0
-1
-1
1
0
1
-2
-1
1
-1
0
-1
-1
0
-1
-1
0
-1
-1
-1
1
1
-1
1
-1
-1
-1
0
-1
0
-1
-1
1
0
0
0
-1
-1
0
-1
1
-1
-1
-1
0
-1
1
0
-1
0
-1
1
-1
-1
1
0
-1
0
-1
0
-1
-1
-1
-1
0
-1
-1
1
-1
-1
-1
-1
0
-1
-1
1
1
-1
1
0
0
1
-1
1
-1
0
-1
1
0
0
-1
0
-1
0
-1
1
0
0
-1
-1
-1
0
0
-1
1
0
-1
1
1
0
-1
-1
1
1
0
0
-1
-1
-1
1
-1
-1
-1
1
-1
-1
0
-1
1
-1
-1
0
-1
0
1
0
-2
0
-1
-1
0
-1
1
0
-1
0
0
1
-1
0
-1
1
0
-1
-1
0
0
0
0
1
0
0
-1
-1
-2
-1
-1
-1
-1
-1
0
1
0
0
0
1
1
-1
-1
1
0
1
-1
0
-1
0
-2
1
-1
-1
0
0
-1
0
0
-1
-1
0
0
-1
-3
-1
-1
1
0
-1
-1
0
-1
0
0
-1
-1
-1
0
0
-1
-1
-1
0
-1
-1
-1
1
1
0
-1
-1
-1
0
0
0
-1
-1
1
0
-1
1
-1
1
-1
0
-1
-1
1
-2
0
0
0
-1
0
-1
-1
0
-1
-1
-1
-1
0
1
-1
1
-1
1
-1
-1
0
1
-1
-2
0
-1
-1
1
-1
-1
0
0
-1
-1
-1
-1
0
0
0
-1
-1
-1
-1
1
-1
-1
-1
-1
0
-1
-1
1
0
0
0
1
0
0
-3
1
-1
1
0
0
-1
0
0
-1
-1
-1
0
-1
-1
-2
0
1
0
0
-1
-1
-1
-1
0
-1
0
1
-1
-1
-2
-1
-2
0
0
-1
1
0
1
-1
0
-1
-1
-1
1
1
0
1
-1
1
-1
1
-1
0
0
1
-1
0
-1
0
0
-1
0
-1
0
0
0
1
-2
0
1
1
0
-1
1
-1
-1
0
-1
-1
-1
0
-1
-1
-1
0
0
-2
-1
-1
1
-1
0
1
0
-1
-1
0
-1
-1
-1
0
-2
0
0
0
-2
0
-1
1
-1
-1
-1
-1
-1
1
0
0
1
1
-1
0
-2
1
-2
0
-1
1
-1
-1
-1
1
-2
0
-1
-1
-1
-1
-2
1
-2
1
-1
-1
-1
0
-1
0
-2
-1
-1
-1
-1
0
-1
2
-1
0
-1
-1
1
-1
-1
-1
-1
0
-2
0
0
0
-1
0
-1
1
-1
0
0
0
1
-1
-1
0
-2
-1
-1
0
-1
-1
-1
-1
-1
0
0
-1
-1
1
0
-2
-1
-1
0
-1
1
0
1
-1
0
1
0
1
-1
0
-1
1
-1
0
-1
0
-1
-1
1
0
-1
1
0
-1
-1
0
-1
0
-1
1
0
-1
-1
0
-1
1
0
0
-2
0
-1
-1
0
0
-3
-1
-2
0
-1
-1
1
0
-1
0
0
-1
-1
1
-1
-3
0
0
-3
0
-1
-2
-1
0
0
-1
-1
0
-2
0
0
0
-1
0
-1
-1
-1
0
-1
-1
0
0
-1
-1
0
1
-2
-1
-2
1
-1
0
-1
-2
-1
1
-1
0
-1
1
-1
1
0
-1
-1
1
-1
0
0
-2
-2
-1
-1
-1
-1
0
1
0
-1
0
-1
-3
1
-1
1
-1
-1
0
-1
1
-1
-1
0
-1
0
0
-2
0
0
-1
-1
0
-1
0
-1
1
-2
0
-1
0
-1
-1
-3
-1
-1
0
-1
0
0
-1
-1
-1
-1
-1
-1
0
-1
0
-1
1
0
0
0
0
-1
-1
-1
-1
-1
-1
0
0
-1
-1
-1
-1
1
-1
0
-1
-2
1
-2
-1
-1
-1
-1
0
-2
0
-1
0
0
-1
-1
1
-1
0
0
0
-1
0
0
-1
-1
-2
0
0
0
0
-2
1
-1
-1
1
-1
-1
0
-1
-1
-2
0
-1
0
-1
1
0
-1
0
-1
-1
-1
1
-1
-1
0
-1
0
-1
-3
0
0
0
1
1
-1
-3
1
-1
1
-1
-2
-1
-1
-1
0
0
1
-1
1
-1
1
1
0
-1
-1
0
1
1
0
0
1
0
1
-1
1
-1
-1
-1
0
0
0
-1
0
0
-1
-1
-1
0
0
-1
-1
-2
-1
-1
-1
-1
0
-1
1
-1
1
-1
0
1
0
-1
-1
0
-1
-1
0
-1
-1
0
0
0
1
0
-1
-1
-1
-1
-1
0
1
-3
0
-1
0
0
-1
-1
-1
-2
0
-1
-1
0
-1
-1
1
-2
0
-1
1
-1
1
-1
-1
-1
-1
0
-1
-1
-1
-2
-1
-1
0
-1
-1
0
1
-2
-1
-2
-1
0
-1
0
-1
0
-1
-1
0
-1
0
0
1
-1
0
-1
1
-1
1
-1
-1
-1
0
1
-1
-1
-1
-1
-2
-1
-1
-1
0
-3
-1
-2
-1
-2
1
-1
0
-1
-1
-3
1
-3
0
-1
1
-1
-1
-3
0
0
0
-1
1
-1
-1
-1
1
-3
0
-2
1
-2
-1
-1
0
-1
0
0
-1
-3
1
-3
1
1
-1
-1
-1
-2
0
-1
-1
-1
0
-3
-2
-1
0
-1
1
0
1
-1
0
-1
0
0
-1
-1
2
-1
-1
-1
1
-1
-1
-1
-1
-1
-1
-3
1
-2
0
-2
0
-1
1
-2
1
-1
-1
-1
-1
-3
-1
-1
1
-1
0
-1
-1
-1
0
-1
0
-3
0
0
0
-2
1
-1
0
1
0
-1
1
-1
-1
-1
1
0
-1
-1
0
-1
1
-1
1
-1
-1
-2
0
-1
0
0
-1
0
-1
-2
-1
0
0
-2
-1
-1
1
-1
-2
-2
1
-1
0
-1
-1
-1
0
-3
1
-3
-1
-1
-2
-1
-1
-1
1
-2
-1
-1
0
-2
-1
-2
0
-1
-1
-1
-1
-2
-1
-2
-1
-1
-1
-1
-2
-2
0
-2
-1
0
0
-1
-1
-1
0
-1
0
0
-2
-1
-2
-1
-1
-2
-1
-1
-1
-1
-1
0
-1
0
0
-2
-1
0
-1
-2
-1
-1
0
0
-1
-1
0
-2
0
-2
1
-1
1
-3
0
-2
1
-1
-2
-1
-1
-2
1
-1
-2
-1
-1
0
-2
-1
1
-1
-1
-2
-1
-1
0
-3
0
-2
0
-1
0
-1
-1
0
0
-1
0
-2
-1
-2
-1
-2
0
-1
0
-1
1
-1
-1
-1
-2
-4
0
-1
-1
-1
0
-1
0
-1
1
0
-1
-4
1
-1
-1
-1
-1
0
-1
-1
-1
-1
-1
-2
-1
-1
-2
-4
0
-1
0
-4
-1
-1
-1
-2
0
-2
0
-1
1
-3
-1
-1
-1
0
-1
-1
0
-3
1
-1
-2
-1
-1
-3
-1
-2
-1
1
-1
-1
-1
-3
0
0
-1
-1
0
-2
0
-1
-1
0
-1
0
1
-1
1
-1
0
-2
1
-3
-1
-2
-1
-2
0
-2
-1
-1
-42
356
-362
-25
-363
-4
-361
18
359
-42
-61
-359
79
351
346
-103
122
337
-141
-334
161
324
-315
178
301
-199
-216
-292
-281
231
-265
245
247
-263
231
-278
-290
-218
-200
301
311
179
-165
320
-146
331
337
124
104
-344
-86
350
356
64
41
-359
-23
359
-360
-2
-358
21
-43
-361
-64
-357
351
-83
-105
-346
341
-126
140
332
322
-161
-314
180
-199
-303
289
-216
279
-233
-250
-264
-264
-249
-232
274
-291
-216
-199
300
-181
312
163
-324
143
-332
122
-341
-347
-105
82
-352
-356
-63
360
40
-21
359
0
-361
-21
-362
43
358
62
354
83
349
346
-105
339
-124
-144
-333
-322
163
182
312
-199
-305
217
288
-233
-276
247
260
247
-262
233
-279
214
-291
199
-303
182
-315
162
-325
331
139
-341
-124
-346
-105
353
80
356
59
-359
-42
-19
358
-363
1
-361
21
42
358
65
351
-353
83
106
341
125
336
330
-148
321
-166
-312
181
-201
-303
-289
215
276
-236
-248
-264
264
244
278
229
-290
-217
-199
300
-313
-184
-324
-163
332
140
339
120
345
99
-83
351
356
57
359
37
-363
-21
-363
0
360
-25
-360
41
-66
-356
-352
83
-346
103
124
337
-146
-332
-164
-322
311
-185
-202
-303
-288
218
-235
-276
-250
-264
-266
-245
-279
-230
211
-294
194
-304
-180
313
-162
323
332
140
341
119
345
99
-83
353
355
58
37
-360
-361
-18
4
362
360
-25
358
-46
65
354
350
-88
-344
106
-338
125
146
329
-167
-322
311
-185
-301
201
-218
-288
235
274
-260
248
-245
265
279
229
-292
-213
-195
301
-176
314
325
157
139
-335
341
120
-349
-98
350
78
-57
354
-38
359
18
-363
4
358
-360
25
48
358
-356
66
-350
88
108
344
338
-129
-148
-330
166
318
-187
-312
-298
202
287
-222
-272
235
-252
-260
-267
-245
279
227
-293
-213
195
-306
-177
313
158
-326
136
-335
-342
-119
-349
-100
-78
352
-356
-60
36
-363
362
15
4
361
-362
25
-49
-361
-355
66
-351
88
-110
-345
-338
128
-148
-330
-168
-321
-187
-311
203
294
221
284
272
-238
251
255
267
243
-228
280
-296
-213
-195
305
175
-319
-157
324
135
-337
-344
-119
-350
-100
76
-355
-58
357
-38
356
-362
-16
-9
-363
-29
-363
-358
45
-70
-357
-353
87
-346
107
335
-132
326
-151
168
318
185
307
-206
-299
-222
-287
270
-239
253
256
-269
-243
224
-285
207
-295
-194
305
170
-318
324
153
136
-335
342
114
94
-347
-76
353
-358
-54
-35
357
-362
-14
361
-8
-362
28
-52
-359
-354
71
-93
-350
-115
-344
130
337
-329
151
317
-169
308
-188
-297
205
284
-223
240
272
-253
-253
269
242
-282
-223
-294
-210
-306
-190
317
175
326
154
134
-337
-342
-116
-349
-96
-354
-74
-356
-54
-359
-33
12
-362
11
360
-28
-361
-50
-358
356
-71
94
347
-340
110
338
-134
330
-153
173
316
-305
187
-296
204
225
281
272
-241
-255
251
-240
266
226
-287
-206
291
-306
-193
173
-322
327
150
-334
-138
113
-349
-349
-98
-356
-78
53
-362
360
28
-361
-16
-9
-366
356
-37
-54
-361
-358
68
346
-98
340
-119
-338
129
325
-156
-173
-320
-192
-310
292
-211
-286
221
-243
-274
