-103
-30
-74
13
-15
42
53
45
111
23
147
-15
153
-60
125
-100
75
-122
15
-119
-35
-88
-57
-52
-42
-30
-12
-47
1
-104
-30
-173
-108
-212
-195
-179
-235
-78
-194
41
-59
126
111
115
239
7
260
-139
170
-260
18
-284
-122
-204
-180
-57
-146
82
-47
162
60
164
140
111
180
37
191
-31
192
-89
187
-143
168
-197
124
-243
53
-255
-24
-219
-84
-139
-104
-31
-83
73
-31
150
30
187
82
183
112
147
107
86
66
23
-3
-22
-79
-37
-137
-18
-155
18
-122
45
-59
34
4
-21
38
-103
33
-179
-1
-224
-35
-230
-52
-211
-49
-186
-41
-166
-42
-150
-52
-127
-65
-83
-61
-27
-33
27
13
63
64
71
103
60
130
40
148
17
158
-10
163
-47
149
-87
112
-122
62
-133
18
-120
-8
-93
-15
-71
-16
-65
-32
-69
-69
-62
-111
-20
-124
58
-83
146
9
204
124
198
209
129
231
30
182
-51
95
-76
13
-35
-24
47
-5
129
56
180
132
181
191
142
221
80
222
21
205
-27
185
-54
170
-70
161
-82
154
-97
136
-111
103
-112
61
-91
25
-42
16
23
37
80
78
104
107
85
100
41
50
4
-20
4
-71
43
-75
98
-33
126
25
106
56
47
40
-16
-7
-40
-48
-8
-45
54
8
105
87
109
144
60
146
-13
100
-66
33
-79
-20
-59
-42
-33
-42
-25
-38
-37
-45
-53
-49
-52
-37
-36
13
-18
86
-23
157
-55
200
-101
208
-133
194
-129
184
-88
190
-28
209
29
229
71
234
102
228
128
216
147
200
153
176
140
131
116
68
100
5
107
-28
134
-15
153
28
130
60
57
42
-38
-33
-104
-132
-103
-197
-30
-194
64
-132
123
-65
117
-47
69
-92
37
-158
64
-182
150
-122
231
-1
238
104
142
115
-13
16
-139
-143
-155
-258
-49
-257
116
-139
233
21
235
123
129
107
-8
-7
-83
-143
-52
-218
55
-198
165
-119
206
-47
164
-37
78
-86
13
-152
7
-178
49
-142
96
-63
103
10
57
42
-14
23
-69
-14
-78
-40
-45
-29
2
11
28
52
16
67
-29
42
-86
-18
-129
-99
-142
-179
-120
-233
-66
-245
6
-204
74
-127
112
-34
103
42
55
70
-6
54
-40
21
-22
10
49
49
142
141
211
253
222
342
170
373
80
340
-8
265
-64
185
-78
120
-62
83
-40
64
-25
55
-18
45
-14
40
-8
42
3
51
16
68
28
88
37
115
37
138
24
148
-6
136
-48
91
-92
18
-110
-65
-91
-125
-32
-139
42
-103
98
-44
110
6
75
16
17
-15
-24
-62
-23
-86
17
-68
65
-16
87
32
59
42
-4
-4
-66
-91
-88
-175
-54
-219
18
-207
90
-156
124
-99
113
-69
75
-67
47
-67
49
-41
83
35
110
145
98
249
25
299
-94
276
-214
191
-286
87
-292
9
-240
-17
-172
-4
-126
15
-120
8
-140
-31
-151
-82
-126
-107
-66
-83
9
-11
57
76
52
136
2
144
-61
98
-98
30
-85
-26
-20
-45
69
-25
146
12
184
36
180
24
151
-30
122
-111
117
-188
145
-238
197
-241
252
-200
276
-141
252
-93
182
-78
88
-104
6
-144
-36
-168
-34
-151
-10
-87
2
-9
-26
42
-87
45
-150
4
-170
-40
-127
-42
-37
17
54
117
100
211
80
252
16
228
-48
158
-71
90
-47
53
-1
52
30
59
26
45
-8
-1
-35
-57
-29
-88
10
-70
60
-5
87
79
70
148
15
185
-54
188
-115
170
-153
141
-168
102
-165
52
-135
3
-78
-28
8
-21
103
27
173
93
190
142
148
146
76
101
8
34
-28
-23
-25
-45
-8
-37
1
-21
-4
-10
-13
0
-10
23
6
66
19
117
6
142
-37
119
-85
50
-101
-25
-61
-61
21
-34
90
28
98
66
33
33
-64
-75
-124
-202
-96
-271
17
-235
156
-105
235
54
214
161
109
177
-18
124
-104
53
-125
6
-106
-11
-92
-30
-100
-79
-114
-152
-92
-208
-14
-191
91
-91
167
53
153
168
45
187
-103
114
-207
6
-213
-60
-124
-31
-8
70
61
180
40
228
-46
185
-139
80
-178
-30
-151
-98
-86
-115
-27
-111
-3
-107
-8
-116
-17
-115
-13
-86
-4
-30
-21
24
-75
38
-151
-3
-206
-73
-197
-124
-115
-110
7
-26
106
93
137
187
93
216
5
177
-74
100
-112
27
-106
-16
-74
-34
-46
-33
-26
-28
-7
-12
18
23
45
77
60
137
48
176
10
178
-35
149
-67
107
-80
69
-82
33
-95
-18
-126
-98
-153
-202
-146
-287
-79
-305
28
-229
132
-76
168
89
107
197
-30
206
-179
132
-267
30
-260
-35
-170
-30
-58
23
16
77
25
86
-16
34
-61
-55
-77
-138
-54
-179
-19
-173
0
-141
-18
-112
-68
-96
-124
-90
-161
-73
-170
-34
-156
27
-134
97
-119
154
-112
185
-109
187
-99
162
-81
113
-51
49
-16
-28
22
-104
69
-167
118
-200
165
-195
191
-154
181
-93
124
-35
27
-5
-95
-13
-211
-55
-288
-112
-307
-153
-262
-158
-173
-115
-68
-37
13
53
49
123
35
146
-18
115
-84
35
-141
-70
-165
-176
-155
-259
-110
-295
-40
-278
40
-204
107
-83
141
50
126
161
71
217
0
214
-43
174
-29
140
47
143
153
193
244
260
276
301
244
279
175
199
112
93
91
6
109
-32
134
-30
136
-16
104
-20
54
-40
23
-57
32
-38
73
30
111
122
115
199
71
226
4
197
-49
138
-64
86
-45
57
-19
39
-20
2
-44
-68
-71
-161
-61
-240
-2
-259
89
-211
168
-122
192
-35
156
7
85
-1
28
-33
13
-52
41
-30
82
24
101
82
78
111
21
100
-39
59
-79
8
-86
-29
-62
-37
-24
-16
17
32
44
93
49
156
23
199
-28
202
-93
161
-143
91
-153
24
-120
-11
-57
-6
3
23
30
49
16
49
-21
24
-54
-7
-74
-25
-82
-26
-103
-35
-142
-71
-187
-139
-205
-215
-165
-252
-67
-221
49
-126
137
-6
163
92
127
134
70
133
32
118
26
122
40
146
41
164
14
149
-30
95
-59
26
-43
-18
13
-18
78
17
113
49
106
46
79
8
69
-36
102
-42
165
3
223
79
229
143
179
151
98
107
38
45
30
4
69
14
117
61
133
105
96
112
31
69
-32
-4
-60
-73
-51
-117
-23
-136
1
-142
11
-150
7
-153
6
-148
7
-127
4
-94
-14
-64
-47
-44
-88
-40
-115
-37
-130
-30
-131
-18
-132
-13
-136
-27
-134
-53
-112
-76
-68
-78
-11
-55
30
-28
42
-25
26
-55
14
-104
30
-134
83
-122
148
-64
187
6
173
42
117
25
59
-31
44
-84
87
-90
164
-41
229
37
250
100
217
122
158
104
109
73
88
54
87
50
85
47
71
27
60
-3
74
-20
122
6
187
78
236
168
232
231
173
234
90
180
20
98
-8
21
-1
-35
12
-79
16
-132
10
-189
18
-223
56
-202
108
-120
127
-5
79
76
-40
77
-178
-1
-258
-102
-229
-139
-100
-70
55
88
148
254
127
332
13
282
-110
128
-157
-47
-90
-158
66
-170
235
-94
346
4
363
76
308
95
221
74
140
36
83
-7
52
-45
40
-77
55
-95
98
-76
161
-16
217
72
231
151
190
184
105
148
16
56
-37
-49
-33
-126
18
-158
81
-145
130
-109
147
-66
138
-23
108
21
58
54
-15
61
-105
24
-194
-58
-252
-160
-252
-243
-194
-283
-100
-271
-8
-230
53
-189
86
-159
110
-132
141
-82
180
0
201
100
180
184
108
219
5
195
-85
139
-132
80
-124
54
-83
62
-40
89
-15
116
-7
132
-8
148
-8
168
-13
188
-37
194
-78
169
-119
118
-137
71
-114
58
-59
92
-11
151
-1
194
-40
185
-98
118
-128
31
-100
-28
-15
-28
82
18
142
68
143
81
100
42
59
-23
55
-66
91
-59
134
-12
146
47
111
81
42
78
-28
64
-70
59
-88
73
-105
91
-138
85
-186
37
-214
-35
-194
-92
-119
-97
-10
-46
81
33
121
92
105
105
63
76
32
34
33
11
54
14
66
26
52
18
16
-16
-16
-62
-17
-91
14
-83
52
-45
69
-9
57
3
28
-14
16
-37
37
-35
85
1
124
56
130
93
95
86
42
40
10
-11
16
-37
49
-21
74
18
64
47
16
43
-37
18
-65
8
-49
49
-8
144
13
263
-17
351
-97
382
-190
352
-245
303
-238
276
-182
286
-117
316
-84
322
-92
274
-113
179
-113
74
-66
1
12
-16
78
3
87
14
33
-21
-60
-105
-137
-207
-163
-274
-128
-272
-71
-207
-37
-122
-55
-66
-111
-62
-165
-98
-172
-135
-115
-130
-18
-76
76
4
124
66
121
82
88
49
66
-4
78
-35
116
-27
148
5
143
30
93
13
23
-39
-23
-98
-18
-122
36
-83
101
6
133
104
106
162
39
163
-31
122
-59
80
-39
70
9
97
41
129
29
129
-16
76
-62
-13
-68
-94
-18
-129
68
-101
145
-37
182
28
167
63
122
68
79
61
55
62
43
75
27
86
-5
74
-49
38
-79
-8
-76
-34
-47
-24
-14
13
-10
45
-46
41
-107
-7
-161
-79
-174
-141
-142
-167
-88
-152
-42
-122
-24
-98
-32
-94
-45
-98
-45
-94
-33
-74
-28
-49
-41
-43
-72
-71
-100
-122
-96
-165
-46
-168
33
-121
100
-42
122
25
88
43
19
8
-42
-62
-63
-124
-32
-149
25
-129
75
-82
92
-40
74
-19
39
-21
11
-28
1
-23
6
1
8
32
-5
54
-39
53
-77
30
-106
-5
-110
-29
-93
-33
-69
-19
-54
5
-59
21
-81
19
-112
4
-136
-20
-145
-41
-141
-57
-129
-74
-112
-96
-86
-122
-46
-141
16
-139
93
-106
162
-49
202
13
193
47
141
34
62
-25
-4
-106
-40
-178
-38
-219
-13
-225
11
-206
20
-185
17
-162
17
-136
30
-88
54
-15
76
71
73
146
36
187
-24
184
-83
141
-121
83
-125
34
-98
4
-56
1
-14
20
18
59
38
108
41
165
29
220
3
261
-29
285
-52
296
-58
301
-45
306
-18
307
7
291
28
249
49
187
83
120
136
69
193
45
233
33
233
14
192
-31
132
-95
87
-150
78
-156
98
-104
117
-5
100
98
35
165
-57
178
-137
152
-170
120
-148
107
-95
116
-37
122
3
112
28
83
52
47
86
30
117
37
122
48
81
37
6
-18
-74
-99
-118
-172
-105
-195
-45
-151
28
-52
69
64
63
157
16
207
-47
214
-100
194
-132
159
-144
117
-139
73
-120
35
-95
12
-64
8
-47
14
-52
15
-83
-10
-122
-62
-140
-117
-115
-146
-46
-122
42
-50
112
45
139
124
121
160
78
155
42
123
27
87
33
56
49
30
62
6
73
-11
89
-12
107
16
119
71
98
127
33
151
-69
125
-175
54
-240
-24
-248
-69
-206
-65
-146
-18
-109
35
-111
60
-141
41
-164
0
-146
-28
-84
-11
0
52
66
136
79
195
37
197
-32
138
-87
42
-89
-42
-37
-80
41
-65
101
-22
107
6
59
-9
-23
-73
-91
-151
-112
-197
-86
-184
-42
-110
-25
-16
-60
55
-142
72
-231
40
-281
-4
-268
-22
-202
2
-126
52
-73
89
-62
81
-72
23
-71
-57
-29
-124
48
-144
134
-119
191
-73
197
-32
154
-12
86
-16
16
-30
-42
-40
-81
-42
-98
-30
-100
-1
-93
47
-83
103
-86
146
-112
153
-155
112
-187
35
-181
-45
-120
-78
-24
-49
56
18
71
71
6
59
-105
-31
-201
-158
-227
-260
-170
-280
-73
-216
4
-113
9
-33
-52
-14
-132
-49
-180
-99
-172
-116
-122
-88
-73
-40
-57
-9
-76
-18
-98
-53
-93
-81
-42
-71
33
-13
98
69
124
139
105
171
64
159
28
118
18
69
41
25
89
-2
151
-8
211
11
257
46
271
83
239
95
165
67
70
-1
-18
-90
-72
-173
-93
-232
-92
-271
-85
-303
-71
-334
-37
-345
36
-309
141
-203
239
-37
281
132
233
243
110
257
-37
185
-140
87
-163
22
-124
16
-72
50
-59
72
-95
52
-144
-3
-165
-53
-139
-60
-87
-23
-56
21
-74
25
-130
-29
-170
-111
-154
-163
-76
-142
24
-56
77
45
52
97
-37
75
-132
9
-170
-40
-144
-30
-90
40
-66
117
-109
144
-197
96
-274
1
-286
-81
-220
-103
-108
-61
-11
14
38
78
34
109
3
109
-24
102
-42
98
-63
91
-102
57
-151
-6
-184
-81
-174
-133
-119
-127
-47
-69
4
5
-1
52
-47
49
-101
11
-124
-29
-101
-40
-47
-11
-1
34
17
69
11
85
0
93
3
110
16
147
22
187
6
204
-31
186
-64
145
-61
111
-16
115
54
163
108
227
120
269
88
267
46
232
25
200
40
204
63
240
57
274
-6
257
-112
168
-204
30
-230
-93
-161
-136
-28
-76
96
54
150
182
107
239
4
211
-91
130
-115
64
-59
66
34
139
98
233
86
284
1
243
-103
128
-158
-6
-127
-97
-22
-106
95
-51
170
15
170
39
118
4
62
-66
45
-125
73
-146
124
-124
158
-91
159
-69
134
-69
110
-67
106
-43
115
11
103
73
52
98
-37
64
-126
-21
-166
-103
-132
-132
-45
-85
40
13
66
105
11
133
-98
81
-202
-23
-245
-124
-215
-177
-135
-165
-52
-111
-1
-49
7
-8
-11
7
-32
4
-37
-7
-23
-10
6
-8
46
9
91
44
125
92
132
134
100
139
30
88
-49
-15
-92
-129
-70
-201
17
-190
122
-103
189
20
179
115
95
143
-18
108
-107
47
-135
4
-111
-2
-71
16
-45
25
-49
5
-64
-44
-64
-100
-31
-144
20
-158
73
-150
111
-132
131
-107
137
-70
131
-24
107
24
59
52
-6
47
-66
20
-88
3
-60
33
-1
119
40
226
21
294
-69
272
-191
154
-275
-13
-267
-155
-165
-216
-14
-185
113
-107
167
-37
143
-16
80
-38
23
-70
2
-82
8
-65
13
-35
4
-15
-10
-7
-6
6
30
54
91
144
140
259
141
351
83
375
-15
322
-103
216
-137
104
-108
28
-40
0
30
3
62
2
52
-27
22
-82
1
-136
8
-159
41
-140
71
-88
69
-32
24
-10
-48
-28
-112
-75
-136
-112
-107
-108
-51
-57
-4
13
-4
59
-51
48
-111
-11
-141
-81
-106
-103
-27
-50
49
54
59
149
-21
169
-153
99
-270
-27
-301
-128
-231
-141
-105
-59
-4
63
16
144
-49
132
-132
37
-164
-74
-101
-132
29
-106
158
-29
221
37
202
44
134
-12
76
-85
62
-127
84
-118
96
-83
66
-61
-4
-79
-79
-120
-113
-145
-97
-119
-59
-49
-42
20
-74
40
-133
-2
-171
-76
-146
-129
-55
-117
55
-47
126
36
119
76
46
47
-47
-35
-107
-123
-115
-173
-88
-176
-61
-151
-62
-130
-85
-129
-108
-133
-109
-127
-79
-94
-41
-35
-15
23
-21
57
-52
47
-92
1
-117
-69
-112
-140
-76
-187
-8
-199
66
-164
127
-92
149
-7
117
59
33
74
-78
33
-177
-44
-225
-118
-210
-159
-148
-155
-76
-119
-22
-80
4
-58
12
-55
21
-57
32
-54
40
-48
30
-55
-1
-87
-38
-138
-59
-184
-51
-202
-25
-190
-4
-161
-6
-144
-25
-154
-38
-177
-17
-180
42
-143
115
-64
160
20
150
68
91
51
18
-16
-25
-98
-18
-150
28
-156
76
-129
95
-102
76
-95
37
-115
11
-136
23
-131
69
-76
127
28
165
160
154
280
80
354
-46
342
-194
238
-317
64
-361
-125
-301
-260
-141
-291
59
-211
226
-66
293
64
245
115
125
63
6
-51
-40
-158
6
-196
112
-146
216
-33
267
88
243
176
165
210
66
199
-22
159
-80
107
-107
56
-103
17
-70
9
-20
38
23
91
33
135
-4
136
-69
81
-124
-4
-130
-75
-82
-93
-13
-59
30
-16
13
-11
-49
-66
-107
-155
-109
-215
-50
-207
32
-136
76
-57
54
-25
-17
-64
-69
-133
-48
-163
50
-106
172
27
238
168
206
241
100
214
-9
122
-59
37
-28
14
37
57
71
117
32
136
-64
95
-167
16
-226
-52
-231
-78
-210
-71
-201
-59
-211
-72
-217
-103
-189
-119
-110
-91
-13
-19
64
53
88
82
75
53
64
-8
91
-54
154
-56
216
-30
228
-16
180
-54
101
-134
44
-216
41
-245
74
-205
100
-125
73
-57
-5
-39
-92
-57
-135
-69
-113
-26
-54
71
-16
173
-33
221
-99
185
-157
92
-149
5
-62
-21
69
28
175
106
204
153
160
134
86
55
36
-35
42
-97
95
-105
161
-72
209
-21
228
37
224
91
203
136
164
159
103
143
35
77
-11
-18
-1
-93
73
-106
182
-44
267
59
281
142
216
159
108
109
21
28
-4
-24
30
-16
81
41
107
107
83
141
28
139
-25
115
-52
93
-53
83
-52
71
-62
43
-79
-4
-83
-53
-61
-77
-19
-66
12
-37
11
-18
-21
-27
-64
-56
-83
-73
-71
-52
-50
-1
-56
44
-105
40
-179
-23
-233
-118
-218
-186
-137
-186
-28
-119
47
-36
49
4
-9
-27
-74
-105
-88
-173
-30
-177
70
-99
153
23
168
125
106
164
4
129
-80
54
-106
-16
-69
-48
1
-39
66
-11
95
4
84
-16
51
-76
19
-161
13
-243
43
-289
100
-281
163
-214
197
-112
172
-14
86
40
-45
35
-174
-18
-258
-81
-275
-119
-235
-117
-173
-86
-113
-59
-69
-44
-21
-35
42
-6
117
54
173
130
173
176
103
146
-5
36
-87
-109
-88
-215
-1
-221
124
-124
206
21
190
127
74
140
-78
64
-190
-49
-211
-123
-153
-129
-74
-86
-24
-37
-32
-29
-69
-64
-92
-104
-78
-116
-37
-83
-3
-30
-7
4
-46
4
-81
-20
-78
-23
-27
25
42
115
81
202
61
234
3
189
-45
95
-30
17
56
8
171
75
243
162
211
197
87
129
-71
-28
-176
-203
-177
-310
-83
-295
35
-177
100
-21
62
91
-57
113
-190
63
-269
-4
-259
-33
-177
3
-81
76
-23
136
-23
137
-52
76
-64
-18
-24
-95
70
-115
185
-75
274
-1
307
67
279
105
214
104
141
79
86
48
57
23
49
9
55
7
71
23
91
54
105
99
99
138
64
153
1
131
-71
73
-120
9
-134
-33
-115
-33
-91
-4
-91
28
-132
23
-196
-27
-243
-100
-235
-153
-170
-150
-71
-85
10
13
35
94
-4
125
-79
97
-147
42
-177
-4
-175
-18
-161
-11
-165
-4
-190
-13
-223
-35
-235
-47
-214
-20
-175
45
-151
124
-168
171
-226
158
-284
93
-303
14
-253
-28
-146
-4
-28
70
47
151
52
192
1
173
-62
111
-99
45
-95
9
-67
8
-55
11
-78
-16
-129
-88
-172
-190
-163
-281
-93
-314
22
-276
134
-185
198
-83
197
-10
145
21
81
21
30
18
8
34
-1
69
-16
107
-47
135
-89
139
-128
130
-149
112
-150
90
-137
62
-118
20
-91
-40
-44
-104
29
-149
124
-161
222
-139
293
-97
319
-62
296
-50
244
-63
186
-81
137
-84
100
-71
57
-47
1
-36
-58
-41
-103
-54
-111
-47
-81
-4
-37
75
-16
152
-42
182
-114
135
-192
21
-223
-115
-176
-204
-59
-209
74
-129
157
-16
146
60
47
60
-90
-15
-190
-112
-206
-164
-141
-131
-47
-16
17
127
8
234
-71
260
-173
206
-243
109
-244
20
-175
-35
-73
-49
27
-45
93
-45
128
-60
144
-84
151
-103
153
-112
138
-120
101
-141
49
-175
5
-205
-16
-208
-6
-163
8
-76
-1
20
-54
85
-139
98
-222
68
-260
30
-233
26
-153
76
-62
165
-2
253
2
301
-39
285
-92
212
-121
114
-105
18
-47
-49
38
-82
129
-79
202
-54
250
-14
264
25
240
47
188
43
128
15
79
-14
59
-23
59
-1
62
42
42
78
-4
85
-64
54
-107
13
-106
-8
-66
13
-18
65
1
112
-21
119
-72
74
-112
2
-110
-58
-59
-76
8
-59
55
-37
66
-40
54
-77
56
-111
96
-105
163
-36
216
73
202
165
109
186
-37
121
-172
1
-238
-110
-221
-164
-155
-153
-93
-107
-75
-76
-102
-91
-142
-143
-156
-199
-124
-228
-60
-219
4
-190
42
-163
53
-153
48
-160
49
-165
62
-156
78
-132
84
-96
74
-62
49
-33
13
-10
-31
1
-82
-8
-134
-45
-170
-100
-169
-153
-117
-162
-25
-110
71
-10
122
102
101
168
13
155
-102
68
-187
-54
-209
-158
-163
-209
-88
-199
-23
-158
2
-116
-16
-96
-59
-102
-98
-124
-119
-145
-115
-149
-88
-133
-47
-91
-6
-29
22
42
24
102
-1
133
-45
125
-86
88
-103
45
-86
21
-44
22
3
38
31
56
42
54
46
47
59
50
87
78
112
128
110
173
67
183
-5
146
-81
76
-123
4
-126
-49
-100
-74
-71
-86
-49
-98
-28
-110
8
-93
66
-23
123
88
135
209
71
269
-60
233
-206
111
-288
-35
-267
-122
-150
-103
-11
4
67
127
38
182
-71
138
-183
23
-218
-76
-151
-85
-23
16
81
175
91
304
-9
335
-159
260
-276
132
-297
33
-219
12
-97
68
-2
147
21
188
-18
158
-67
78
-76
-5
-19
-33
75
6
156
83
177
148
125
159
32
106
-54
17
-96
-65
-83
-110
-44
-117
-8
-105
-1
-108
-21
-136
-41
-179
-41
-218
-10
-226
41
-196
86
-140
104
-78
88
-33
46
-11
-3
-11
-45
-25
-69
-44
-69
-61
-47
-66
-4
-54
55
-16
115
42
157
107
164
153
136
161
86
128
39
75
13
19
13
-14
28
-21
33
-16
15
-20
-21
-42
-59
-75
-78
-103
-66
