-414
-54
319
-57
-383
22
-382
45
-371
69
-368
88
317
-139
-355
129
311
-172
301
-189
-316
193
276
-223
263
-238
-275
245
235
-267
-247
275
203
-293
185
-306
168
-315
149
-325
-153
330
-134
340
91
-348
73
-353
50
-355
32
-359
-30
361
-9
363
-31
-361
-52
-357
-72
-354
-93
-349
-111
-346
119
337
139
330
158
322
-189
-313
196
302
-222
-288
231
276
243
262
260
245
273
231
287
212
-305
-199
-317
-182
320
160
329
140
336
122
-351
-103
348
80
352
61
355
40
-365
-21
358
-3
358
-25
-363
42
-361
64
-356
86
341
-107
-342
125
-336
144
-326
163
-4
-1
-1
1
-1
-2
-1
0
-2
-2
-1
-3
-1
-1
-2
-2
-1
-1
-97
-350
340
-119
333
-139
153
324
-175
-318
-194
-308
293
-211
-228
-284
240
265
-259
-255
237
-274
219
-287
297
204
185
-312
318
168
-332
-151
334
129
-346
-112
347
89
-71
353
-360
-50
-30
359
-363
-8
13
359
33
358
356
-57
-80
-355
-349
95
-344
117
332
-139
155
324
315
-177
-305
193
-212
-295
-228
-281
265
-245
257
251
236
-274
282
220
-301
-203
-310
-183
-169
318
147
-330
127
-337
-345
-110
86
-351
-356
-69
-47
358
-1
0
0
0
0
-1
0
-1
-1
0
-1
1
-1
-1
-1
-1
-1
-2
-1
-1
-2
-1
-1
0
-2
-1
-1
-1
-1
-1
-3
-1
-1
-1
-3
-2
-2
-1
-2
-1
-1
-1
-2
0
-2
-2
-1
-1
-2
-1
-2
-2
-1
0
-1
-1
-2
-1
-1
1
-1
-2
-1
-3
-1
-1
-1
-1
0
-1
-2
-1
-1
-1
-3
0
-2
-1
-1
-1
-1
-1
-4
0
-2
-2
-1
0
-1
-1
-1
0
-1
1
-1
-1
-2
-1
-2
0
-2
-2
-1
-1
-1
1
-2
1
-1
-1
-2
0
-1
-1
-2
1
0
0
-1
0
-1
0
-1
-1
0
-2
0
1
-2
-3
0
-3
-1
-1
-1
-2
0
0
0
-1
-1
-1
-1
0
1
-1
0
0
-2
-1
-1
0
-2
-1
-3
-1
0
-1
-1
-1
-1
0
-1
0
-2
-2
-2
-4
-1
-1
-2
-3
-1
-1
-1
0
-2
-2
-1
0
-3
-1
-3
-1
-2
-1
-1
-1
-1
-1
-4
-1
-1
-1
-2
-1
-2
-1
-1
1
-3
-1
-4
-1
-1
0
-2
-1
-2
1
-4
1
-1
0
-4
-1
-2
1
0
-1
-1
1
-2
0
0
-1
-3
-1
-1
0
-3
-1
-1
-1
-1
1
-1
0
-2
-1
-1
-1
-1
0
-2
1
-3
-1
-1
0
-1
1
-1
0
0
1
-1
0
-1
0
-1
0
-2
-1
0
-1
-2
1
0
-1
-1
-1
0
1
-1
-1
-1
-1
-1
1
0
-1
1
0
1
-2
-1
-1
-2
-1
-1
0
0
-1
0
-1
-2
-1
-1
-1
-2
-1
-1
-1
-1
-1
-1
-1
-1
-4
0
0
-1
1
-2
-1
-1
-1
-1
-1
-2
-1
-2
-1
-1
-1
-1
-1
0
-1
-1
-2
-2
-1
-1
-2
-3
-1
-1
-1
-1
-3
-3
-1
-1
-1
-2
-1
-2
-2
-3
-1
-2
0
-2
-2
-1
-3
-1
-1
0
0
-1
-1
0
-1
-4
-1
-2
-2
-3
-1
-2
-1
-1
-1
-2
-2
-2
-2
-2
-1
-2
-1
-3
-1
-1
1
-4
-1
-3
-1
-4
-4
-4
-1
-3
-1
-4
0
-2
0
-3
0
-3
-1
-3
-2
-2
-1
-1
-1
-1
0
-2
-1
-1
-1
-2
0
-2
-1
-2
-1
-1
0
-3
-2
-1
1
-2
0
-2
1
-1
1
-1
-1
-1
0
0
1
-1
-1
-2
0
-1
2
-3
0
-3
0
-1
0
0
-1
-1
1
-1
1
-1
-1
-1
1
-1
0
-2
0
-1
0
-1
0
-1
-1
-1
-1
0
0
0
0
-1
0
0
-1
-1
0
-1
1
-1
0
-1
-1
-1
2
-1
0
-1
0
1
1
-1
1
-1
1
-1
0
-1
-1
-2
0
-1
-1
-1
-1
1
1
0
-1
0
0
-1
0
-1
-1
-1
-1
0
-2
0
-1
-1
-1
1
0
-1
-2
-3
-1
-1
0
-1
-1
-1
0
-3
0
-1
1
0
-1
-1
0
-1
-1
-1
-1
-1
-1
-1
0
-1
-1
-1
0
-2
1
-2
0
-1
-1
-1
-1
-2
-1
-2
-1
-1
-1
-3
0
-1
-1
-1
0
0
-1
1
-1
0
1
-4
-1
0
1
-1
-1
-2
-2
0
0
-1
0
0
-3
0
0
-1
-1
-1
-1
-1
-1
-1
0
0
-1
-1
0
-2
-1
-1
0
-1
0
-1
-1
1
-2
-3
1
-2
1
-2
-1
-3
-1
-1
0
-1
-2
-1
-1
1
-1
-1
-1
-1
-1
-1
1
-3
-1
-1
-1
-1
-1
-1
-1
-1
-1
-1
-1
-1
1
0
-1
-2
-1
-1
1
-1
-1
-1
0
-1
-1
-1
-1
-1
-1
-1
0
-2
0
-1
0
-1
-1
0
0
-1
-1
-2
0
-1
-1
-1
-1
-1
-1
-1
-1
0
0
-1
0
-1
-2
-2
0
-1
0
0
0
0
-1
1
-1
-1
1
-1
-1
-1
-1
-1
-3
-1
0
-1
-2
-1
0
0
0
-4
-2
-1
-1
-1
-2
0
0
-1
1
-1
1
-2
0
-1
0
-1
-1
-1
0
-1
-1
-1
-1
0
0
-1
0
-1
-1
-1
0
-2
0
-1
-1
-2
1
-1
-1
0
-1
-1
-1
-1
-2
-1
1
-3
-1
-1
0
-1
0
0
0
-2
1
0
-1
0
-1
-1
-1
-1
0
1
-1
-2
1
0
-1
-1
1
-1
0
-1
-1
-1
1
-1
0
0
-1
-1
-1
0
0
-1
0
-1
-1
-2
-1
-3
1
0
0
1
0
-1
-2
-1
1
-2
-1
-2
0
-1
-1
-2
0
-1
-1
-1
-1
-2
0
-1
0
-1
1
-3
1
-1
0
-1
-2
-1
0
-1
-1
-2
-1
-1
-1
-1
-1
-3
-3
-1
-1
-1
0
-2
-1
0
-1
-1
-1
0
-1
-1
-1
-1
0
-1
-1
-1
1
-2
-1
0
-1
-1
-1
-1
0
-1
0
-1
0
-1
-1
-1
1
-1
-1
-1
-1
0
0
1
-1
-1
1
-1
-1
0
-1
0
0
-1
-1
-1
-1
-1
-1
-1
-1
-1
0
0
0
-2
1
0
0
1
1
-1
-1
-1
0
-1
1
0
0
0
-1
-1
0
-1
-1
-1
0
0
0
0
-1
-1
1
-1
1
-1
-1
0
-1
0
0
0
0
-1
0
-1
-1
-1
1
-1
-1
-2
1
-1
-1
0
0
0
1
0
-1
-1
-1
-1
0
0
0
-1
0
-1
0
-1
0
0
-1
-1
-1
0
-1
0
0
-2
1
-1
0
-1
1
-1
1
-1
0
-1
-1
0
0
-1
0
-2
-1
-2
-1
-2
-1
0
-1
0
-1
0
-1
-1
1
0
0
-1
1
-1
0
0
1
1
0
0
0
-1
0
-1
-1
0
-1
-1
1
-1
1
0
1
-1
-1
-1
1
-1
1
1
-1
-1
0
0
1
-1
-1
-3
-1
-1
0
-1
-1
-1
-1
-2
0
-1
-1
0
0
-1
0
-1
-1
-1
-1
-1
1
-1
1
-2
1
0
-1
-1
-1
-1
1
-1
0
-1
-1
1
-1
1
0
-1
-1
0
-1
-1
-1
0
-1
0
-1
-2
-1
-1
-1
0
-1
0
0
-1
0
-1
0
0
-1
-1
1
-1
0
-1
0
0
0
-1
-1
0
0
-1
0
-2
1
-1
-1
-1
0
-1
0
-1
0
0
-1
-1
-1
-1
-1
-1
0
0
1
1
-1
-1
1
0
0
-1
-1
-1
-1
-1
-1
0
0
1
-1
1
-1
0
0
-2
1
0
1
-1
-1
-1
-1
-1
-1
-1
-1
1
0
-1
1
-1
0
-1
0
0
-1
-1
0
0
0
1
0
-1
1
1
-1
-1
1
-1
-1
-1
-1
-2
-1
-1
1
-2
1
-2
-1
2
-1
-1
-1
-1
-1
-1
-1
-1
0
1
1
-1
1
0
-1
-1
0
-1
1
-1
0
-1
-1
-1
0
-1
-1
-1
1
-1
-1
1
-1
-1
-1
0
-1
-2
-1
0
0
-2
-1
0
-1
-1
1
0
1
0
1
0
2
-1
-2
-1
0
0
2
-1
1
1
-1
-1
-1
-1
-1
-1
1
-1
-1
-2
-2
-1
-1
-1
-1
-1
-1
-1
-2
-1
-1
0
-2
-1
1
1
0
0
0
-1
1
0
1
0
-1
0
-1
1
0
-1
0
-2
1
0
0
-1
-1
-1
1
-1
-1
-1
1
-1
0
0
1
-2
0
-1
-1
-2
1
-1
0
0
0
1
0
1
-1
0
-1
-1
0
-2
-1
-1
-1
-1
-1
-1
-1
-1
-1
-2
-1
-1
-1
-1
-1
-1
1
1
-1
-1
-2
0
-1
-1
1
1
1
0
1
1
-1
-1
0
0
1
0
0
0
-1
1
-1
0
1
-1
0
-1
-1
0
-1
-1
1
-1
-1
-2
1
-1
-1
1
-1
-1
0
-1
0
1
-1
-1
-1
-1
0
0
-1
-1
-1
0
-1
-1
-1
-1
-1
-1
-1
-1
0
0
0
-1
-1
-1
-1
0
0
-2
1
-1
-1
-1
-1
-1
-1
-1
0
-1
1
-2
-1
-1
-1
-1
1
-1
-1
-1
1
0
-1
-1
-1
-1
1
-1
0
-1
-1
1
1
1
-1
-2
-1
-1
0
-1
-1
-1
-2
0
1
-2
0
0
0
1
0
-1
-1
0
-1
-4
1
-1
-1
0
1
1
-1
-2
1
0
-1
-1
-1
-1
0
1
0
-1
1
-1
2
0
0
-1
-1
-1
1
0
-1
-1
0
-1
0
-1
-1
-2
0
-2
0
1
-2
2
0
1
-1
-1
-1
-1
1
-1
0
1
1
1
-1
-1
0
1
-1
0
-2
1
1
1
0
-1
0
-1
1
-1
-3
-1
-1
1
1
-1
-1
0
-1
-1
-1
-1
0
1
1
-1
-1
0
1
-1
0
1
-1
1
0
0
-1
-1
1
-1
0
-1
1
-1
1
-1
0
-1
1
-1
-1
1
-1
-2
1
-2
0
1
0
-1
0
1
0
-1
-1
-1
1
-1
-1
-1
-1
-1
-1
0
-3
0
-1
0
-1
2
-1
-1
1
-1
0
-1
0
0
0
0
-1
-1
-1
0
0
1
0
0
-1
-1
0
1
1
1
1
0
-1
0
-1
-1
-1
-1
-1
1
1
0
-1
-1
0
-1
1
0
0
1
0
0
-1
-1
1
0
0
0
1
-1
0
-1
-1
-1
-1
0
-1
-1
-1
-1
2
-1
-1
-1
0
-2
1
1
0
0
1
1
-1
1
1
-1
1
1
-1
1
1
0
1
0
-1
0
-1
-1
1
1
1
-1
-1
-1
1
-1
-2
-2
1
-1
1
0
-1
-1
-1
-1
0
0
0
1
-1
1
1
0
-1
0
-1
1
1
-1
1
-1
-1
1
0
-1
-1
2
-1
-1
-1
-1
0
0
-1
-1
0
-1
-1
0
-1
1
0
-1
-2
1
-1
-1
0
1
0
-1
0
1
-1
-1
-3
-1
1
-1
1
-1
-1
-1
-1
0
0
-1
-1
0
-1
-1
0
-1
1
0
-1
0
0
0
-1
-1
-1
0
0
0
0
-1
1
0
0
1
1
0
-1
0
-1
-1
-1
-1
-1
0
-1
0
-2
1
0
1
-1
-1
-1
1
1
-1
0
1
0
1
-1
0
-1
-1
0
-1
-2
0
1
-1
-1
1
0
-1
0
-1
-1
1
-1
-1
1
-1
-1
1
-1
-1
-1
0
0
1
-1
-1
-1
-1
0
-1
0
-1
-1
-1
-2
-1
-1
0
-1
-1
0
0
-1
1
-1
-1
-1
0
0
1
-1
0
-1
0
0
0
-1
2
1
-1
-1
-1
0
1
1
-1
-1
1
-1
-1
0
0
-1
-2
-2
1
-1
-1
0
-1
0
-1
-1
0
-1
0
-1
0
-1
-1
-1
0
-1
1
-1
1
-1
-1
1
-1
-1
-1
-1
0
-1
-1
-1
-1
0
0
-2
0
-1
-1
0
-1
0
1
0
1
-2
-1
-1
0
-1
1
-1
0
0
1
-1
0
0
0
-1
-1
-1
1
-1
1
-1
0
1
1
-1
0
-1
-1
-1
1
-1
-1
-1
-2
-1
-1
0
0
-1
1
-1
-1
1
0
0
0
0
1
0
0
-1
0
0
0
-1
1
-1
1
-1
0
1
1
1
-1
0
0
-1
-1
-1
0
-2
0
0
0
-1
0
1
-1
0
-1
-1
0
-1
0
0
1
0
-1
0
-1
-1
-1
0
1
0
0
-1
0
0
1
0
1
-1
1
-1
0
0
1
-1
0
-1
0
0
-1
1
-1
-1
1
-1
-1
-1
-1
-1
0
-1
0
-1
0
0
-1
-1
0
0
0
-1
1
0
0
1
1
1
0
-1
0
0
-1
0
-1
-1
-1
-1
0
-2
-1
0
0
-1
-1
-1
0
-1
1
0
0
0
1
-1
0
-1
-1
-2
0
0
0
0
0
1
-1
-1
0
0
-1
-1
0
-1
1
1
-1
0
-1
0
0
0
-1
0
-1
-1
0
-1
0
0
-1
-1
0
-1
-1
0
-1
2
1
-1
0
-1
0
-1
-1
0
-1
-1
-1
-1
1
0
-1
0
1
-1
-1
1
0
-1
-2
-1
0
1
0
-2
0
-1
-1
-1
0
0
0
-1
0
-1
-1
0
1
-1
-1
1
-1
1
-1
-1
1
-1
-1
-1
1
-1
-1
-2
-1
0
0
-1
-1
0
0
-1
1
-2
-1
1
1
-1
0
-1
1
0
0
-2
0
-2
0
-1
0
-1
-1
-1
1
-2
1
-1
-1
-1
0
-1
0
-1
-1
0
-1
-2
-1
0
0
-2
0
-1
1
1
1
0
0
-1
-1
-1
1
-2
1
-2
-1
-1
0
-1
-1
-1
1
-2
-1
-1
-1
0
0
0
0
-2
-1
-1
-1
-1
-1
-2
0
-1
1
-1
-1
-1
-1
-1
0
-1
-2
-1
0
-1
1
0
-1
-1
0
-1
-1
-1
1
-1
0
-2
-1
-1
0
0
-1
-1
0
-1
0
0
-1
1
-1
-1
1
1
1
-1
1
-1
-1
-3
0
0
-1
-3
0
-3
-1
-1
0
0
0
0
-1
-1
-1
-1
1
-1
1
0
0
-1
-1
-3
-1
-1
0
-1
-1
-1
-1
-2
0
-1
-1
-1
-1
-1
-1
0
-1
0
-1
-1
-1
-1
-1
-1
-1
0
1
1
-1
-1
0
-2
-1
0
1
1
-1
1
-1
-1
0
-1
1
-1
0
0
0
-1
0
1
0
-1
0
-2
-1
0
1
1
1
1
0
-1
0
-1
-1
-1
0
0
0
-1
1
0
-1
-1
0
-2
-1
-1
-1
0
1
-1
-1
-1
-1
-1
1
-4
-1
0
-1
0
0
1
-1
0
-2
-1
-1
-1
-1
0
0
-1
-1
-1
-1
-1
0
-1
1
-1
0
-1
-1
-1
0
-1
1
-1
-1
-1
0
-1
1
0
0
0
-2
-1
0
-1
0
-1
1
-1
-1
0
-1
0
0
1
-1
0
-1
-1
0
-1
-1
-1
-1
0
1
-2
1
-1
-1
-1
-1
-2
-1
-1
-1
-1
1
0
-1
-1
0
-1
0
-1
0
0
0
-1
0
-1
-1
-1
-1
1
-1
0
-1
-1
1
-1
1
-1
0
-2
-2
-1
-1
-1
-1
-2
0
-2
-1
-1
0
-1
0
-1
0
0
-1
-1
-1
1
0
0
-1
-2
0
-3
0
0
-1
0
1
1
-1
-1
1
-1
-1
-4
-1
0
-1
1
-1
-1
1
-1
1
-1
0
-1
-1
-2
-1
1
0
0
-1
0
-1
-2
-2
-1
-1
0
-1
-1
-1
-1
1
-1
1
-1
-1
-1
1
-1
-1
-1
-1
-1
0
-1
0
-2
-1
-1
-1
-1
-1
-1
-1
0
-2
-1
-1
0
-1
1
0
-1
1
1
0
-1
0
0
1
-1
0
-1
-1
-1
-1
-2
-1
-1
-1
-1
0
0
1
-1
-1
0
0
-2
1
-2
-1
-2
-1
-1
-1
-1
0
-1
0
-1
-1
-1
-1
-1
1
-1
0
-1
0
-1
1
-2
0
-3
-1
-1
-1
0
0
0
1
-1
1
-1
-1
-1
-1
-1
-1
0
-1
0
0
-1
0
-2
-1
-1
-1
1
-1
-1
-1
0
-1
-1
-1
-1
0
-1
-1
1
-1
0
-1
-1
-1
-1
1
0
-1
-1
-1
0
1
-1
0
0
0
0
-1
-2
-2
-1
1
-1
0
-2
-1
-2
0
-2
0
-1
-2
-1
-1
-2
1
0
0
-1
-1
-2
-1
-2
-1
-1
-1
-1
0
1
-1
-1
1
0
-1
-2
1
-2
0
-1
-1
-2
-1
-1
0
0
1
-2
0
-1
-1
-1
-1
-1
1
-2
1
-1
-1
-1
0
-1
-1
-1
1
-2
-1
-3
-1
0
-1
-1
0
0
0
-1
0
-1
-1
-2
0
-4
-1
-1
0
-1
1
-2
0
-1
-1
-1
-1
-3
0
-2
1
-1
0
-1
1
-2
-1
-1
-1
-1
0
-1
0
-2
-1
-2
1
-1
-1
-2
-1
-2
-1
-1
0
0
0
-2
-1
1
-1
-1
0
-1
0
0
-1
-1
1
-1
-1
-1
-1
0
0
-2
-1
-1
0
0
0
0
-1
-1
0
0
-1
-2
-1
-1
-1
-2
-2
-1
-1
0
-1
0
1
-2
0
0
-1
-1
-1
0
0
-3
0
-3
0
-1
1
-1
-1
-1
0
-2
-1
-3
-1
-1
0
-1
0
-1
-1
-1
-1
-1
-2
0
-1
0
1
-1
0
-4
0
0
-1
0
1
-1
-1
0
-1
-1
0
-2
1
-4
-1
-1
-1
-1
0
-1
-1
-1
0
-1
-1
-2
0
0
-1
-1
-1
0
-1
-1
-1
-1
0
0
-1
0
-1
-1
0
-1
0
-1
-1
-1
-1
-1
-1
-1
-1
-1
1
-1
0
0
-1
-1
-1
-1
-1
-1
-1
-1
-1
0
-1
-1
0
-1
-1
-1
0
-1
-1
-1
-1
-2
1
-3
-1
-1
-1
-1
0
-1
-1
-1
-1
-1
0
1
-1
-2
1
-2
-1
-1
1
-3
-1
-1
-1
-1
0
-1
-3
-1
-2
-1
-1
-1
0
-1
-1
-1
-2
-1
-1
-1
0
-1
0
-2
-2
-1
-1
-1
0
-1
-1
-4
0
-1
-1
-1
-1
-2
-2
-1
1
-2
-1
-2
0
-1
1
-1
0
-4
1
-2
-1
-1
-1
-2
-1
-1
-2
-1
0
-1
0
-1
-1
-1
-1
-1
1
-2
-1
-2
-1
-2
1
-3
-1
0
-2
-1
0
-1
1
-1
-43
356
23
-362
361
1
17
358
39
357
-63
-357
-82
-352
-348
100
-341
119
-333
141
-160
-325
-181
-313
-303
195
211
288
228
278
262
-248
-249
261
275
233
289
216
-303
-200
310
180
321
163
-146
331
337
124
-344
-106
349
83
-65
354
42
-358
358
21
-3
360
-20
-361
-41
-361
61
356
-84
-352
102
346
339
-121
141
332
-323
160
-315
180
300
-200
288
-215
231
276
-248
-264
-249
261
-231
274
-216
288
-301
-197
181
-314
-322
-163
-332
-145
341
122
104
-347
-351
-83
-356
-64
-41
357
-21
361
358
0
22
361
-42
-359
63
354
84
349
-346
102
-124
-339
332
-145
-161
-322
182
311
-197
-303
291
-218
-276
229
-262
246
-246
262
233
-279
-289
-214
-302
-198
-180
312
161
-325
142
-333
-124
337
347
101
83
-354
356
59
40
-361
-18
357
0
358
23
357
-359
41
-355
62
-351
82
105
344
-124
-342
144
329
-322
161
-181
-314
-301
198
-288
214
231
271
260
-251
246
-267
230
-279
288
213
301
192
-314
-182
-160
322
-332
-144
120
-342
-348
-103
-353
-83
60
-356
-40
355
361
17
-362
0
23
358
42
356
354
-65
86
348
105
344
-339
122
144
330
162
320
182
307
296
-201
216
287
-276
233
260
-250
262
246
-232
277
-216
290
-198
303
-180
313
157
-325
-143
333
119
-340
345
100
-82
351
-60
356
357
38
17
-361
358
-5
-360
24
358
-44
352
-66
-88
-350
-107
-346
339
-128
328
-148
320
-166
-311
182
-202
-300
-286
217
-234
-274
-251
-260
245
-266
-229
277
-291
-213
303
194
-314
-177
158
-324
333
139
119
-341
-344
-100
-352
-80
357
58
358
37
359
16
-359
3
25
360
47
356
-356
66
349
-88
109
343
-337
125
331
-149
-166
-322
-185
-310
-204
-301
-220
-287
272
-238
259
-254
-245
263
227
-282
293
209
-193
303
314
175
-325
-160
-139
331
-119
337
-346
-100
-77
351
-357
-60
-37
357
16
-364
-6
-363
-361
25
-47
-358
355
-72
-89
-353
-110
-346
-130
-340
-148
-332
-321
163
-311
183
-300
201
218
285
-238
-274
-258
249
266
239
280
224
-212
292
-307
-195
-318
-177
-327
-158
-140
332
339
115
-100
346
-354
-79
54
-360
-361
-37
13
-364
-8
-363
-361
26
-361
47
352
-71
347
-92
-112
-346
-337
128
149
327
-170
-321
307
-187
202
296
285
-223
235
271
-260
250
-269
-244
225
-282
-296
-211
190
-306
314
173
324
154
-337
-135
338
116
-1
-1
-1
-2
-2
0
-1
-1
-1
0
-1
-1
-1
0
-1
-2
298
200
310
183
320
163
330
145
337
127
344
106
351
86
354
65
357
44
360
24
-363
-2
361
-18
359
-40
358
-60
353
-81
346
-103
-341
122
332
-142
324
-161
316
-180
-303
197
292
-217
-278
229
266
-247
-250
260
235
-277
217
-290
-201
301
-180
311
165
-324
145
-333
126
-342
-103
343
-83
349
-62
354
44
-361
-19
356
3
-363
21
358
-42
-363
-62
-359
-81
-355
-103
-349
-124
-344
-141
-334
-164
-329
179
310
197
299
-215
-293
-233
-282
-247
-269
262
243
-276
-237
288
210
298
194
310
177
320
158
328
139
338
120
342
101
350
81
-359
-66
356
38
-361
-25
