-61
-37
-57
14
-23
46
26
48
71
20
100
-33
105
-94
84
-151
47
-192
0
-205
-34
-185
-39
-153
-11
-132
29
-141
49
-187
20
-241
-62
-261
-158
-211
-211
-97
-182
30
-62
116
95
98
214
-22
230
-188
136
-331
-13
-378
-144
-316
-192
-185
-146
-52
-35
34
83
50
173
23
215
-14
225
-40
220
-52
204
-62
171
-77
110
-91
23
-85
-71
-46
-144
23
-173
105
-156
170
-100
199
-28
182
40
122
88
31
104
-72
87
-168
39
-231
-19
-247
-64
-215
-70
-151
-32
-87
32
-51
93
-57
124
-88
116
-123
81
-134
47
-118
35
-90
44
-69
62
-69
73
-78
71
-88
67
-83
75
-63
100
-40
136
-30
166
-35
177
-49
168
-62
144
-66
112
-68
72
-71
19
-78
-49
-78
-120
-62
-175
-26
-198
12
-189
37
-163
34
-141
10
-136
-10
-136
1
-107
45
-35
100
82
129
206
103
290
21
296
-81
222
-153
98
-161
-24
-95
-106
17
-129
132
-104
214
-57
243
-16
223
7
173
11
114
6
59
5
11
11
-34
23
-81
35
-134
30
-187
4
-226
-40
-237
-83
-212
-105
-164
-100
-114
-77
-87
-63
-97
-79
-123
-131
-136
-194
-112
-230
-47
-207
33
-132
82
-37
80
35
32
59
-25
46
-43
33
-12
56
49
122
100
199
103
245
56
228
-12
153
-59
53
-63
-33
-32
-91
6
-122
27
-151
25
-185
17
-214
19
-218
34
-184
45
-121
29
-59
-21
-20
-86
-14
-141
-28
-161
-35
-146
-23
-107
8
-71
43
-47
68
-30
86
-16
101
-3
116
1
121
-13
106
-35
70
-48
32
-35
16
-1
40
23
85
8
113
-57
86
-143
-3
-202
-118
-190
-202
-110
-211
-5
-160
62
-96
67
-76
29
-112
5
-163
42
-163
135
-78
226
68
240
200
151
236
1
158
-120
16
-131
-88
-23
-81
141
40
257
199
256
300
145
281
1
164
-84
25
-64
-52
31
-35
129
42
161
108
110
112
21
52
-45
-28
-47
-74
7
-60
69
-6
95
43
74
52
28
16
-1
-35
13
-65
64
-50
124
2
156
63
139
104
81
110
4
77
-68
22
-116
-40
-128
-85
-108
-103
-69
-81
-30
-33
-12
19
-33
45
-83
19
-138
-49
-161
-132
-123
-185
-30
-175
86
-100
178
13
208
114
170
168
90
172
4
137
-53
98
-73
74
-68
71
-57
80
-52
87
-52
89
-53
83
-47
76
-30
76
-8
80
16
91
38
106
52
124
54
134
35
128
-1
92
-40
28
-59
-45
-45
-98
6
-107
71
-76
119
-24
121
12
80
6
18
-45
-23
-107
-21
-146
23
-138
78
-87
106
-30
82
-6
25
-31
-34
-92
-54
-150
-21
-171
50
-139
119
-78
153
-24
142
-6
105
-28
82
-64
93
-76
136
-42
180
25
182
93
124
117
20
80
-88
-6
-155
-95
-158
-144
-110
-134
-52
-78
-19
-14
-31
23
-70
24
-103
3
-100
-4
-55
29
1
98
35
174
21
220
-37
209
-108
150
-153
71
-146
14
-90
4
-11
42
53
106
77
163
57
187
10
165
-37
115
-57
56
-40
15
4
9
53
34
80
67
62
83
4
60
-77
-1
-143
-75
-169
-123
-150
-119
-110
-59
-86
25
-102
95
-153
122
-206
109
-219
91
-167
110
-66
180
40
284
103
366
103
385
60
329
18
219
16
109
61
30
123
-9
163
-30
162
-66
125
-117
86
-168
72
-181
89
-137
110
-44
106
72
58
168
-25
228
-122
242
-203
227
-256
190
-282
134
-284
59
-254
-21
-194
-83
-103
-105
-1
-79
76
-28
100
13
66
20
-1
-13
-62
-62
-91
-93
-80
-91
-54
-59
-34
-23
-29
4
-28
21
-19
44
4
79
17
115
-1
123
-54
76
-119
-14
-158
-110
-146
-165
-95
-154
-57
-104
-77
-72
-165
-109
-276
-216
-342
-342
-308
-408
-177
-368
-14
-231
101
-67
123
47
61
71
-25
26
-75
-34
-67
-70
-30
-76
-8
-81
-20
-121
-46
-185
-45
-235
8
-218
89
-124
144
11
115
109
2
110
-142
15
-231
-118
-212
-202
-92
-190
62
-99
167
13
180
67
119
42
42
-40
5
-118
24
-153
69
-137
95
-102
79
-74
30
-65
-21
-58
-56
-30
-80
12
-116
48
-180
39
-252
-29
-293
-125
-262
-197
-150
-197
5
-120
139
1
199
104
177
149
105
129
32
74
-8
19
-11
-10
1
-18
9
-16
6
-17
2
-12
7
5
18
41
23
83
8
110
-27
105
-64
78
-85
48
-80
30
-66
23
-61
6
-73
-40
-84
-111
-63
-168
14
-167
133
-81
240
72
281
228
221
317
82
301
-72
199
-168
70
-171
-19
-93
-32
5
16
64
70
59
88
7
52
-50
-16
-74
-76
-53
-98
-13
-78
13
-40
8
-11
-25
-6
-64
-18
-81
-25
-72
-14
-42
21
-13
67
2
110
3
136
-6
144
-20
134
-28
112
-31
83
-28
42
-17
0
6
-31
38
-43
77
-27
105
11
106
57
69
86
-4
80
-98
28
-186
-57
-239
-154
-238
-230
-183
-258
-92
-226
3
-146
69
-40
81
53
40
105
-42
107
-136
59
-214
-21
-255
-111
-254
-190
-208
-235
-130
-239
-38
-194
47
-112
96
-20
96
48
49
69
-18
37
-69
-22
-68
-66
-13
-57
71
6
135
97
143
165
88
174
6
124
-59
46
-74
-19
-40
-43
16
-34
54
-19
62
-26
55
-54
65
-79
107
-67
174
-4
226
88
231
170
176
206
85
192
-2
148
-57
115
-80
102
-98
97
-136
69
-192
4
-241
-92
-243
-174
-182
-202
-80
-168
21
-89
74
-16
74
15
44
-3
25
-40
48
-59
110
-37
177
21
217
82
208
115
158
108
97
66
50
12
33
-30
42
-47
64
-38
88
-5
100
41
92
88
57
115
-3
105
-68
54
-117
-20
-121
-88
-80
-121
-6
-109
64
-66
100
-24
94
-4
61
-7
25
-14
-3
-8
-28
11
-69
22
-135
1
-210
-59
-257
-132
-248
-174
-180
-156
-83
-83
-8
8
12
69
-18
73
-59
29
-74
-24
-47
-57
0
-60
37
-59
42
-78
25
-122
18
-166
44
-175
101
-129
157
-41
175
46
146
95
93
103
58
93
69
105
116
153
162
216
168
247
126
212
61
115
22
-7
37
-103
100
-144
168
-136
199
-118
172
-119
105
-153
35
-199
-9
-228
-18
-221
-10
-185
-6
-136
-8
-95
-17
-62
-17
-30
-4
1
13
29
22
41
21
27
15
-8
17
-49
28
-85
42
-112
47
-139
38
-172
23
-206
20
-228
32
-218
52
-179
61
-130
40
-100
1
-107
-26
-134
-17
-148
38
-124
112
-60
165
11
168
46
126
26
76
-34
59
-86
93
-95
149
-45
186
34
170
98
98
117
-1
95
-85
54
-133
19
-151
-4
-158
-31
-161
-75
-152
-128
-105
-165
-16
-148
96
-78
189
23
225
111
199
152
141
148
85
122
63
105
65
110
68
120
58
112
40
85
37
62
70
78
120
139
146
214
107
246
2
191
-124
54
-194
-100
-161
-183
-35
-146
105
-4
173
161
119
252
-35
228
-202
108
-294
-30
-265
-105
-141
-86
8
11
112
118
139
186
108
191
57
143
23
71
18
-8
37
-83
75
-147
130
-187
203
-182
283
-124
344
-23
351
76
293
136
185
133
68
76
-11
2
-30
-49
1
-64
54
-42
100
-8
120
27
118
54
98
76
56
87
-11
72
-105
17
-204
-78
-280
-190
-305
-276
-279
-312
-218
-294
-162
-245
-130
-197
-119
-161
-110
-132
-81
-85
-33
-11
8
78
18
146
-17
163
-78
119
-128
40
-136
-37
-97
-81
-31
-86
27
-69
57
-49
62
-36
53
-21
39
1
18
24
-17
34
-69
15
-117
-29
-134
-70
-105
-75
-42
-31
18
37
40
93
10
96
-43
43
-74
-30
-53
-75
17
-63
94
-6
130
53
102
71
33
37
-37
-21
-63
-59
-45
-46
-11
11
-1
79
-31
129
-91
146
-144
151
-168
167
-168
202
-167
238
-187
240
-221
197
-243
118
-220
45
-141
14
-32
30
61
66
100
82
86
54
50
-15
28
-85
39
-124
72
-124
96
-101
93
-83
66
-77
40
-76
38
-52
63
8
91
92
96
163
66
197
18
185
-12
153
-7
127
27
124
59
130
62
115
30
57
-12
-33
-30
-124
-6
-173
49
-168
95
-127
107
-88
81
-71
42
-76
30
-65
55
-11
103
88
126
197
96
264
14
260
-81
190
-141
93
-138
19
-86
-13
-23
-15
8
-25
-1
-71
-25
-147
-25
-217
19
-235
95
-190
158
-100
166
-18
107
11
11
-20
-72
-80
-102
-123
-72
-112
-23
-55
4
10
-22
39
-86
13
-151
-52
-168
-110
-124
-117
-37
-64
44
27
81
112
69
159
28
161
1
146
9
149
50
182
88
231
89
257
52
231
-3
155
-35
61
-14
-3
54
-6
132
42
173
104
153
136
86
120
16
76
-21
40
-10
49
23
101
37
163
9
195
-55
170
-118
105
-139
39
-100
11
-23
35
52
88
88
134
78
148
44
127
13
95
7
72
16
66
18
65
6
46
-18
7
-30
-36
-14
-52
26
-33
64
16
69
59
30
66
-39
25
-103
-43
-129
-104
-113
-132
-74
-124
-41
-102
-33
-90
-47
-98
-62
-115
-60
-124
-42
-117
-25
-105
-26
-108
-42
-143
-57
-196
-42
-235
16
-231
97
-169
164
-71
180
21
134
71
51
66
-30
29
-69
-3
-57
0
-15
42
23
101
32
149
9
163
-25
148
-51
119
-54
96
-43
90
-33
91
-43
83
-76
59
-116
20
-152
-20
-168
-40
-164
-32
-156
2
-157
52
-177
93
-213
117
-252
122
-279
114
-290
100
-281
82
-257
55
-230
18
-191
-28
-137
-69
-63
-87
24
-70
102
-21
144
39
137
80
83
80
6
41
-64
-21
-98
-76
-95
-105
-66
-107
-37
-96
-22
-91
-18
-98
-12
-110
7
-105
34
-79
54
-37
45
1
-1
16
-74
0
-147
-40
-197
-79
-211
-98
-187
-83
-142
-36
-88
34
-34
119
14
210
53
293
80
359
94
398
100
405
108
387
122
359
144
327
163
293
167
252
153
194
127
128
107
74
104
49
105
61
98
93
62
117
-1
112
-65
80
-99
44
-81
40
-21
80
47
151
83
212
69
231
21
191
-24
112
-38
35
-12
-11
33
-24
64
-23
68
-23
49
-33
29
-34
18
-15
14
29
-8
74
-59
86
-134
47
-199
-32
-213
-112
-163
-153
-59
-134
59
-60
144
28
176
104
156
144
113
153
68
148
33
137
13
129
0
127
-3
130
4
146
16
173
20
202
7
210
-25
179
-62
109
-74
23
-40
-45
37
-69
134
-42
206
11
233
51
209
59
154
35
102
-5
69
-42
58
-66
57
-81
58
-93
63
-103
78
-99
107
-71
130
-25
129
16
87
21
11
-28
-69
-119
-116
-215
-108
-274
-57
-276
2
-226
31
-162
10
-119
-45
-112
-98
-124
-112
-122
-84
-77
-33
13
3
116
-8
190
-69
200
-149
140
-206
43
-204
-47
-144
-89
-52
-78
28
-36
55
-4
29
-11
-30
-61
-74
-121
-76
-149
-30
-117
32
-26
64
85
40
166
-30
187
-113
156
-157
106
-140
78
-72
90
6
127
60
151
71
132
61
64
62
-23
103
-91
180
-115
267
-89
325
-42
333
-1
294
16
226
8
158
-13
102
-32
65
-42
47
-37
43
-14
51
30
58
89
52
140
21
162
-27
137
-66
79
-68
24
-15
12
71
59
139
141
143
199
64
186
-63
86
-175
-57
-218
-181
-178
-228
-98
-193
-38
-116
-46
-59
-118
-56
-206
-99
-258
-149
-250
-156
-194
-115
-136
-46
-109
8
-116
22
-123
6
-102
-9
-39
7
47
63
117
136
145
192
125
204
78
170
32
108
10
40
18
-15
49
-45
96
-42
143
-8
176
54
180
123
137
175
58
188
-43
161
-134
105
-194
51
-217
10
-219
-20
-215
-55
-205
-100
-172
-136
-99
-131
7
-61
112
62
165
192
131
264
25
244
-98
143
-174
24
-167
-54
-98
-65
-19
-28
19
6
5
4
-30
-26
-42
-47
-16
-21
28
51
47
132
11
173
-63
151
-126
100
-128
74
-64
112
25
211
72
315
49
362
-30
325
-108
235
-127
154
-78
128
1
156
46
190
24
174
-49
86
-116
-44
-124
-156
-62
-200
40
-170
124
-100
153
-33
128
7
76
23
26
33
-11
52
-50
64
-103
52
-162
5
-201
-55
-193
-95
-134
-81
-55
-18
4
60
13
108
-18
108
-58
69
-64
28
-24
18
43
43
105
82
134
110
136
112
129
101
130
95
139
104
135
111
104
95
49
39
-7
-40
-29
-108
-8
-133
37
-109
70
-59
63
-24
17
-23
-34
-43
-58
-53
-39
-21
-6
52
2
123
-41
146
-122
92
-190
-14
-190
-111
-95
-135
62
-66
208
66
279
188
248
233
152
188
60
86
32
-1
80
-18
161
38
206
122
173
170
64
136
-64
35
-148
-76
-145
-136
-71
-107
23
-12
75
97
56
163
-8
170
-71
136
-91
103
-57
103
4
134
54
167
74
177
71
156
72
127
93
117
123
129
132
148
95
132
18
57
-64
-60
-100
-173
-66
-223
19
-192
100
-100
121
-10
63
22
-48
-23
-151
-118
-193
-209
-161
-250
-76
-231
11
-169
61
-102
67
-57
44
-41
16
-42
0
-50
-1
-53
11
-48
35
-27
64
14
86
67
86
117
50
127
-16
80
-84
-19
-110
-132
-65
-205
48
-198
182
-112
276
6
291
100
226
131
125
100
42
47
8
17
18
28
37
66
30
99
-6
100
-55
71
-91
30
-93
-1
-71
-11
-41
-11
-21
-7
-8
-5
-3
2
-3
16
-15
28
-45
23
-93
-9
-132
-59
-134
-86
-89
-57
-18
37
33
163
16
260
-76
271
-206
189
-303
54
-310
-60
-224
-100
-90
-59
22
20
63
76
32
74
-34
18
-85
-57
-97
-115
-74
-146
-44
-161
-23
-180
-6
-206
32
-218
101
-183
190
-97
264
23
281
129
228
176
131
148
32
70
-24
-13
-22
-62
13
-64
45
-40
42
-21
-1
-33
-61
-74
-103
-120
-105
-137
-75
-113
-37
-58
-24
-3
-45
18
-86
-5
-118
-57
-107
-101
-49
-108
37
-69
109
-11
130
25
99
6
49
-63
28
-136
68
-157
151
-102
231
13
247
121
175
158
47
104
-64
-1
-93
-84
-21
-80
98
17
187
148
190
237
100
227
-15
134
-79
20
-52
-40
45
-18
144
60
183
129
149
139
76
94
25
33
28
5
72
30
113
81
114
116
72
105
21
67
1
40
21
57
53
110
49
158
-11
151
-107
78
-187
-28
-204
-111
-151
-127
-70
-81
-20
-17
-34
10
-102
-28
-177
-112
-211
-196
-187
-240
-124
-233
-64
-199
-35
-166
-40
-152
-55
-147
-58
-134
-44
-92
-28
-28
-33
35
-72
71
-135
64
-202
18
-246
-51
-247
-122
-204
-173
-122
-187
-20
-156
78
-91
142
-14
152
42
106
47
28
-1
-47
-88
-80
-170
-63
-215
-11
-212
47
-174
77
-130
76
-101
58
-86
42
-74
34
-55
28
-35
11
-28
-21
-47
-53
-88
-66
-125
-51
-139
-18
-122
8
-91
7
-72
-16
-79
-36
-98
-26
-98
20
-52
77
34
110
127
91
182
24
173
-50
110
-93
26
-81
-33
-28
-49
28
-40
54
-35
39
-57
3
-105
-24
-158
-20
-183
16
-153
64
-71
90
48
69
163
-13
238
-144
234
-291
148
-409
-4
-445
-168
-373
-276
-202
-285
8
-183
182
-23
252
117
199
171
70
115
-63
-7
-129
-128
-105
-182
-22
-147
64
-49
103
60
73
138
-1
166
-87
156
-149
119
-176
72
-168
28
-125
-1
-54
-1
30
34
100
93
129
139
103
141
36
86
-28
-3
-49
-77
-23
-99
29
-67
49
-25
18
-21
-52
-73
-111
-158
-110
-214
-38
-199
59
-122
122
-37
119
-3
64
-42
25
-115
54
-151
153
-100
271
22
329
152
286
212
169
175
49
73
-6
-21
22
-50
92
-10
135
51
111
76
31
42
-52
-27
-94
-80
-85
-88
-59
-62
-50
-31
-70
-24
-94
-34
-91
-30
-46
18
20
106
62
193
53
235
13
215
-18
160
-2
116
59
112
127
134
153
139
126
91
71
-2
41
-97
65
-141
125
-113
176
-44
171
13
112
25
40
0
11
-17
44
23
113
116
159
216
145
261
80
219
18
119
16
23
88
-11
194
25
265
92
255
129
163
101
37
18
-67
-74
-115
-133
-112
-134
-88
-89
-73
-22
-73
53
-83
124
-95
186
-115
222
-144
213
-173
148
-175
47
-122
-42
-7
-75
135
-42
246
30
275
78
215
60
103
-23
3
-129
-42
-202
-30
-208
0
-154
6
-84
-31
-35
-93
-17
-148
-14
-170
-6
-163
17
-150
37
-145
37
-150
12
-143
-18
-112
-28
-69
-11
-37
19
-43
35
-83
18
-132
-18
-160
-43
-152
-30
-130
14
-131
55
-170
51
-231
-11
-267
-99
-233
-158
-129
-150
1
-73
94
21
110
71
64
50
4
-21
-9
-81
45
-79
139
3
211
129
214
235
138
277
24
244
-72
171
-111
103
-87
74
-28
84
25
112
45
127
25
104
-13
41
-48
-49
-52
-135
-14
-191
59
-190
144
-134
208
-40
220
50
175
98
89
87
5
30
-37
-35
-18
-74
49
-70
127
-40
187
-11
222
5
243
12
269
36
298
92
305
161
252
197
135
156
-13
33
-125
-127
-143
-245
-61
-263
72
-175
175
-35
186
71
104
90
-16
22
-98
-75
-99
-134
-31
-119
52
-54
91
14
64
41
-2
22
-59
-11
-81
-21
-73
7
-67
48
-93
65
-145
40
-185
-9
-177
-40
-115
-21
-32
47
26
117
25
138
-20
90
-54
1
-30
-63
63
-52
181
36
256
149
231
208
116
161
-27
19
-112
-148
-86
-257
38
-255
190
-157
286
-28
278
49
180
37
54
-48
-29
-148
-38
-202
8
-184
55
-119
52
-56
-13
-42
-112
-83
-190
-148
-207
-192
-156
-177
-69
-102
13
1
56
95
57
151
37
161
21
142
28
109
60
78
107
56
163
45
215
54
255
79
274
122
256
163
197
183
99
167
-12
117
-104
59
-156
23
-170
22
-172
49
-189
71
-235
54
-293
-8
-327
-98
-301
-165
-210
-173
-85
-112
23
-13
73
78
57
126
2
125
-51
103
-69
93
-57
116
-34
160
-30
199
-52
211
-80
202
-89
191
-68
206
-33
250
-15
298
-43
310
-115
259
-194
153
-236
40
-210
-32
-129
-29
-37
37
15
119
1
173
-62
171
-133
135
-170
97
-159
89
-120
111
-93
132
-98
116
-132
45
-158
-67
-136
-175
-55
-232
64
-223
175
-163
234
-94
228
-50
170
-41
99
-57
43
-70
18
-56
9
-15
-1
37
-25
82
-59
107
-91
119
-106
123
-105
122
-96
111
-87
80
-76
30
-55
-30
-14
-76
45
-93
103
-76
137
-45
127
-25
76
-28
1
-58
-66
-92
-113
-114
-141
-117
-158
-110
-179
-114
-198
-129
-199
-151
-159
-148
-83
-103
1
-19
57
69
54
116
-4
91
-78
0
-116
-110
-85
-175
11
-155
119
-56
174
72
138
159
18
161
-130
83
-233
-25
-244
-91
-166
-76
-47
19
47
144
74
233
33
247
-33
185
-71
86
-45
-3
41
-49
152
-49
246
-31
298
-15
306
-16
287
-28
254
-38
211
-43
151
-55
70
-83
-18
-129
-91
-176
-129
-197
-129
-173
-112
-109
-110
-34
-143
15
-202
11
-257
-34
-268
-84
-214
-98
-113
-57
-6
27
59
110
61
156
11
138
-59
67
-108
-28
-117
-117
-83
-174
-23
-192
47
-170
106
-124
143
-58
151
6
127
52
78
70
26
64
-13
48
-23
46
-13
69
-1
103
-14
124
-56
108
-113
52
-152
-17
-151
-66
-107
-71
-57
-42
-33
-11
-51
-13
-97
-58
-130
-127
-121
-175
-64
-180
9
-146
62
-109
73
-100
64
-126
67
-156
109
-151
177
-86
233
15
226
96
139
109
4
38
-117
-82
-169
-187
-136
-229
-56
-194
20
-122
46
-59
23
-34
-20
-47
-40
-67
-23
-63
23
-31
63
12
78
42
62
45
37
22
21
-11
21
-33
34
-43
44
-43
42
-43
30
-41
10
-40
-19
-42
-54
-57
-94
-93
-124
-143
-122
-182
-75
-180
6
-115
89
-4
124
115
89
184
-11
169
-134
76
-221
-54
-238
-170
-181
-232
-87
-232
1
-199
49
-161
54
-141
31
-144
6
-159
-10
-171
-5
-167
14
-142
39
-95
59
-33
63
33
42
84
-4
102
-64
76
-114
19
-132
-45
-107
-92
-49
-109
16
-108
69
-101
101
-104
127
-109
158
-98
198
-57
228
8
223
71
171
100
84
81
-6
26
-69
-35
-88
-79
-76
-98
-57
-108
-39
-120
-20
-134
19
-119
79
-54
139
58
149
176
81
239
-60
205
-221
84
-324
-59
-324
-146
-231
-127
-113
-22
-51
94
-88
139
-196
83
-293
-45
-303
-158
-201
-181
-27
-95
126
52
187
172
136
198
25
121
-62
-3
-69
-96
9
-108
116
-42
180
51
163
103
75
84
-26
13
-83
-59
-71
-79
-9
-36
49
47
60
118
14
134
-64
86
-127
5
-139
-69
-94
-105
-26
-100
31
-80
51
-71
35
-90
6
-129
-14
-165
-8
-175
11
-151
23
-106
7
-56
-38
-25
-103
-19
-169
-34
-217
-61
-240
-88
-233
-109
-199
-113
-141
-93
-67
-40
6
38
59
125
73
199
49
235
-1
228
-49
196
-77
159
-78
137
-62
133
-52
133
-61
118
-88
78
-111
22
-112
-33
-85
