78
202
142
147
182
29
166
-108
105
-215
32
-260
-15
-249
-16
-211
23
-178
74
-166
114
-174
129
-191
118
-207
80
-221
15
-226
-76
-211
-182
-161
-274
-66
-317
62
-289
179
-192
250
-73
243
16
165
37
66
-6
-13
-76
-25
-127
21
-128
98
-86
163
-27
199
24
212
66
221
112
229
179
223
259
177
317
81
320
-47
254
-161
146
-211
50
-181
12
-100
47
-23
122
5
180
-25
181
-82
124
-113
47
-93
-9
-28
-25
43
-20
83
-28
91
-64
95
-118
130
-143
204
-101
285
6
314
130
250
198
103
165
-69
38
-185
-120
-203
-238
-124
-268
-8
-219
76
-146
94
-98
59
-95
17
-118
4
-124
25
-89
57
-18
59
57
23
104
-45
113
-108
101
-146
91
-158
92
-162
93
-173
79
-187
46
-187
11
-161
3
-114
35
-83
88
-96
125
-168
107
-269
30
-349
-74
-368
-156
-320
-180
-237
-147
-161
-86
-116
-34
-98
-2
-81
21
-48
54
-10
95
8
121
-9
95
-53
9
-75
-105
-40
-185
56
-178
168
-86
221
34
162
101
1
62
-194
-81
-333
-252
-356
-366
-264
-373
-127
-276
-18
-135
14
-17
-27
42
-98
44
-151
16
-169
-9
-157
-28
-134
-43
-114
-64
-95
-88
-69
-105
-40
-107
-12
-103
1
-103
1
-117
-2
-138
13
-148
45
-134
78
-100
89
-72
66
-76
25
-117
-6
-171
-3
-201
34
-186
76
-129
86
-66
49
-29
-21
-24
-87
-35
-122
-27
-123
16
-121
74
-143
114
-195
103
-252
40
-274
-40
-235
-98
-146
-109
-39
-84
43
-54
83
-45
93
-56
100
-65
119
-52
138
-14
133
30
95
54
33
53
-24
37
-54
33
-49
57
-35
91
-31
113
-47
100
-59
61
-42
25
11
23
75
57
107
91
78
80
-4
2
-95
-122
-144
-238
-124
-292
-64
-269
-12
-202
-9
-137
-62
-112
-127
-125
-164
-134
-146
-110
-96
-46
-54
22
-47
52
-74
26
-92
-37
-69
-90
6
-95
96
-49
149
5
132
21
57
-26
-33
-119
-81
-206
-65
-237
-3
-195
55
-107
71
-18
31
35
-40
35
-103
3
-124
-35
-99
-54
-40
-47
28
-18
84
14
119
40
129
49
122
40
106
14
91
-16
86
-38
91
-38
98
-15
93
17
62
38
6
33
-52
4
-93
-30
-96
-45
-69
-30
-33
4
-11
38
-11
52
-21
44
-23
30
-1
32
36
59
67
98
72
127
49
128
14
102
-9
71
-7
57
13
64
29
78
25
77
5
49
-10
6
6
-18
60
4
127
79
167
174
144
244
57
247
-66
180
-174
68
-224
-44
-205
-110
-133
-115
-49
-71
10
-8
27
40
3
53
-37
32
-66
-8
-67
-47
-33
-60
25
-42
83
4
119
58
117
95
80
100
25
70
-28
21
-57
-24
-56
-46
-37
-37
-23
-11
-26
14
-48
30
-81
34
-107
36
-119
47
-119
66
-119
85
-129
90
-145
71
-154
35
-141
-1
-97
-20
-29
-9
42
28
95
74
114
111
100
121
66
105
33
71
16
39
23
24
45
36
71
71
84
113
74
143
41
150
2
133
-26
103
-34
77
-19
62
1
58
11
42
2
3
-19
-71
-28
-163
-6
-244
59
-287
152
-274
245
-214
308
-129
318
-52
284
1
218
22
141
16
72
-6
20
-36
-14
-69
-25
-93
-19
-103
-6
-99
3
-90
-6
-92
-33
-121
-62
-172
-74
-225
-51
-250
4
-224
62
-153
87
-73
55
-23
-24
-30
-112
-87
-163
-152
-152
-182
-91
-156
-16
-83
30
-6
27
45
-11
54
-44
40
-50
37
-25
62
6
106
18
146
4
159
-21
147
-30
133
-8
143
34
187
67
241
60
267
13
240
-43
163
-66
75
-30
25
53
37
139
100
180
168
148
194
64
155
-27
70
-74
-11
-52
-41
18
4
90
104
117
215
76
288
-24
290
-146
220
-241
105
-274
-16
-235
-102
-143
-133
-33
-115
59
-74
107
-38
112
-30
91
-42
74
-57
74
-47
83
-13
76
30
35
45
-32
10
-93
-63
-99
-127
-28
-131
99
-50
226
89
285
218
249
267
148
211
52
87
25
-28
87
-71
192
-32
268
39
258
74
170
35
62
-58
3
-142
21
-151
83
-75
122
37
81
110
-35
91
-166
-9
-237
-124
-199
-175
-75
-129
64
-11
142
117
127
182
44
163
-52
81
-103
-13
-91
-78
-33
-93
33
-69
77
-27
86
15
56
33
-7
19
-86
-42
-158
-140
-195
-248
-166
-317
-76
-308
46
-216
136
-81
147
31
76
71
-34
36
-115
-21
-121
-34
-65
25
-5
129
-5
210
-85
202
-202
95
-281
-58
-266
-184
-152
-229
4
-197
134
-139
199
-99
209
-95
211
-98
228
-69
253
-2
247
78
179
116
54
84
-76
-4
-153
-91
-151
-131
-90
-107
-21
-52
16
-9
25
2
38
3
84
33
153
103
200
185
180
221
90
158
-21
16
-78
-137
-31
-216
95
-173
223
-40
271
105
202
183
58
165
-84
98
-156
42
-145
45
-91
99
-49
162
-43
195
-57
190
-55
179
-18
190
35
224
64
248
47
224
4
148
-24
57
-1
6
61
23
107
76
84
96
-18
25
-146
-130
-212
-297
-158
-380
1
-322
177
-150
264
37
211
137
47
98
-128
-40
-218
-187
-186
-257
-71
-221
45
-116
88
-16
44
28
-52
6
-142
-49
-184
-95
-177
-111
-144
-98
-108
-70
-76
-35
-44
11
-8
76
19
148
23
210
-8
229
-62
201
-111
136
-127
64
-100
11
-45
-10
16
-13
61
-13
92
-14
112
-11
136
8
155
45
156
80
122
90
63
61
1
3
-33
-59
-26
-93
11
-87
47
-54
55
-25
27
-24
-27
-60
-78
-114
-100
-162
-89
-183
-62
-175
-37
-153
-35
-133
-47
-128
-64
-134
-66
-135
-47
-117
-11
-74
25
-15
43
45
37
86
9
95
-23
74
-42
39
-39
-1
-13
-33
25
-57
71
-70
114
-77
151
-75
182
-61
200
-40
198
-18
169
-14
118
-36
64
-80
28
-122
25
-138
53
-114
85
-54
96
8
68
41
21
33
-18
4
-18
-15
29
11
98
79
143
163
134
212
66
198
-27
120
-98
11
-117
-88
-81
-139
-16
-141
43
-110
70
-69
62
-36
31
-16
-8
-7
-45
-5
-71
-12
-81
-20
-71
-18
-38
4
6
43
40
85
53
109
40
91
21
40
24
-22
62
-58
129
-52
194
-16
223
22
201
27
146
-6
93
-55
71
-89
81
-91
101
-62
103
-34
78
-30
41
-51
20
-74
30
-75
61
-45
85
-1
77
25
34
13
-20
-26
-54
-70
-57
-89
-40
-74
-30
-51
-46
-42
-80
-54
-109
-76
-109
-78
-81
-49
-50
0
-45
30
-74
16
-110
-40
-118
-106
-74
-141
9
-119
89
-59
124
-4
91
7
16
-35
-59
-103
-103
-158
-107
-182
-95
-173
-92
-157
-103
-142
-111
-127
-97
-85
-61
-6
-28
100
-28
182
-78
202
-149
149
-190
62
-158
-1
-57
10
70
87
146
175
132
203
33
131
-84
-17
-146
-175
-112
-264
-6
-247
106
-155
155
-49
114
6
12
-11
-82
-66
-116
-105
-81
-86
-12
-12
38
76
35
126
-16
108
-71
40
-83
-36
-35
-70
52
-51
130
1
157
42
121
34
49
-28
-16
-113
-33
-177
0
-187
49
-141
76
-75
57
-29
-4
-25
-72
-58
-110
-96
-94
-106
-41
-70
22
-7
60
57
62
95
35
98
3
78
-16
50
-21
28
-23
7
-30
-18
-44
-52
-49
-78
-40
-78
-20
-44
-10
7
-34
44
-97
33
-173
-33
-221
-126
-197
-194
-98
-193
44
-115
170
7
229
115
209
164
132
136
49
53
-1
-46
2
-124
44
-162
100
-163
145
-144
173
-109
185
-64
185
-3
169
62
136
123
84
168
25
190
-35
194
-82
191
-115
182
-141
160
-163
119
-182
57
-181
-11
-152
-67
-90
-88
-13
-75
54
-37
94
1
105
26
100
42
100
65
111
107
116
163
102
211
52
221
-23
182
-93
105
-127
18
-110
-41
-54
-58
13
-40
62
-12
76
4
70
5
59
0
64
4
76
23
86
42
78
42
60
12
52
-35
74
-77
134
-86
216
-53
285
-1
311
40
287
42
236
3
190
-54
171
-90
184
-84
204
-42
202
13
156
46
76
40
-6
-4
-57
-59
-58
-98
-11
-103
64
-76
140
-27
197
25
226
65
226
86
202
76
165
39
127
-14
99
-69
93
-100
105
-93
113
-59
97
-20
45
-7
-28
-37
-85
-95
-89
-141
-26
-134
80
-61
182
47
231
139
210
168
144
121
85
35
72
-40
110
-57
161
-18
173
37
112
57
-7
16
-135
-71
-220
-158
-235
-202
-190
-187
-127
-132
-76
-75
-52
-42
-35
-36
-1
-39
59
-34
132
-21
197
-6
236
-4
250
-18
252
-28
248
-23
232
2
177
28
78
23
-52
-30
-177
-112
-255
-187
-262
-216
-214
-182
-148
-110
-105
-45
-99
-18
-106
-37
-93
-76
-33
-96
59
-74
149
-20
194
28
175
41
107
4
26
-63
-35
-124
-63
-151
-70
-142
-82
-112
-113
-86
-158
-78
-194
-80
-198
-74
-167
-42
-116
8
-71
56
-53
73
-57
41
-55
-27
-27
-100
45
-138
145
-125
234
-71
276
-11
247
16
164
-13
67
-81
0
-153
-14
-186
15
-161
49
-95
52
-33
8
-6
-56
-26
-105
-70
-102
-93
-47
-64
28
7
75
86
73
127
28
112
-15
59
-16
18
39
25
120
84
177
163
173
206
110
185
28
107
-20
22
-12
-28
35
-25
69
11
56
23
-15
-21
-106
-116
-159
-219
-142
-269
-59
-236
41
-131
104
1
95
98
28
136
-57
110
-115
62
-119
20
-77
1
-16
4
43
9
83
11
109
7
124
3
128
0
114
-11
76
-42
23
-100
-25
-170
-42
-228
-14
-240
52
-184
126
-71
168
64
148
176
71
226
-33
204
-120
131
-151
48
-111
-2
-16
-4
97
40
183
100
225
139
218
140
191
107
165
57
158
9
168
-22
186
-40
197
-51
195
-64
185
-72
177
-75
166
-66
150
-50
119
-37
72
-36
18
-47
-30
-58
-64
-59
-82
-44
-97
-15
-117
16
-148
36
-182
45
-204
48
-214
50
-203
52
-184
54
-158
52
-124
49
-80
49
-28
62
23
84
61
106
73
115
63
104
40
78
21
48
10
25
4
13
-5
5
-20
-5
-33
-13
-35
-6
-25
21
-12
64
-14
103
-40
117
-78
96
-101
62
-88
45
-42
69
10
119
23
163
-19
153
-98
72
-164
-47
-167
-144
-98
-167
8
-110
86
-13
89
54
13
46
-94
-28
-165
-122
-165
-177
-104
-170
-32
-115
8
-59
1
-30
-33
-32
-60
-37
-64
-20
-59
15
-80
37
-140
6
-219
-86
-271
-206
-246
-299
-141
-310
7
-235
136
-110
194
3
182
64
129
71
84
54
78
49
104
74
132
115
139
148
120
157
91
145
70
136
69
143
75
168
65
192
29
196
-25
170
-76
130
-103
93
-100
77
-83
78
-62
91
-49
103
-40
112
-26
127
-4
159
18
201
21
240
-8
247
-68
204
-135
110
-173
-3
-155
-95
-83
-132
18
-103
103
-33
130
30
86
42
-6
-14
-94
-117
-129
-218
-91
-262
3
-226
103
-129
151
-25
122
30
40
8
-49
-70
-85
-152
-45
-185
47
-148
143
-65
192
19
174
61
112
43
47
-15
18
-76
36
-108
88
-101
146
-60
187
-1
199
58
180
110
130
139
58
133
-26
88
-100
11
-135
-64
-120
-104
-62
-93
8
-39
49
21
47
53
20
45
4
23
31
33
99
103
169
220
184
328
114
366
-21
299
-161
148
-235
-21
-207
-140
-98
-170
40
-124
140
-49
176
9
155
23
115
6
92
-13
103
-11
135
18
163
64
169
100
145
110
105
85
68
35
52
-16
64
-45
100
-38
134
4
136
57
84
86
-21
58
-149
-28
-249
-135
-279
-206
-235
-196
-153
-104
-100
18
-117
105
-202
108
-298
36
-339
-50
-286
-85
-160
-38
-30
59
37
140
18
145
-42
73
-78
-23
-44
-69
52
-27
150
86
178
206
105
260
-40
226
-191
125
-285
16
-301
-60
-258
-92
-202
-100
-154
-114
-117
-135
-69
-151
-4
-143
66
-110
113
-72
122
-56
105
-68
85
-86
83
-80
99
-35
107
34
73
88
-8
93
-110
45
-184
-32
-196
-90
-146
-100
-61
-64
21
-3
71
52
90
93
88
120
74
135
42
132
-11
92
-76
13
-125
-89
-128
-168
-72
-183
18
-120
95
-9
111
94
57
142
-37
125
-116
74
-139
39
-106
45
-54
83
-29
112
-47
96
-89
29
-114
-57
-90
-117
-24
-126
48
-90
86
-48
70
-33
16
-57
-38
-98
-63
-123
-58
-116
-45
-86
-54
-62
-87
-72
-129
-113
-143
-157
-105
-167
-25
-120
57
-30
102
62
85
112
21
98
-53
27
-93
-60
-74
-124
-4
-141
83
-117
153
-71
188
-33
187
-13
165
-13
139
-19
116
-27
92
-37
59
-57
21
-91
-10
-132
-19
-159
-4
-158
23
-122
40
-76
25
-44
-15
-45
-61
-71
-79
-99
-61
-95
-15
-48
22
18
16
63
-40
54
-112
-8
-159
-88
-148
-138
-84
-129
-8
-76
33
-23
18
-18
-28
-64
-57
-133
-26
-169
62
-133
161
-37
214
74
184
135
85
122
-33
51
-115
-30
-143
-79
-134
-88
-128
-80
-148
-90
-183
-124
-200
-159
-164
-151
-87
-81
-6
36
30
143
-4
191
-82
153
-153
57
-166
-42
-105
-93
-3
-86
90
-43
132
-5
113
4
59
-17
0
-42
-45
-50
-82
-37
-130
-21
-198
-21
-272
-49
-323
-88
-328
-106
-284
-85
-212
-23
-147
50
-118
104
-124
112
-148
75
-163
13
-156
-49
-122
-94
-81
-119
-44
-130
-25
-131
-16
-118
-10
-77
-7
-7
-23
82
-77
157
-174
177
-299
120
-405
2
-438
-129
-368
-202
-210
-180
-22
-64
117
88
151
199
74
211
-54
124
-164
-11
-194
-115
-141
-139
-52
-86
9
-2
5
53
-49
50
-103
11
-101
-16
-30
14
80
107
173
225
202
311
164
331
91
285
24
201
-11
115
-18
42
-16
-22
-23
-85
-33
-148
-30
-189
-3
-186
39
-132
71
-44
69
43
29
105
-28
136
-74
152
-93
173
-95
199
-103
210
-127
184
-165
112
-186
16
-168
-66
-107
-106
-31
-101
25
-77
36
-64
8
-79
-32
-111
-52
-137
-47
-136
-30
-112
-19
-88
-29
-86
-46
-108
-40
-134
6
-131
87
-76
175
26
224
143
209
229
129
252
10
204
-103
100
-172
-19
-175
-115
-116
-154
-22
-131
68
-64
119
9
110
48
52
31
-19
-37
-59
-119
-49
-175
11
-177
84
-128
129
-65
125
-16
81
1
25
2
-20
6
-45
25
-73
43
-118
31
-176
-25
-215
-110
-198
-176
-111
-176
16
-101
121
14
150
103
93
112
-8
40
-86
-69
-89
-141
-23
-139
66
-68
112
21
86
71
8
59
-74
6
-111
-45
-88
-54
-30
-21
21
21
39
45
31
31
24
-3
43
-32
94
-30
152
4
190
48
188
78
146
78
83
46
23
-2
-17
-51
-31
-86
-23
-100
1
-84
25
-48
37
-4
25
26
-12
21
-60
-23
-94
-96
-90
-168
-40
-208
46
-206
140
-163
211
-103
243
-47
234
-11
199
1
153
-5
110
-23
74
-42
50
-58
37
-63
31
-53
23
-35
3
-19
-32
-20
-72
-40
-103
-67
-111
-81
-96
-71
-74
-41
-66
-15
-81
-11
-107
-35
-118
-66
-96
-76
-50
-54
-1
-12
18
18
5
14
-21
-16
-25
-39
6
-18
46
47
52
119
-11
140
-135
74
-262
-58
-325
-192
-288
-257
-175
-223
-51
-123
18
-17
11
35
-33
33
-54
21
-23
50
40
128
79
211
50
237
-40
168
-132
25
-155
-114
-78
-179
65
-146
193
-52
245
29
209
49
132
16
72
-20
62
-12
75
47
59
111
-20
121
-149
51
-265
-69
-307
-170
-255
-191
-150
-123
-64
-15
-54
60
-121
57
-210
-19
-252
-110
-214
-155
-105
-121
14
-25
87
81
86
146
25
146
-52
94
-107
22
-115
-36
-88
-62
-48
-63
-21
-55
-21
-65
-40
-98
-58
-149
-51
-194
-5
-198
68
-149
133
-63
149
15
100
38
6
-21
-85
-134
-110
-242
-46
-276
80
-214
201
-76
243
61
184
132
51
111
-85
30
-161
-46
-162
-73
-119
-46
-86
-2
-93
13
-129
-16
-156
-69
-136
-103
-68
-93
19
-38
83
25
103
70
90
84
68
86
57
94
54
112
41
126
11
121
-28
94
-50
66
-40
65
-8
98
13
134
-1
133
-47
71
-86
-33
-71
-133
16
-171
145
-134
253
-60
286
-4
239
-17
148
-90
77
-180
59
-232
84
-218
110
-163
95
-105
27
-85
-64
-101
-136
-132
-167
-147
-154
-136
-120
-108
-81
-73
-39
-30
10
28
62
105
94
182
88
225
39
212
-20
150
-45
84
-11
68
64
124
123
216
108
281
16
260
-109
153
-188
21
-170
-59
-64
-40
64
54
132
153
108
184
21
131
-56
37
-67
-29
-10
-26
59
36
79
92
26
93
-69
32
-143
-49
-152
-89
-102
-56
-45
25
-37
93
-94
102
-182
42
-242
-46
-235
-110
-161
-119
-63
-78
11
-26
44
11
42
20
31
21
25
26
18
33
-6
26
-47
-9
-91
-68
-107
-121
-86
-142
-37
-120
9
-76
22
-42
3
-45
-25
-75
-28
-107
8
-108
71
-69
129
-7
156
52
143
87
104
92
58
78
17
57
-18
18
-52
-37
-76
-106
-75
-168
-40
-199
23
-184
87
-132
119
-75
103
-47
54
-62
4
-98
-12
-127
10
-120
51
-77
81
-20
80
27
54
50
23
61
5
72
-2
93
-11
109
-35
104
-71
66
-100
9
-98
-41
-63
-58
-13
-42
21
-14
17
-4
-17
-25
-54
-63
-71
-85
-58
-69
-32
-10
-30
59
-72
107
-152
108
-240
69
-301
12
-312
-31
-279
-47
-218
-38
-157
-17
-105
-1
-63
9
-24
13
18
20
62
33
98
56
119
81
117
100
86
105
29
76
-45
11
-114
-81
-148
-173
-127
-227
-55
-215
40
-135
117
-16
141
95
105
163
32
176
-35
153
-64
124
-53
114
-21
121
16
131
37
132
54
128
78
138
110
179
130
241
111
296
37
304
-77
248
-189
144
-250
38
-237
-21
-165
-16
-80
37
-21
98
-5
132
-12
134
-11
125
16
132
62
163
91
196
80
194
26
130
-39
15
-70
-113
-42
-202
40
-222
130
-181
181
-124
170
-91
110
-105
42
-147
8
-183
20
-175
61
-124
92
-50
82
2
33
11
-33
-21
-78
-70
-85
-100
-62
-98
-37
-81
-45
-77
-88
-111
-144
-178
-179
-252
-167
-294
-115
-281
-48
-220
-11
-144
-17
-91
-56
-74
-93
-78
-100
-71
-71
-28
-29
47
-13
118
-45
143
-112
105
-173
25
-180
-46
-121
-59
-21
6
61
113
72
204
-1
220
-124
147
-234
15
-270
-112
-211
-175
-83
-148
55
-54
147
61
162
142
113
163
40
124
-14
59
-18
7
25
-2
95
40
155
115
173
190
135
229
54
212
-37
144
-102
52
-112
-25
-66
-58
10
-41
81
4
115
47
107
57
77
40
45
6
28
-25
25
-46
23
-64
12
-94
-2
-133
-1
-163
30
-157
87
-95
137
4
145
103
96
159
6
155
-81
107
-121
59
-101
49
-44
85
8
138
21
169
-8
150
-48
91
-60
27
-29
-8
30
-2
83
29
98
50
73
42
30
9
-1
-28
-10
-44
0
-37
8
-21
7
-4
1
13
4
43
23
104
42
187
35
262
-16
291
-109
247
-193
144
-228
24
-185
-57
-78
-67
52
-13
145
65
167
121
121
125
37
74
-47
-11
-101
-103
-115
-175
-90
-214
-43
-209
14
-158
60
-76
78
14
55
83
-1
107
-68
88
-113
54
-117
32
-84
36
-48
54
-34
57
-51
21
-78
-50
-82
-120
-42
-152
26
-124
83
-62
88
-10
32
-11
-52
-65
-107
-135
-98
-165
-27
-127
56
-32
94
60
62
93
-23
41
-106
-74
-129
-197
-73
-272
40
-279
161
-228
245
-157
269
-93
241
-54
182
-41
113
-49
51
-70
7
-91
-10
-93
3
-62
26
4
37
78
8
121
-64
96
-147
2
-188
-117
-146
-194
-22
-182
129
-75
237
72
243
185
149
217
8
165
-112
76
-168
4
-161
-23
-132
-23
-112
-28
-110
-61
-98
-105
-46
-125
48
-93
153
-18
218
59
221
93
175
74
129
26
117
2
136
28
146
83
101
110
-14
56
-158
-86
-250
-259
-233
-378
-101
-381
83
-265
231
-94
274
49
214
107
99
74
0
-1
-40
-66
-26
-89
5
-80
13
-70
-14
-83
-63
-126
-100
-178
-106
-216
-78
-223
-32
-203
16
-163
56
-112
82
-64
93
-27
93
-12
77
-26
63
-69
69
-115
107
-137
169
-117
228
-60
247
-1
209
25
122
-5
28
-78
-33
-156
-32
-194
15
-175
74
-116
103
-50
91
-10
50
-6
5
-32
-21
-62
-22
-87
-6
-105
13
-119
37
-127
70
-115
115
-71
161
1
182
85
161
138
106
141
42
93
14
24
45
-22
134
-16
246
41
332
114
363
163
332
162
267
108
202
30
162
-44
146
-92
142
-115
132
-119
106
-117
74
-110
50
-91
36
-49
34
14
26
83
3
134
-46
147
-99
110
-140
39
-146
-42
-107
-103
-40
-127
29
-119
67
-100
59
-96
6
-121
-64
-164
-119
-202
-141
-211
-134
-175
-120
-107
-119
-35
-134
17
-151
45
-143
65
-96
100
-23
162
53
231
95
274
93
263
66
196
48
107
70
41
128
30
186
