-64
-92
-33
-13
22
49
86
83
136
87
163
63
161
23
126
-19
69
-53
2
-67
-51
-60
-76
-44
-64
-44
-36
-78
-25
-145
-57
-217
-137
-250
-228
-202
-275
-81
-238
64
-112
175
49
188
167
102
175
-30
74
-145
-92
-170
-244
-100
-317
28
-296
143
-209
197
-110
168
-36
88
-1
-11
11
-100
16
-174
21
-237
15
-297
-15
-340
-65
-351
-122
-310
-161
-223
-162
-110
-125
-2
-59
80
9
121
64
121
87
90
72
40
18
-7
-66
-34
-159
-25
-231
23
-256
89
-226
146
-156
163
-78
131
-20
69
6
-2
10
-50
18
-72
42
-77
82
-87
122
-110
145
-138
144
-158
132
-153
122
-129
126
-95
139
-70
148
-57
148
-50
136
-44
119
-32
108
-19
99
-16
85
-18
60
-18
35
-8
21
18
30
48
60
64
92
52
100
23
76
6
35
21
9
74
21
141
76
183
142
170
175
98
144
2
47
-71
-83
-88
-197
-40
-253
47
-241
132
-175
180
-85
176
-4
128
49
54
76
-18
78
-76
74
-112
65
-130
55
-139
36
-144
1
-144
-55
-127
-120
-83
-176
-12
-202
74
-186
144
-144
177
-103
160
-86
110
-103
59
-134
37
-144
52
-103
79
-20
81
74
35
134
-45
136
-121
97
-149
56
-115
52
-42
95
25
154
47
192
21
176
-30
110
-66
28
-64
-37
-35
-69
-7
-76
-2
-81
-23
-98
-54
-118
-72
-120
-74
-92
-73
-43
-94
1
-139
16
-193
-4
-228
-43
-226
-73
-182
-77
-117
-61
-53
-37
-4
-15
35
4
68
23
92
45
103
62
93
59
71
35
54
11
60
10
86
49
103
112
78
160
2
152
-95
85
-168
-8
-170
-71
-105
-60
-16
8
37
83
26
107
-24
71
-58
13
-27
-3
65
62
158
185
182
291
107
301
-27
197
-128
35
-119
-87
8
-86
189
29
319
191
325
299
216
290
69
184
-23
56
-16
-13
66
7
147
82
164
141
100
134
-2
55
-76
-45
-82
-108
-33
-113
30
-74
57
-36
36
-31
-11
-66
-41
-110
-30
-124
15
-91
66
-17
88
66
62
132
-5
159
-90
145
-165
106
-213
57
-223
21
-197
12
-146
37
-92
91
-59
146
-63
173
-98
148
-137
81
-147
-4
-101
-59
1
-53
123
15
217
116
249
205
211
242
129
225
45
170
-13
108
-32
64
-26
40
-15
30
-9
25
-13
16
-16
6
-16
1
-8
5
5
18
18
40
27
74
28
110
16
142
-13
160
-57
148
-101
113
-124
67
-110
45
-59
62
8
120
60
196
68
251
30
257
-28
213
-66
146
-59
94
-14
79
44
98
74
115
57
95
5
21
-46
-84
-61
-185
-17
-239
61
-230
136
-179
173
-121
161
-86
122
-79
89
-78
88
-50
116
25
139
129
122
226
45
267
-74
231
-194
135
-264
21
-264
-67
-206
-103
-130
-97
-75
-81
-60
-86
-71
-122
-74
-165
-47
-178
13
-139
83
-51
120
54
100
135
28
161
-65
136
-136
85
-157
44
-131
37
-78
65
-38
107
-32
131
-61
116
-110
56
-151
-31
-158
-121
-123
-181
-56
-197
20
-167
71
-117
82
-75
48
-66
-8
-93
-54
-135
-64
-158
-32
-139
18
-76
46
2
31
52
-25
51
-87
5
-113
-46
-83
-56
-6
-7
70
85
100
173
66
209
-11
182
-83
115
-112
51
-86
23
-35
32
6
50
16
45
1
8
-6
-42
21
-74
82
-59
151
-3
190
69
181
121
126
140
49
124
-26
90
-86
49
-129
2
-156
-47
-162
-91
-139
-108
-84
-83
-17
-13
33
76
37
151
-7
175
-73
145
-127
88
-139
31
-107
2
-58
-6
-14
-11
13
-28
34
-46
60
-54
95
-38
117
-11
106
-1
59
-37
1
-110
-30
-185
-6
-216
56
-180
108
-110
102
-63
26
-91
-78
-194
-141
-323
-110
-397
11
-368
156
-243
247
-93
240
10
146
28
30
-20
-46
-79
-58
-111
-33
-107
-12
-102
-16
-129
-25
-183
-1
-221
77
-199
186
-100
263
35
250
129
141
124
-8
18
-119
-124
-129
-220
-47
-218
62
-131
124
-23
97
35
4
17
-93
-48
-134
-109
-105
-120
-36
-79
29
-16
59
38
60
69
56
93
64
131
70
176
49
207
-16
182
-107
91
-184
-37
-198
-144
-141
-182
-43
-144
37
-60
49
14
-6
35
-98
1
-172
-61
-199
-109
-173
-124
-119
-112
-64
-87
-16
-59
28
-31
75
7
122
57
150
104
146
125
112
109
67
60
35
1
22
-49
19
-88
9
-134
-15
-207
-32
-291
-10
-355
71
-349
194
-249
309
-74
352
112
293
233
151
254
-16
185
-130
87
-154
22
-103
25
-31
79
5
136
-20
146
-86
100
-146
17
-164
-58
-129
-94
-71
-87
-18
-60
6
-38
-1
-35
-15
-47
-15
-52
6
-35
38
7
62
62
66
116
49
156
18
177
-13
186
-40
185
-54
178
-57
165
-44
154
-15
148
33
163
88
202
136
252
156
301
133
320
69
291
-21
202
-111
66
-173
-91
-187
-231
-150
-325
-78
-354
1
-323
49
-254
51
-175
5
-115
-77
-83
-164
-78
-230
-88
-257
-92
-238
-78
-175
-35
-81
45
25
159
118
290
174
407
176
477
127
471
55
393
1
269
-2
151
49
81
128
68
189
88
194
103
139
74
54
4
-17
-79
-37
-135
-11
-141
33
-110
58
-71
52
-62
33
-81
30
-109
65
-110
130
-71
187
-10
200
39
163
44
94
4
34
-52
6
-87
8
-84
11
-58
-13
-42
-63
-56
-115
-94
-131
-121
-94
-102
-23
-28
38
74
52
154
9
174
-60
130
-111
56
-112
-8
-66
-32
0
-18
46
8
52
18
23
1
-12
-35
-30
-69
-21
-82
13
-61
57
-12
97
59
117
139
112
212
76
252
16
245
-55
186
-103
94
-109
4
-62
-54
19
-64
101
-40
152
-8
163
10
147
13
129
22
116
47
103
91
67
124
1
122
-79
78
-139
12
-144
-32
-95
-21
-22
42
28
119
25
163
-25
153
-88
103
-123
45
-115
16
-83
19
-62
33
-72
25
-102
-10
-122
-51
-108
-65
-62
-34
-17
29
-8
79
-43
87
-102
45
-138
-12
-127
-42
-74
-26
-19
18
-3
49
-30
33
-79
-30
-100
-98
-66
-129
14
-96
100
-14
148
77
138
136
86
148
29
130
-1
109
0
102
17
109
29
117
30
108
22
90
21
71
29
64
38
64
37
64
21
52
-1
37
-18
24
-26
27
-30
41
-42
56
-66
56
-92
42
-103
34
-93
42
-71
66
-59
87
-69
81
-97
33
-115
-37
-93
-93
-23
-103
62
-68
127
-15
138
12
103
-6
62
-59
53
-100
92
-93
157
-27
204
64
199
140
138
168
52
147
-20
107
-57
71
-65
46
-67
17
-69
-27
-59
-75
-21
-105
57
-80
153
1
226
112
243
209
196
257
116
253
44
224
6
199
-4
188
-8
180
-21
151
-40
101
-40
58
-1
54
56
100
91
168
61
196
-35
140
-151
7
-211
-141
-167
-218
-33
-175
119
-35
197
125
153
209
8
168
-151
26
-236
-135
-205
-233
-81
-234
61
-156
152
-61
164
4
110
13
34
-19
-28
-68
-64
-117
-70
-157
-57
-185
-18
-189
45
-148
124
-62
192
59
216
172
182
237
100
232
16
165
-30
78
-21
11
37
-17
109
-8
164
18
187
53
177
86
144
121
84
151
-4
158
-117
129
-233
62
-322
-23
-353
-88
-322
-107
-252
-81
-177
-30
-124
11
-88
31
-53
40
-1
58
65
102
118
158
129
195
88
182
10
112
-62
13
-98
-75
-87
-124
-52
-129
-19
-104
-11
-70
-19
-42
-33
-9
-42
28
-52
67
-71
88
-100
74
-124
28
-122
-21
-74
-40
1
-17
69
29
88
58
51
34
-16
-45
-64
-139
-62
-203
-9
-203
54
-151
79
-93
50
-71
-14
-95
-69
-144
-76
-175
-32
-153
30
-91
73
-23
69
21
36
30
1
23
-11
25
-6
46
-6
72
-32
70
-81
28
-118
-40
-112
-93
-49
-96
45
-45
123
32
155
89
136
98
97
65
73
18
85
-10
117
-11
140
-3
130
-13
95
-49
57
-98
40
-127
49
-121
59
-85
45
-52
-1
-46
-60
-67
-98
-95
-97
-98
-60
-64
-21
-11
-6
27
-23
26
-48
-11
-50
-53
-10
-65
58
-37
115
15
134
52
109
54
69
28
52
10
72
35
112
107
128
197
92
256
6
252
-92
194
-149
122
-144
78
-87
83
-20
119
17
143
13
125
-7
67
-5
6
43
-19
120
11
185
71
193
115
136
101
43
25
-33
-78
-54
-158
-17
-180
45
-144
83
-89
66
-61
9
-80
-50
-130
-69
-173
-30
-165
44
-98
110
1
126
86
88
122
24
106
-29
64
-40
33
-16
29
11
40
11
30
-21
-25
-64
-121
-78
-224
-33
-285
62
-276
165
-204
231
-107
232
-36
180
-11
117
-13
82
-11
88
30
110
104
111
180
66
211
-13
178
-89
98
-119
9
-86
-43
-7
-43
71
-11
117
20
117
26
95
8
76
-13
77
-13
88
8
90
38
69
55
32
52
4
40
-3
47
16
86
33
143
21
187
-33
183
-110
130
-177
43
-197
-38
-169
-85
-114
-95
-64
-83
-37
-76
-31
-83
-30
-95
-18
-94
4
-74
21
-50
14
-45
-16
-76
-45
-134
-49
-186
-10
-202
52
-168
102
-102
103
-43
47
-26
-43
-61
-125
-120
-164
-165
-148
-166
-103
-115
-61
-38
-47
32
-66
74
-97
84
-120
78
-121
68
-105
61
-93
48
-95
14
-118
-53
-148
-146
-169
-245
-169
-329
-146
-377
-119
-392
-100
-378
-101
-351
-120
-321
-144
-288
-161
-247
-163
-195
-149
-133
-126
-74
-100
-27
-64
4
-17
28
50
57
129
100
200
153
236
196
220
202
159
153
71
56
-6
-61
-49
-168
-57
-237
-39
-263
-19
-258
-12
-240
-14
-216
-13
-182
5
-122
34
-36
58
65
55
158
16
215
-48
226
-114
195
-163
145
-175
101
-161
73
-129
66
-95
77
-66
103
-46
134
-37
166
-38
194
-51
205
-65
196
-70
175
-57
152
-27
136
13
125
45
105
69
72
86
27
112
-12
153
-28
194
-13
218
17
204
33
153
14
88
-35
44
-91
42
-115
78
-95
117
-43
126
-1
89
2
25
-53
-30
-140
-43
-221
-6
-269
55
-276
112
-263
142
-246
151
-232
153
-205
161
-154
163
-76
140
3
76
47
-23
34
-119
-25
-175
-96
-165
-136
-102
-126
-23
-75
30
-14
41
26
11
28
-31
0
-64
-40
-76
-74
-66
-95
-42
-100
-9
-85
32
-42
75
23
104
97
107
155
81
176
43
153
22
107
38
69
94
68
164
100
216
145
218
170
175
157
108
107
49
42
15
-14
6
-50
13
-68
26
-72
45
-63
74
-32
113
30
147
112
154
189
117
222
42
194
-37
112
-86
12
-80
-65
-29
-95
30
-83
61
-64
44
-69
-5
-106
-50
-158
-56
-187
-18
-158
42
-74
83
37
75
130
16
168
-70
144
-134
84
-146
32
-98
24
-22
62
42
123
56
168
17
163
-47
110
-94
40
-92
0
-36
20
38
98
88
199
83
274
30
294
-37
263
-72
217
-54
194
4
209
65
246
88
267
58
240
-4
158
-57
49
-78
-45
-59
-95
-29
-103
-18
-88
-45
-76
-106
-84
-180
-112
-239
-146
-267
-174
-262
-187
-229
-180
-171
-150
-99
-96
-27
-29
25
33
47
62
39
45
28
-8
45
-62
101
-74
182
-28
238
54
223
112
127
100
-15
4
-138
-136
-183
-253
-140
-293
-47
-247
30
-163
49
-97
4
-91
-58
-129
-90
-177
-64
-185
-1
-145
53
-83
68
-34
42
-25
3
-47
-11
-64
16
-48
65
8
106
84
110
143
72
161
18
131
-23
73
-33
9
-4
-46
54
-76
129
-80
203
-50
261
2
284
62
257
104
182
108
81
73
-18
14
-89
-40
-127
-79
-144
-101
-151
-124
-149
-153
-120
-172
-44
-148
72
-58
190
86
262
230
246
316
161
304
54
209
-11
86
0
0
67
-25
138
-8
161
0
126
-29
68
-93
30
-149
33
-158
58
-122
62
-75
19
-65
-55
-111
-109
-182
-95
-223
-8
-190
107
-91
184
21
190
85
135
73
78
15
72
-30
127
-16
202
55
237
132
197
158
100
106
5
8
-36
-78
-5
-107
67
-70
124
-1
131
56
88
77
27
67
-27
48
-62
34
-93
13
-134
-31
-177
-107
-197
-192
-170
-250
-93
-249
4
-191
76
-113
96
-59
70
-49
33
-76
23
-104
56
-103
112
-67
160
-19
174
13
159
20
136
11
122
8
117
18
105
28
68
18
12
-27
-37
-90
-50
-139
-18
-141
45
-93
95
-19
104
40
74
62
35
54
18
50
37
78
64
134
60
180
-5
168
-112
72
-211
-80
-243
-226
-185
-296
-64
-267
54
-165
98
-64
52
-24
-52
-63
-143
-144
-160
-197
-92
-173
16
-69
95
66
98
158
26
167
-69
98
-121
6
-95
-43
-4
-17
95
63
145
151
117
190
35
167
-52
106
-96
52
-90
37
-53
66
-25
108
-21
136
-35
147
-40
155
-17
186
21
243
41
301
21
318
-44
269
-111
164
-137
51
-96
-13
-10
-7
69
49
83
95
13
79
-112
-16
-231
-161
-288
-296
-269
-375
-196
-385
-117
-344
-67
-286
-59
-242
-77
-218
-97
-206
-103
-194
-93
-172
-69
-139
-35
-90
1
-20
28
61
28
135
-8
169
-78
143
-149
61
-180
-37
-141
-98
-30
-83
103
6
200
127
221
218
165
242
76
204
6
140
-10
97
17
93
56
119
69
139
49
130
14
92
-6
44
1
9
32
-4
66
-3
86
2
93
8
89
18
75
35
47
49
-8
45
-77
10
-141
-41
-167
-71
-142
-44
-87
52
-47
182
-65
282
-151
303
-264
233
-334
117
-308
25
-182
7
-4
73
151
174
231
252
232
271
189
228
146
163
129
110
129
80
120
59
91
30
47
-6
16
-31
15
-10
40
66
56
176
28
275
-54
318
-162
288
-252
212
-281
132
-240
88
-152
90
-61
122
-4
144
8
134
-1
94
-5
49
14
31
52
54
83
105
79
159
29
177
-50
152
-121
98
-150
50
-123
41
-66
76
-15
129
-7
156
-41
127
-91
47
-107
-41
-60
-79
33
-41
116
52
132
142
57
159
-76
90
-195
-33
-230
-130
-165
-136
-47
-47
46
79
57
164
-13
152
-107
54
-144
-59
-90
-122
31
-100
152
-26
205
38
176
45
98
-6
31
-73
6
-105
16
-85
20
-38
-17
-7
-95
-16
-174
-53
-211
-76
-195
-55
-154
6
-137
62
-163
65
-218
6
-252
-87
-220
-153
-124
-153
-7
-90
70
-7
70
39
4
21
-80
-45
-131
-115
-128
-146
-88
-129
-48
-88
-35
-53
-43
-40
-54
-42
-42
-36
-1
-6
47
45
79
97
76
123
45
110
3
60
-28
-8
-31
-74
-1
-111
52
-112
115
-63
163
22
173
119
127
194
31
216
-91
177
-199
95
-255
11
-247
-42
-190
-51
-118
-30
-63
-8
-35
-1
-20
-9
-5
-18
18
-18
39
-11
45
-13
30
-35
10
-73
6
-104
29
-106
66
-75
98
-32
105
1
86
5
74
-8
90
-3
140
42
199
124
231
206
202
249
122
225
28
145
-35
46
-47
-27
-18
-58
13
-59
22
-57
-5
-81
-47
-126
-70
-170
-54
-182
1
-139
73
-39
124
93
128
225
70
313
-43
322
-182
243
-299
95
-344
-71
-290
-185
-144
-202
40
-110
182
37
221
165
142
209
-9
145
-157
16
-229
-107
-204
-161
-114
-122
-15
-21
36
94
18
179
-46
211
-126
198
-192
156
-230
100
-238
42
-217
-8
-170
-29
-112
-17
-64
17
-53
45
-91
33
-158
-30
-211
-116
-214
-177
-157
-177
-71
-115
-7
-37
4
9
-26
-3
-51
-49
-23
-74
64
-40
165
47
219
129
193
146
107
80
28
-30
11
-110
64
-107
134
-29
150
62
74
94
-69
39
-201
-66
-257
-149
-217
-153
-126
-79
-52
25
-37
94
-72
103
-110
72
-107
46
-57
54
5
85
42
105
40
92
22
52
23
21
57
31
100
83
112
141
71
161
-6
128
-76
72
-97
36
-69
48
-30
93
-25
123
-69
98
-130
25
-162
-55
-136
-94
-67
-67
-7
-7
-1
37
-49
30
-112
-11
-135
-41
-98
-12
-28
80
20
189
7
251
-54
235
-108
164
-99
102
-8
98
124
160
229
243
257
285
208
247
126
140
64
9
55
-95
88
-153
130
-166
154
-157
147
-136
118
-106
71
-71
11
-47
-70
-52
-153
-96
-209
-163
-205
-206
-130
-186
-16
-97
81
28
111
124
68
146
-13
89
-73
-1
-66
-71
-1
-83
81
-46
137
3
141
27
107
20
71
-1
54
-12
54
-3
49
10
28
8
-5
-13
-30
-37
-29
-41
-9
-16
4
21
-11
39
-53
22
-98
-16
-112
-46
-90
-40
-52
-2
-38
33
-70
25
-127
-38
-167
-126
-148
-182
-68
-167
30
-82
87
17
66
73
-19
53
-114
-21
-153
-87
-119
-95
-33
-28
41
80
59
165
8
186
-75
135
-135
49
-132
-30
-68
-65
26
-52
107
-14
145
14
134
9
88
-35
39
-105
10
-173
13
-215
47
-204
89
-144
111
-56
86
24
9
54
-100
25
-200
-57
-246
-148
-223
-209
-144
-226
-47
-213
35
-192
95
-182
140
-170
188
-135
234
-64
253
27
208
88
92
75
-61
-18
-180
-149
-207
-240
-135
-231
-11
-119
84
42
92
166
8
199
-108
144
-186
57
-177
6
-99
25
-8
93
37
162
13
186
-49
163
-110
125
-136
107
-138
125
-143
155
-180
158
-244
119
-293
54
-291
9
-231
16
-144
70
-80
130
-70
142
-100
89
-120
-2
-81
-68
27
-55
156
37
238
158
214
225
95
186
-56
54
-153
-102
-142
-198
-33
-182
104
-72
188
69
172
160
73
158
-48
83
-117
-7
-105
-53
-35
-30
44
39
74
98
42
107
-26
57
-76
-22
-74
-83
-11
-91
79
-43
154
34
183
97
161
122
109
102
58
54
27
-3
25
-52
39
-88
69
-105
101
-98
134
-66
155
-10
151
49
115
91
51
99
-18
76
-63
45
-68
31
-37
52
6
96
24
128
2
115
-40
48
-69
-52
-51
-135
21
-163
119
-128
194
-56
206
8
153
28
59
3
-25
-40
-69
-66
-76
-54
-64
-16
-62
22
-79
41
-96
41
-93
44
-57
75
-7
138
23
204
4
231
-66
194
-146
102
-192
-3
-176
-68
-103
-60
-21
7
25
90
8
145
-55
145
-118
110
-144
76
-119
76
-62
108
-16
143
-4
142
-23
86
-37
-8
-13
-99
66
-141
178
-119
277
-49
320
26
294
71
216
76
126
49
55
25
19
22
3
42
-9
71
-31
90
-60
93
-85
80
-93
59
-86
38
-72
9
-62
-34
-52
-95
-34
-160
4
-207
60
-219
118
-197
155
-155
152
-119
112
-104
54
-111
4
-123
-23
-121
-30
-100
-33
-69
-45
-52
-62
-53
-69
-61
-51
-49
-3
-2
45
80
59
161
12
194
-86
153
-194
43
-257
-86
-235
-170
-136
-168
-11
-81
78
35
83
115
11
113
-87
35
-144
-71
-118
-138
-16
-124
112
-32
197
84
196
159
112
154
-8
67
-107
-60
-144
-178
-118
-253
-58
-281
-1
-283
29
-281
33
-286
27
-289
22
-279
21
-253
9
-223
-18
-204
-54
-199
-83
-197
-83
-173
-55
-111
-21
-18
-11
70
-45
119
-110
105
-172
39
-191
-41
-141
-90
-41
-82
67
-29
139
32
148
62
106
44
42
-16
-9
-88
-27
-145
-7
-163
30
-140
67
-81
89
1
91
90
65
165
15
211
-50
216
-106
184
-135
136
-121
94
-72
76
-16
73
25
66
33
30
23
-30
22
-93
45
-122
93
-96
133
-26
128
49
69
91
-30
83
-121
49
-167
21
-161
27
-129
59
-101
84
-99
73
-103
18
-80
-42
-7
-67
101
-28
197
52
231
123
177
132
64
64
-45
-46
-99
-139
-81
-166
-23
-122
21
-40
13
25
-43
44
-115
18
-156
-24
-151
-45
-110
-42
-64
-23
-36
-16
-32
-31
-37
-64
-34
-96
-19
-111
4
-103
17
-82
14
-53
-4
-23
-35
4
-76
23
-121
21
-169
-9
-201
-61
-197
-112
-140
-126
-46
-83
52
6
105
104
86
156
-4
131
-122
35
-207
-89
-231
-191
-184
-231
-106
-206
-36
-145
-5
-79
-11
-37
-42
-23
-67
-30
-74
-42
-54
-49
-16
-42
33
-18
78
16
100
54
94
77
52
71
-16
26
-85
-43
-134
-109
-148
-152
-137
-158
-119
-140
-112
-115
-118
-98
-124
-85
-113
-57
-79
-4
-44
65
-32
128
-57
153
-113
124
-170
58
-200
-18
-190
-76
-156
-110
-121
-130
-95
-151
-73
-165
-35
-151
26
-82
87
37
104
165
49
239
-74
217
-207
107
-278
-25
-243
-103
-115
-78
34
33
118
155
94
205
-13
150
-126
24
-163
-87
-98
-108
28
-20
132
129
141
251
48
279
-96
206
-206
84
-218
-6
-131
-15
1
54
101
148
127
204
86
187
30
119
11
48
54
26
132
69
191
149
190
216
118
227
6
175
-98
86
-152
5
-151
-39
-116
-40
-84
-25
-78
-19
-95
-40
-114
-79
-109
-112
-72
-119
-18
-91
35
-42
58
9
50
40
16
42
-25
16
-59
-25
-74
-71
-67
-117
-40
-149
7
-162
65
-144
117
-101
147
-45
139
0
91
14
17
-6
-57
-45
-108
-78
-129
-88
-132
-71
-139
-44
-158
-27
-189
-30
-211
-49
-204
-66
-163
