-97
27
-68
83
-13
124
52
138
107
127
136
98
136
62
107
31
55
16
-3
24
-44
55
-54
91
-23
107
25
77
60
1
49
-93
-8
-158
-81
-158
-114
-90
-70
-2
57
52
210
15
314
-112
301
-267
173
-387
-21
-399
-201
-296
-298
-119
-298
58
-226
180
-136
226
-62
214
-21
177
1
138
19
99
37
54
44
-4
25
-64
-21
-102
-77
-101
-120
-60
-129
4
-101
64
-47
102
16
104
65
72
91
18
82
-47
40
-104
-28
-133
-103
-119
-157
-64
-168
16
-129
88
-60
129
8
119
45
83
39
45
6
29
-33
42
-57
71
-66
95
-69
99
-83
92
-110
83
-139
88
-150
100
-139
110
-107
101
-74
70
-46
23
-31
-24
-24
-66
-18
-104
-18
-143
-33
-177
-66
-200
-109
-197
-144
-166
-157
-122
-150
-83
-136
-66
-137
-61
-161
-49
-194
-4
-201
74
-160
159
-71
214
35
209
110
143
121
48
62
-23
-35
-35
-124
19
-161
115
-136
211
-64
274
26
281
107
240
159
172
182
97
184
29
179
-24
173
-68
165
-107
148
-148
115
-182
57
-196
-10
-180
-73
-125
-109
-45
-107
34
-82
84
-57
95
-60
78
-96
69
-146
86
-172
137
-148
192
-77
214
1
177
49
95
39
6
-13
-42
-69
-35
-86
12
-57
54
-8
58
21
20
2
-32
-58
-57
-129
-39
-173
15
-174
74
-143
108
-105
115
-71
108
-40
106
7
111
79
105
165
73
235
6
266
-76
248
-143
202
-170
151
-153
117
-111
103
-64
93
-24
82
9
69
40
66
69
72
84
78
77
70
56
48
37
25
40
28
55
67
63
129
28
168
-56
147
-159
62
-231
-50
-228
-131
-152
-141
-48
-88
25
-21
33
4
0
-23
-21
-67
19
-59
110
33
195
187
200
320
100
354
-63
269
-198
117
-222
-4
-123
-15
36
86
153
226
156
305
54
272
-76
144
-146
-1
-110
-78
-1
-58
107
25
143
102
91
116
-9
64
-88
-11
-110
-55
-78
-45
-40
2
-34
37
-73
30
-127
-25
-158
-95
-135
-141
-64
-139
22
-94
87
-34
110
16
95
35
56
23
20
-8
1
-40
4
-54
31
-38
66
11
91
87
83
159
30
199
-57
181
-151
113
-210
25
-204
-42
-137
-47
-37
8
47
96
79
173
51
202
-14
177
-76
119
-107
54
-105
8
-76
-16
-47
-26
-29
-34
-22
-47
-20
-62
-18
-74
-10
-77
3
-71
14
-54
25
-28
29
4
21
33
-3
45
-40
30
-78
-11
-94
-61
-74
-93
-20
-84
49
-33
99
32
102
80
57
79
-11
33
-62
-30
-68
-71
-35
-66
8
-23
27
26
-2
42
-63
5
-122
-65
-136
-134
-94
-162
-11
-137
71
-81
120
-28
124
-10
103
-32
93
-63
116
-68
168
-30
216
45
221
117
163
146
58
110
-53
22
-122
-74
-126
-133
-78
-137
-19
-99
17
-54
9
-38
-25
-61
-51
-103
-40
-127
8
-111
71
-52
108
17
95
62
37
54
-36
3
-84
-64
-80
-109
-30
-103
42
-52
101
25
119
93
94
127
43
115
-4
70
-24
18
-5
-15
43
-15
97
16
129
57
121
79
71
62
-1
4
-58
-68
-75
-120
-49
-123
-6
-76
18
-9
-3
38
-62
41
-131
5
-164
-36
-139
-33
-69
25
1
127
25
221
-13
260
-93
235
-168
168
-198
107
-171
80
-119
92
-76
118
-65
124
-78
101
-84
63
-54
49
10
75
83
139
128
212
128
260
85
265
24
233
-35
173
-76
104
-97
28
-104
-50
-92
-119
-53
-156
13
-141
90
-73
142
25
144
115
93
162
14
162
-52
135
-78
112
-60
111
-23
127
12
139
34
134
54
118
83
107
122
115
150
130
144
124
100
74
40
-13
3
-97
13
-133
57
-102
86
-32
52
19
-53
-4
-189
-105
-279
-230
-271
-303
-168
-275
-30
-158
62
-18
62
71
-16
71
-108
3
-156
-79
-142
-134
-88
-153
-43
-169
-27
-214
-23
-285
7
-337
86
-320
186
-223
251
-86
224
18
98
25
-68
-63
-190
-182
-212
-255
-135
-226
-29
-115
34
13
10
91
-78
85
-170
23
-209
-40
-178
-61
-112
-35
-54
6
-34
33
-44
40
-59
40
-65
59
-69
94
-97
119
-165
100
-251
24
-317
-79
-317
-159
-239
-168
-117
-99
-11
8
29
98
0
122
-68
82
-126
0
-139
-82
-105
-139
-50
-173
1
-192
40
-210
69
-213
99
-194
125
-147
133
-84
109
-30
54
-1
-10
7
-62
11
-91
23
-109
40
-132
34
-165
-10
-191
-91
-176
-168
-98
-194
23
-141
140
-25
190
100
139
163
4
134
-150
29
-250
-87
-260
-148
-193
-121
-108
-25
-60
89
-75
166
-134
186
-192
166
-211
145
-183
148
-130
175
-88
205
-76
210
-93
177
-119
122
-127
64
-113
27
-84
17
-59
29
-50
48
-61
66
-80
76
-99
85
-110
91
-110
94
-96
93
-71
89
-30
89
25
102
89
131
142
169
165
200
146
202
83
158
-4
61
-92
-74
-148
-222
-157
-344
-110
-411
-28
-408
62
-342
125
-239
141
-134
106
-53
34
-15
-46
-17
-110
-44
-139
-81
-127
-109
-78
-110
-6
-78
74
-6
137
89
161
180
129
238
47
235
-55
171
-136
76
-163
-6
-127
-37
-56
-7
2
57
13
107
-31
111
-101
65
-153
0
-154
-40
-110
-35
-50
8
-14
57
-13
80
-30
73
-40
60
-15
72
35
122
72
190
66
234
7
223
-79
156
-154
60
-192
-28
-194
-86
-190
-127
-204
-175
-241
-247
-275
-334
-270
-392
-209
-382
-113
-299
-29
-166
6
-33
-18
57
-74
93
-115
101
-112
118
-66
164
-5
232
33
293
25
314
-13
286
-63
216
-96
133
-100
61
-78
16
-46
1
-18
15
-2
50
-12
91
-50
118
-111
112
-177
71
-223
6
-220
-52
-163
-76
-71
-57
25
-12
89
30
114
45
112
35
106
17
105
10
100
16
71
13
9
-20
-71
-89
-132
-169
-141
-216
-98
-197
-30
-117
14
-13
6
64
-49
88
-111
69
-142
40
-127
35
-81
57
-42
81
-28
78
-33
45
-26
1
17
-16
90
13
161
73
191
123
170
132
122
92
86
38
91
8
129
22
164
61
155
81
97
49
14
-30
-40
-119
-35
-172
18
-157
85
-93
119
-16
103
38
52
51
6
39
-11
28
11
36
48
58
83
76
105
78
116
63
129
42
144
24
155
8
149
-13
124
-47
88
-86
55
-117
32
-129
14
-122
-9
-106
-40
-94
-68
-88
-77
-71
-61
-33
-32
23
-8
74
-11
93
-35
66
-50
7
-34
-45
21
-60
87
-35
124
4
104
12
36
-24
-41
-88
-82
-136
-69
-128
-25
-57
9
47
1
141
-55
187
-127
188
-179
165
-194
141
-178
119
-156
85
-141
24
-121
-52
-78
-115
-4
-135
81
-101
137
-37
132
16
64
23
-36
-14
-126
-68
-172
-107
-182
-120
-179
-123
-175
-139
-169
-167
-137
-186
-65
-161
27
-86
95
11
90
66
11
36
-93
-72
-153
-197
-118
-255
-1
-192
130
-29
185
150
117
253
-47
231
-220
110
-312
-35
-279
-119
-147
-109
13
-25
126
74
162
134
133
135
80
88
36
19
15
-53
13
-122
25
-177
54
-211
100
-201
159
-141
206
-44
212
50
161
100
69
86
-20
16
-63
-69
-42
-128
34
-144
130
-119
214
-74
267
-21
288
30
283
81
246
124
173
141
69
118
-47
50
-142
-40
-188
-111
-180
-141
-136
-124
-92
-83
-69
-47
-66
-26
-63
-12
-38
21
6
86
41
170
43
241
-4
267
-78
237
-142
176
-162
121
-132
99
-71
115
-13
148
26
180
44
199
56
211
67
226
75
238
66
232
40
195
13
133
6
76
40
58
97
91
141
153
138
204
78
205
-8
151
-71
76
-78
24
-30
25
33
66
64
103
41
93
-14
26
-60
-70
-59
-148
-11
-175
54
-153
91
-114
80
-91
33
-91
-18
-93
-47
-78
-60
-35
-78
18
-117
40
-175
18
-217
-36
-210
-86
-143
-97
-40
-64
51
-14
95
8
89
-19
61
-88
47
-163
64
-211
99
-220
119
-206
107
-196
69
-199
25
-202
7
-180
15
-121
29
-36
24
41
-9
81
-53
77
-74
53
-52
40
3
49
59
68
86
67
75
24
47
-52
39
-126
64
-161
110
-141
142
-86
132
-35
78
-8
11
-4
-31
11
-29
69
-2
167
11
274
-21
336
-95
326
-176
248
-213
144
-181
59
-97
21
-3
11
57
-7
73
-59
68
-141
79
-211
128
-233
202
-185
256
-95
250
-13
175
19
64
-10
-34
-68
-74
-110
-53
-100
-6
-46
23
15
4
36
-53
-1
-107
-81
-115
-159
-63
-188
28
-160
110
-93
143
-35
119
-15
66
-35
18
-69
9
-80
27
-54
43
-7
28
27
-25
16
-93
-38
-130
-105
-110
-137
-37
-109
49
-30
103
59
95
113
44
112
-14
74
-38
37
-18
35
21
68
38
105
8
104
-58
48
-124
-49
-151
-142
-116
-194
-40
-188
34
-144
73
-97
70
-74
43
-79
26
-89
34
-85
57
-61
76
-33
78
-25
65
-39
64
-62
84
-64
125
-35
158
18
156
62
103
64
18
21
-65
-52
-113
-115
-118
-141
-102
-129
-92
-101
-105
-76
-139
-70
-169
-69
-180
-62
-174
-37
-164
-8
-168
0
-187
-26
-199
-78
-177
-120
-110
-125
-17
-77
63
3
93
73
63
98
-6
69
-70
8
-95
-46
-73
-64
-23
-40
20
6
33
42
11
47
-25
23
-52
-13
-54
-42
-42
-58
-30
-68
-33
-87
-55
-125
-81
-181
-99
-236
-95
-273
-71
-276
-42
-255
-25
-214
-30
-171
-55
-143
-91
-126
-121
-117
-139
-106
-149
-96
-147
-90
-144
-93
-132
-104
-106
-112
-55
-100
9
-57
71
10
106
84
95
132
45
135
-25
89
-82
20
-103
-46
-83
-86
-42
-100
-4
-100
20
-102
25
-112
29
-125
41
-120
58
-90
64
-42
40
5
-24
25
-113
13
-204
-25
-274
-68
-305
-93
-303
-91
-279
-62
-247
-13
-215
49
-190
112
-173
167
-164
207
-165
221
-166
208
-158
175
-132
136
-89
103
-35
73
13
42
54
4
89
-37
134
-65
191
-59
250
-18
288
45
282
95
235
111
167
93
113
65
93
60
106
93
117
150
94
193
25
188
-70
125
-151
25
-182
-67
-157
-126
-99
-139
-36
-130
9
-111
37
-93
64
-58
97
5
124
95
119
187
69
242
-27
239
-126
187
-192
121
-199
80
-156
86
-99
129
-63
177
-68
202
-106
185
-148
134
-175
68
-173
4
-145
-52
-101
-91
-45
-111
13
-107
68
-79
100
-39
96
-11
56
-15
-5
-57
-56
-113
-70
-154
-42
-153
6
-109
40
-45
41
4
5
16
-41
-8
-68
-49
-63
-88
-25
-111
28
-121
83
-125
136
-124
189
-105
238
-59
269
4
258
64
194
86
84
50
-33
-32
-117
-122
-143
-180
-113
-182
-63
-138
-27
-79
-23
-42
-42
-41
-48
-57
-12
-57
69
-10
168
83
239
190
248
269
191
280
94
223
4
122
-44
30
-40
-21
-11
-21
5
8
-23
25
-93
5
-182
-57
-240
-126
-235
-159
-169
-126
-74
-32
1
86
23
179
-6
212
-50
192
-68
153
-39
131
25
145
88
178
110
196
79
165
20
82
-30
-23
-39
-108
-5
-147
47
-136
82
-99
80
-62
44
-42
-10
-44
-57
-54
-83
-61
-90
-58
-78
-42
-53
-11
-23
37
-1
93
1
136
-30
144
-83
101
-130
21
-140
-59
-96
-96
-14
-69
53
-5
64
43
-1
25
-105
-69
-190
-204
-197
-309
-119
-334
1
-271
98
-163
127
-77
85
-45
15
-62
-27
-87
-18
-77
24
-22
61
53
53
108
6
118
-52
92
-84
64
-75
63
-43
98
-20
146
-33
175
-83
161
-153
100
-208
11
-226
-82
-201
-160
-141
-210
-58
-226
32
-203
111
-151
161
-88
165
-37
126
-21
57
-45
-9
-92
-54
-136
-75
-166
-83
-185
-89
-206
-97
-236
-83
-255
-33
-233
56
-141
145
6
189
160
152
261
49
272
-65
202
-129
114
-110
64
-26
76
65
129
112
171
101
168
64
123
44
77
57
68
85
95
85
125
32
112
-58
40
-130
-63
-134
-132
-66
-124
35
-43
105
57
109
113
58
101
13
51
23
14
97
42
193
122
247
208
223
239
139
189
49
87
11
-8
36
-47
99
-23
144
34
139
78
83
94
8
82
-53
68
-92
63
-121
57
-157
29
-191
-30
-201
-100
-162
-147
-75
-137
30
-81
107
-11
129
26
100
14
57
-38
38
-94
62
-117
110
-105
150
-72
161
-48
147
-41
132
-41
132
-28
146
4
156
41
142
57
108
37
80
-7
81
-43
122
-39
183
8
223
73
218
119
163
123
97
98
52
80
42
98
46
151
21
201
-54
199
-163
120
-255
-12
-272
-136
-190
-189
-41
-147
103
-42
175
54
148
76
56
9
-33
-109
-61
-207
-16
-228
59
-170
100
-78
57
-19
-62
-32
-199
-109
-289
-195
-288
-227
-211
-173
-112
-54
-51
74
-55
154
-101
165
-148
132
-151
93
-104
81
-33
97
21
115
38
109
23
78
9
42
9
31
18
52
6
84
-48
89
-141
41
-229
-46
-265
-124
-220
-141
-117
-75
-8
47
44
165
23
218
-50
190
-118
106
-130
20
-74
-21
24
-4
118
49
166
107
162
141
121
144
73
127
31
103
9
83
1
71
10
74
28
98
46
133
48
165
16
160
-40
100
-99
-11
-119
-133
-69
-210
44
-205
173
-119
257
1
257
100
174
136
53
108
-49
62
-99
35
-100
47
-86
87
-87
117
-112
117
-141
86
-152
42
-125
9
-72
-2
-13
2
35
11
67
21
84
39
86
63
69
88
23
95
-47
73
-112
34
-144
14
-127
47
-81
144
-49
271
-78
364
-173
373
-297
287
-377
151
-365
35
-253
-6
-93
34
45
112
107
170
91
168
31
111
-23
34
-47
-29
-47
-67
-48
-91
-64
-122
-87
-158
-91
-180
-61
-156
-4
-75
45
42
47
148
-8
198
-97
178
-175
110
-199
39
-159
3
-76
11
6
45
53
67
58
54
43
8
37
-42
62
-71
110
-59
155
-16
164
30
129
45
64
21
1
-26
-23
-59
-1
-47
44
16
77
100
62
161
-1
167
-78
119
-119
59
-95
44
-18
97
59
197
79
284
14
291
-103
203
-199
56
-214
-66
-128
-100
5
-41
106
62
116
126
34
99
-78
-6
-144
-124
-121
-184
-33
-156
57
-74
84
4
39
20
-44
-21
-105
-78
-108
-102
-65
-76
-20
-21
-8
17
-35
14
-62
-14
-52
-28
-1
6
66
78
99
147
74
164
10
115
-42
30
-37
-36
27
-37
112
18
161
88
136
115
51
74
-43
-17
-98
-112
-93
-168
-47
-173
4
-150
28
-129
27
-124
21
-127
35
-119
69
-84
107
-25
122
33
100
64
47
54
-16
2
-66
-73
-85
-147
-66
-200
-16
-216
51
-182
111
-112
139
-25
118
41
49
62
-43
30
-120
-38
-147
-103
-116
-129
-41
-110
40
-56
97
0
119
40
117
60
108
74
99
91
84
107
46
108
-12
84
-74
36
-118
-8
-129
-26
-117
-15
-103
13
-104
28
-115
20
-113
1
-71
3
12
51
110
139
182
235
197
295
158
290
100
231
67
155
77
101
119
90
158
103
164
110
132
89
80
40
45
-17
50
-48
96
-28
162
42
214
144
221
243
170
298
65
279
-64
173
-172
4
-211
-174
-156
-296
-13
-313
157
-218
284
-62
303
77
203
132
30
81
-135
-40
-221
-156
-202
-207
-106
-169
6
-71
78
40
93
116
64
144
22
128
-6
86
-6
33
15
-19
57
-56
114
-63
172
-35
209
17
198
58
132
55
29
-1
-63
-89
-104
-162
-83
-178
-28
-141
9
-91
1
-78
-42
-122
-74
-197
-47
-248
41
-231
148
-154
207
-71
190
-43
113
-90
42
-170
36
-214
100
-170
187
-47
221
86
165
159
49
141
-57
67
-84
8
-16
21
100
104
197
207
226
274
195
272
154
227
141
182
168
167
195
175
192
170
148
130
85
65
44
9
40
-2
54
30
45
72
-5
82
-82
46
-140
-8
-142
-36
-88
-8
-21
54
15
108
1
109
-35
61
-47
0
-6
-22
71
11
134
70
137
101
83
74
10
0
-23
-69
4
-82
66
-35
105
29
84
51
17
6
-44
-83
-41
-151
42
-148
165
-63
260
56
274
142
211
158
114
105
38
30
19
-24
42
-35
83
-16
109
18
112
53
96
83
71
108
33
115
-21
86
-79
14
-112
-78
-90
-150
-3
-153
114
-83
205
30
218
119
146
141
29
90
-73
10
-115
-45
-99
-42
-65
13
-56
82
-91
124
-153
132
-208
127
-231
130
-225
149
-211
170
-205
175
-202
157
-184
134
-139
129
-78
153
-26
185
-9
199
-27
179
-57
137
-69
103
-53
107
-32
145
-40
183
-98
177
-182
118
-248
33
-249
-18
-182
-4
-89
77
-28
170
-36
212
-103
175
-171
81
-183
-15
-118
-52
-8
-16
88
60
119
119
74
119
-9
54
-78
-40
-90
-115
-46
-136
30
-102
93
-37
117
25
97
57
52
49
8
13
-10
-28
11
-47
64
-25
126
39
162
124
146
193
71
208
-46
159
-160
57
-228
-52
-232
-129
-182
-157
-111
-148
-47
-129
-1
-114
42
-95
103
-51
173
30
225
126
221
190
150
175
45
71
-32
-75
-28
-190
67
-209
198
-127
286
-1
272
89
155
88
-1
5
-122
-107
-158
-176
-117
-169
-54
-104
-24
-31
-48
4
-101
-1
-137
-17
-132
-8
-95
39
-63
100
-65
136
-101
131
-134
97
-128
78
-75
110
-8
180
30
254
8
273
-54
220
-104
122
-88
44
6
38
132
110
221
203
213
243
116
177
-10
20
-83
-161
-51
-278
69
-278
209
-177
286
-44
252
46
127
47
-22
-23
-124
-107
-141
-146
-93
-115
-30
-40
-6
28
-33
44
-85
0
-112
-69
-82
-120
9
-114
126
-50
221
42
260
128
237
173
175
174
105
144
46
101
13
59
-2
25
-1
1
11
-9
30
0
46
26
47
51
25
61
-25
37
-76
-13
-107
-65
-103
-86
-71
-62
-37
-3
-37
58
-84
83
-158
59
-220
6
-228
-34
-178
-23
-88
40
-9
129
26
194
7
201
-35
146
-61
59
-42
-17
14
-64
81
-83
124
-99
135
-127
126
-161
119
-177
129
-150
139
-77
119
12
49
76
-66
83
-186
36
-259
-22
-252
-43
-173
1
-68
93
10
192
35
250
16
241
-11
192
-8
134
33
105
86
107
111
110
84
82
15
1
-62
-113
-102
-216
-83
-267
-25
-250
33
-184
54
-105
23
-56
-40
-49
-96
-66
-122
-85
-105
-78
-63
-45
-21
2
7
41
14
66
16
82
21
94
26
107
30
114
22
106
9
77
7
40
26
13
70
13
122
40
158
78
161
99
131
91
83
54
42
8
20
-24
9
-39
0
-44
-28
-52
-66
-76
-100
-98
-105
-95
-84
-47
-54
40
-53
131
-101
178
-194
152
-286
57
-327
-60
-279
-134
-151
-130
2
-45
111
65
134
136
68
123
-31
32
-101
-86
-93
-161
-14
-150
91
-58
151
66
135
158
40
171
-84
112
-175
12
-198
-78
-149
-126
-62
-131
24
-113
83
-100
115
-100
131
-109
141
-112
145
-105
135
-101
100
-106
52
-128
12
-147
-6
-140
7
-88
27
4
25
100
-16
165
-89
172
-156
131
-177
78
-132
55
-37
79
66
142
134
200
137
218
88
171
21
73
-30
-47
-43
-160
-16
-235
32
-270
86
-261
128
-221
149
-161
143
-98
109
-50
53
-28
1
-30
-33
-38
-32
-31
-4
2
28
50
37
89
15
90
-23
54
-48
6
-40
-21
1
-2
43
51
52
103
11
120
-61
90
-126
36
-146
-5
-119
-6
-72
25
-42
58
-45
58
-64
18
-65
-28
-20
-40
57
6
124
86
132
147
62
140
-57
47
-162
-95
-198
-222
-149
-284
-56
-270
30
-218
69
-171
54
-165
17
-192
1
-223
21
-226
63
-194
100
-146
107
-103
80
-84
37
-83
-1
-88
-23
-78
-36
-54
-51
-21
-74
13
-105
42
-137
68
-170
84
-200
81
-227
52
-237
3
-206
-42
-126
-45
-8
9
107
114
174
224
163
291
74
274
-45
184
-139
59
-175
-49
-144
-104
-83
-99
-33
-63
-20
-28
-45
-15
-90
-33
-127
-67
-139
-104
-119
-129
-72
-134
-9
-116
56
-78
109
-31
134
11
128
26
99
6
66
-36
52
-79
65
-101
95
-93
124
-67
131
-43
112
-34
85
-39
70
-37
71
-16
73
21
54
49
1
41
-73
-15
-139
-103
-168
-188
-148
-247
-94
-267
-33
-266
22
-255
74
-231
137
-173
218
-59
289
102
308
266
243
368
102
364
-59
260
-162
122
-161
28
-68
28
49
105
109
189
69
200
-48
110
-160
-47
-191
-182
-114
-219
28
-138
146
13
170
144
83
184
-59
129
-172
24
-194
-51
-125
-47
-15
31
62
127
64
182
0
160
-74
84
-106
3
-74
-28
2
8
64
86
71
151
10
165
-93
117
-182
38
-226
-36
-214
-72
-170
-70
-130
-52
-117
-47
-128
-73
-141
-118
-130
-161
-91
-175
-30
-153
26
-104
52
-49
45
-7
8
12
-39
11
-81
2
-110
-10
-116
-20
-102
-18
-69
1
-22
45
26
105
58
170
59
214
27
216
-23
177
-66
114
-83
50
-72
10
-42
-4
-18
-4
-16
-11
-34
-34
-52
-68
-52
-95
-23
