-86
30
-88
82
-62
124
-10
140
42
131
81
96
99
52
93
9
70
-18
35
-23
6
-6
-5
20
6
42
27
39
40
8
28
-37
-16
-76
-76
-87
-126
-65
-146
-33
-129
-8
-95
-5
-69
-24
-62
-35
-58
-34
-40
-18
6
-4
74
-19
128
-75
136
-157
93
-226
17
-251
-57
-230
-100
-180
-108
-134
-104
-109
-110
-103
-133
-91
-156
-57
-152
-6
-113
33
-58
34
-18
-6
-25
-60
-70
-90
-123
-66
-139
-5
-94
54
-9
62
64
0
77
-106
9
-196
-107
-217
-214
-150
-250
-23
-193
100
-74
163
54
136
129
43
121
-62
47
-126
-49
-116
-112
-42
-109
56
-45
130
47
146
126
103
158
28
144
-42
101
-79
68
-80
61
-69
76
-73
93
-102
82
-150
35
-181
-29
-173
-77
-114
-80
-30
-32
47
47
86
121
75
163
35
163
-8
129
-33
84
-30
37
-6
1
35
-19
84
-12
132
21
162
75
150
124
88
132
-22
76
-138
-36
-209
-160
-201
-234
-114
-220
4
-117
90
24
97
139
33
185
-63
158
-131
100
-137
56
-87
53
-18
79
28
103
37
98
17
58
-4
1
-9
-52
4
-85
20
-98
28
-97
25
-80
14
-45
-4
7
-40
62
-105
90
-196
67
-279
-1
-315
-82
-275
-122
-166
-91
-36
0
57
105
77
163
32
144
-30
66
-59
-23
-25
-74
48
-66
119
-18
149
30
132
54
88
51
47
40
28
36
23
36
17
25
8
-11
13
-57
52
-88
130
-74
218
-13
276
59
267
93
193
56
101
-42
46
-146
66
-197
146
-161
233
-49
271
77
228
165
124
185
8
151
-70
100
-93
68
-77
58
-56
51
-50
21
-56
-42
-47
-116
-1
-159
83
-141
175
-62
227
50
204
141
104
168
-40
125
-168
37
-235
-42
-221
-67
-150
-23
-71
68
-28
160
-42
204
-94
182
-139
114
-139
47
-78
23
15
54
95
117
122
167
83
165
11
110
-51
30
-62
-22
-21
-19
37
30
65
86
45
100
-11
54
-54
-31
-42
-108
37
-130
160
-84
269
3
319
82
292
109
214
69
127
-17
71
-117
66
-186
104
-211
157
-194
202
-148
216
-100
198
-71
158
-71
114
-101
89
-140
99
-163
148
-144
212
-76
257
21
250
106
173
138
54
103
-66
17
-138
-69
-139
-107
-91
-83
-32
-12
-6
61
-28
98
-80
88
-128
45
-141
-2
-117
-34
-71
-49
-25
-59
7
-74
30
-85
51
-81
64
-59
54
-30
4
-25
-81
-63
-173
-140
-229
-215
-216
-243
-144
-191
-57
-75
-9
50
-35
127
-117
117
-205
37
-237
-57
-189
-108
-78
-88
38
-18
107
54
108
87
66
74
25
43
25
40
61
91
102
187
108
285
57
335
-30
321
-110
256
-139
186
-99
151
-11
161
78
198
129
221
132
199
104
132
82
44
90
-28
126
-60
167
-58
182
-45
161
-50
117
-79
84
-110
94
-109
146
-48
214
68
255
204
238
305
161
333
56
279
-25
173
-38
67
23
7
134
13
242
69
304
134
298
173
231
159
134
98
49
20
-1
-47
-9
-74
6
-57
18
-13
3
37
-47
62
-124
48
-200
2
-252
-59
-262
-112
-234
-139
-190
-147
-148
-151
-119
-172
-95
-205
-55
-229
17
-212
109
-135
186
-18
202
95
135
150
4
115
-136
4
-223
-121
-216
-197
-132
-186
-26
-101
39
3
32
67
-33
67
-99
20
-119
-21
-76
-13
2
47
62
125
70
169
24
145
-37
62
-59
-36
-17
-97
81
-95
190
-32
262
54
275
125
228
158
151
156
71
128
8
92
-33
57
-52
25
-50
4
-29
-4
6
2
46
19
83
35
115
43
144
47
178
59
215
90
241
132
234
163
182
157
95
99
8
6
-37
-81
-23
-112
34
-68
87
30
90
133
26
187
-85
173
-190
111
-242
48
-226
18
-167
30
-104
58
-64
71
-47
56
-29
27
13
16
78
41
139
95
161
143
129
148
59
99
-8
16
-29
-54
3
-79
67
-48
124
13
139
70
115
97
71
95
35
85
25
88
28
107
30
132
12
144
-20
137
-57
115
-83
91
-100
69
-117
45
-139
3
-160
-56
-163
-112
-131
-136
-72
-109
-13
-42
6
26
-37
49
-124
3
-205
-86
-229
-163
-175
-175
-73
-102
16
18
33
116
-33
134
-141
64
-221
-47
-221
-129
-136
-134
-22
-70
52
13
47
45
-26
-3
-107
-107
-135
-204
-81
-232
22
-173
110
-58
128
48
62
91
-53
64
-158
-8
-206
-74
-190
-103
-134
-91
-73
-55
-30
-22
-11
1
3
13
15
18
25
16
25
-6
24
-48
35
-93
77
-116
148
-86
221
-8
254
76
215
115
112
68
-11
-56
-88
-208
-78
-323
14
-354
143
-305
245
-211
281
-121
252
-59
181
-28
102
-8
24
11
-58
15
-149
-8
-242
-69
-302
-141
-299
-187
-231
-174
-122
-96
-23
16
28
110
25
153
-5
143
-23
107
-7
80
33
70
70
70
81
63
64
35
35
4
6
-22
-24
-35
-63
-48
-117
-79
-177
-130
-210
-178
-190
-184
-122
-124
-46
-14
-6
95
-30
145
-91
120
-138
50
-119
1
-27
23
87
106
156
200
133
237
37
184
-69
71
-120
-29
-95
-60
-30
-14
7
59
-26
100
-119
72
-214
4
-257
-47
-230
-40
-171
22
-140
85
-164
96
-221
45
-257
-35
-224
-78
-127
-53
-19
24
39
95
21
102
-41
37
-84
-60
-61
-121
28
-104
132
-27
190
64
171
117
100
119
24
95
-21
86
-37
106
-52
134
-90
140
-152
104
-198
45
-194
8
-134
22
-52
81
6
146
11
168
-22
136
-58
69
-58
8
-24
-25
16
-40
29
-65
14
-120
-4
-179
12
-202
68
-148
127
-23
129
110
43
179
-113
146
-267
33
-338
-89
-292
-147
-160
-117
-15
-35
80
37
110
56
105
28
115
0
153
6
190
44
175
62
89
16
-37
-110
-127
-252
-122
-325
-14
-267
127
-81
205
146
158
310
-2
339
-192
240
-313
91
-302
-18
-175
-39
-4
16
126
86
172
104
150
51
117
-40
121
-115
172
-124
237
-64
262
29
209
100
81
107
-83
46
-222
-62
-295
-166
-289
-235
-221
-253
-126
-238
-36
-209
30
-187
75
-179
110
-179
139
-181
156
-176
153
-175
126
-185
80
-206
30
-230
-8
-238
-28
-217
-36
-169
-49
-114
-75
-71
-107
-52
-119
-47
-94
-32
-33
9
40
70
91
120
101
127
78
83
54
6
58
-59
96
-80
140
-58
146
-28
96
-31
6
-83
-74
-161
-95
-206
-46
-180
40
-79
105
52
107
147
47
171
-29
130
-72
64
-57
18
-3
9
50
16
65
6
47
-38
20
-98
16
-134
42
-123
69
-71
66
-17
20
6
-47
-8
-89
-30
-74
-15
-18
52
38
146
53
211
8
204
-57
124
-88
16
-47
-51
57
-42
168
30
218
115
177
146
62
103
-73
-7
-170
-133
-199
-233
-164
-279
-93
-273
-17
-226
45
-156
86
-74
97
4
70
50
2
37
-83
-43
-149
-168
-157
-288
-89
-343
33
-313
153
-213
212
-95
179
-21
71
-25
-57
-97
-146
-190
-158
-249
-96
-243
1
-170
88
-61
130
47
118
121
71
146
13
130
-28
91
-41
53
-29
27
-6
13
11
2
8
-25
-4
-71
-11
-127
4
-170
49
-179
111
-143
168
-77
190
-7
172
38
124
51
69
39
29
18
11
4
10
-1
14
-6
14
-11
20
-16
34
-7
54
20
69
57
65
88
39
100
-1
90
-32
71
-44
64
-41
70
-40
77
-52
68
-72
36
-78
0
-49
-10
11
30
74
109
96
185
55
211
-32
166
-115
75
-146
-8
-107
-39
-30
-8
29
45
32
69
-16
35
-67
-34
-71
-82
-12
-66
67
17
110
113
76
158
-22
119
-123
17
-163
-83
-117
-126
-16
-94
79
-30
117
13
101
1
74
-49
78
-93
130
-93
205
-46
250
7
243
23
192
-9
153
-58
161
-68
212
-11
260
95
247
190
156
211
14
139
-105
17
-139
-84
-76
-108
41
-47
142
57
175
141
140
166
73
139
23
91
13
60
30
54
44
57
32
40
5
0
-14
-46
-6
-66
31
-42
66
12
67
61
25
68
-47
25
-100
-40
-107
-91
-58
-91
21
-31
83
60
91
135
35
158
-65
108
-165
3
-223
-122
-211
-223
-132
-261
-13
-231
103
-141
178
-34
191
52
148
89
78
77
14
35
-11
-7
2
-22
35
-12
64
8
69
13
49
-6
25
-42
15
-73
23
-83
42
-66
48
-35
30
-8
-14
4
-75
-3
-132
-19
-174
-37
-198
-54
-204
-68
-190
-75
-152
-65
-92
-30
-18
31
49
107
93
172
104
204
95
198
90
172
105
151
138
149
170
163
170
166
128
133
54
55
-15
-50
-53
-149
-50
-216
-21
-240
10
-243
21
-243
23
-250
28
-255
54
-236
101
-183
147
-109
168
-44
152
-14
119
-28
96
-62
111
-83
164
-65
231
-9
274
60
269
113
217
128
144
107
71
71
23
37
-9
11
-30
-9
-52
-34
-71
-62
-71
-81
-52
-81
-19
-56
9
-20
18
6
8
8
-8
-11
-8
-25
17
-18
59
24
90
86
83
133
29
138
-52
91
-125
7
-154
-75
-124
-119
-52
-108
32
-52
89
13
99
59
73
62
35
33
18
1
38
-6
81
27
115
87
107
135
41
132
-65
62
-165
-59
-213
-180
-185
-252
-95
-247
8
-178
73
-93
74
-40
24
-46
-32
-91
-47
-132
-10
-133
61
-78
119
0
127
63
76
78
-1
40
-69
-22
-99
-76
-91
-97
-66
-90
-52
-72
-58
-62
-81
-60
-107
-66
-126
-73
-139
-83
-147
-103
-148
-131
-134
-156
-95
-160
-37
-136
22
-90
57
-51
61
-37
50
-52
54
-69
88
-54
144
5
184
85
172
136
101
119
5
34
-53
-69
-37
-127
49
-95
143
5
172
110
98
142
-51
69
-203
-78
-280
-222
-254
-289
-158
-256
-60
-160
-27
-67
-70
-27
-153
-49
-218
-98
-221
-127
-172
-113
-100
-66
-43
-21
-18
-5
-11
-25
4
-62
47
-91
112
-96
186
-78
243
-44
275
-1
272
37
236
65
168
67
78
35
-18
-29
-92
-107
-120
-171
-97
-190
-39
-163
23
-105
62
-45
71
-6
61
10
58
19
65
33
74
54
72
69
46
68
0
44
-49
9
-93
-28
-131
-64
-165
-105
-199
-164
-216
-227
-187
-262
-103
-233
16
-124
121
37
158
185
106
263
-11
241
-133
146
-204
29
-200
-56
-150
-98
-93
-116
-65
-141
-62
-181
-57
-217
-30
-221
20
-171
58
-94
54
-27
7
-1
-54
-14
-88
-35
-74
-29
-29
10
9
48
9
45
-23
-22
-44
-129
-14
-218
79
-246
198
-204
284
-131
293
-79
227
-85
129
-136
50
-194
14
-222
8
-213
-3
-190
-28
-180
-63
-182
-75
-175
-49
-130
-2
-39
25
64
3
131
-71
128
-158
64
-204
-16
-184
-62
-108
-45
-23
13
28
75
30
111
5
119
-18
119
-22
129
-14
153
-16
169
-37
161
-63
134
-77
103
-68
87
-51
85
-49
71
-74
23
-106
-59
-108
-139
-57
-170
37
-125
127
-33
160
53
118
78
42
40
-7
-18
16
-29
96
36
177
148
191
231
117
225
8
129
-60
6
-33
-57
75
-18
182
94
204
188
113
182
-40
66
-159
-103
-164
-220
-54
-218
105
-105
213
45
218
145
135
152
35
91
-9
33
24
29
99
87
153
165
142
212
74
196
-11
128
-65
53
-69
6
-39
-2
-5
13
9
27
2
33
-6
34
-5
45
1
66
4
85
-6
89
-23
75
-31
57
-22
49
1
59
18
74
13
71
-16
35
-47
-24
-55
-84
-29
-117
21
-113
71
-86
96
-59
92
-46
73
-52
52
-61
45
-66
40
-70
27
-83
6
-115
-8
-153
3
-177
43
-161
96
-103
127
-30
111
18
54
18
-12
-26
-43
-69
-17
-71
50
-13
114
81
127
161
73
181
-16
127
-91
32
-102
-49
-46
-68
45
-23
115
51
127
107
78
110
0
60
-59
-12
-74
-69
-44
-88
6
-78
45
-57
65
-36
69
-25
70
-10
72
14
69
45
42
64
-10
53
-79
6
-139
-64
-169
-127
-158
-162
-118
-160
-74
-129
-45
-90
-40
-58
-53
-40
-74
-40
-98
-55
-120
-92
-137
-152
-139
-225
-109
-291
-42
-317
55
-286
151
-204
209
-101
204
-18
138
17
48
7
-27
-19
-54
-28
-40
5
-8
66
8
127
0
161
-22
157
-32
136
-6
125
49
143
109
182
143
217
129
216
76
166
13
74
-32
-31
-36
-119
1
-163
62
-158
122
-110
154
-43
151
17
114
47
57
38
7
-1
-7
-42
25
-62
93
-37
165
14
209
65
205
83
163
54
115
-2
95
-49
107
-57
132
-23
125
18
66
23
-35
-32
-136
-134
-189
-240
-168
-301
-89
-305
6
-264
79
-216
124
-177
155
-144
195
-88
247
8
280
130
260
238
166
281
27
253
-105
173
-179
98
-182
71
-139
100
-101
151
-101
179
-134
163
-166
117
-170
72
-141
47
-100
33
-81
-4
-91
-84
-102
-195
-77
-292
4
-330
115
-286
202
-194
218
-115
151
-98
43
-147
-40
-220
-54
-253
-2
-217
70
-122
103
-20
71
31
-8
17
-86
-44
-122
-107
-100
-136
-46
-130
-1
-107
18
-93
13
-96
8
-105
22
-93
60
-46
102
35
119
127
103
201
54
241
-9
246
-68
228
-107
194
-129
157
-136
117
-135
76
-135
28
-141
-34
-148
-108
-142
-187
-114
-247
-51
-262
35
-214
117
-112
159
8
139
104
59
139
-44
119
-121
70
-143
34
-112
35
-54
70
-9
112
8
133
6
132
11
127
34
142
63
182
70
217
30
211
-44
141
-113
23
-129
-91
-65
-146
59
-113
182
-15
246
91
220
143
127
117
18
26
-50
-76
-55
-147
-8
-165
54
-138
96
-91
105
-51
88
-21
63
-4
45
12
34
30
30
48
27
64
25
73
20
75
13
67
0
41
-18
-6
-37
-71
-39
-138
-16
-189
29
-202
89
-175
144
-110
174
-21
172
73
136
160
75
221
-8
245
-96
219
-168
150
-197
60
-160
-14
-54
-33
94
18
234
117
316
215
314
265
245
245
156
174
93
96
77
61
94
81
100
132
56
167
-39
146
-150
69
-223
-33
-217
-103
-129
-103
2
-30
122
83
186
180
182
226
134
208
78
141
42
55
37
-28
50
-98
70
-150
83
-194
87
-230
83
-257
75
-275
66
-280
59
-274
58
-251
67
-204
82
-132
95
-35
87
66
51
147
-13
190
-86
192
-144
171
-166
154
-151
158
-112
185
-78
218
-69
234
-81
215
-99
163
-98
95
-64
35
1
-2
81
-13
152
-8
201
5
219
11
206
2
165
-25
104
-80
35
-155
-24
-238
-54
-301
-48
-320
-16
-283
13
-206
14
-120
-26
-58
-89
-34
-144
-36
-161
-33
-129
-4
-69
55
-16
119
10
158
8
156
-1
120
8
77
42
48
84
35
115
19
117
-16
105
-74
100
-129
127
-156
176
-134
222
-80
232
-28
198
-12
139
-37
95
-74
91
-89
126
-62
161
-6
159
33
109
24
35
-38
-18
-120
-21
-173
23
-175
79
-134
102
-90
81
-77
35
-98
4
-124
15
-116
59
-58
102
31
101
107
52
133
-19
107
-75
59
-81
27
-42
30
8
62
38
93
34
96
11
70
-5
29
1
-6
30
-28
61
-42
90
-62
122
-78
169
-73
234
-23
298
64
330
161
300
221
217
219
119
166
52
100
43
66
73
78
98
111
83
113
26
57
-33
-51
-42
-155
28
-197
158
-146
287
-30
348
97
317
168
214
163
92
100
6
29
-30
-15
-33
-25
-42
-24
-74
-40
-119
-81
-151
-123
-141
-135
-93
-95
-37
-13
-12
78
-37
134
-101
131
-173
78
-209
8
-193
-45
-132
-62
-49
-47
22
-19
67
6
87
18
92
18
93
13
88
4
83
-11
77
-30
77
-49
92
-52
124
-24
163
35
184
112
168
175
107
194
20
161
-64
87
-109
5
-100
-52
-52
-63
11
-44
54
-11
64
11
52
10
34
-2
28
-7
37
3
49
22
49
33
38
29
30
18
40
18
70
48
100
102
100
152
52
158
-40
98
-135
-15
-186
-133
-172
-205
-104
-202
-30
-136
0
-57
-42
-13
-139
-25
-241
-77
-302
-126
-305
-134
-267
-95
-228
-35
-218
4
-237
-1
-252
-47
-230
-97
-145
-115
-16
-73
119
11
213
98
238
141
206
117
156
40
130
-53
160
-109
233
-98
313
-24
346
76
303
144
186
144
35
77
-89
-25
-144
-102
-129
-116
-76
-66
-40
8
-59
50
-129
26
-207
-54
-238
-142
-193
-183
-90
-146
21
-55
78
33
59
66
-14
23
-86
-66
-105
-151
-57
-188
25
-168
101
-119
130
-79
115
-72
81
-92
56
-115
54
-121
62
-109
66
-92
52
-83
28
-86
11
-84
8
-60
14
-17
5
30
-33
49
-93
30
-156
-23
-192
-87
-182
-132
-144
-148
-93
-141
-58
-133
-45
-135
-45
-150
-46
-165
-43
-175
-35
-174
-36
-168
-45
-165
-64
-167
-81
-168
-92
-168
-100
-165
-105
-168
-104
-177
-91
-188
-54
-184
7
-151
79
-90
136
-14
161
47
151
77
118
72
87
48
71
25
75
12
80
9
75
5
54
-13
23
-47
-7
-88
-22
-127
-25
-157
-15
-177
0
-185
20
-179
40
-156
55
-125
54
-98
37
-88
8
-100
-17
-125
-16
-140
16
-123
67
-70
107
2
114
66
84
95
37
90
-1
69
-6
64
20
92
49
146
54
202
18
232
-55
215
-141
151
-210
64
-236
-16
-218
-67
-164
-73
-100
-34
-53
30
-45
91
-83
118
-151
98
-223
35
-260
-39
-238
-80
-162
-60
-66
20
6
124
20
209
-24
239
-96
212
-153
152
-165
93
-128
61
-61
61
8
76
62
91
98
101
119
103
129
98
127
81
108
42
80
-18
59
-84
62
-128
88
-131
120
-92
130
-29
100
21
33
43
-45
38
-100
32
-118
42
-106
78
-80
125
-59
164
-44
189
-27
204
4
218
38
235
62
246
64
231
42
185
13
118
-3
54
-4
6
3
-25
-2
-54
-18
-95
-25
-134
-1
-144
64
-100
148
4
211
127
214
218
161
242
87
198
35
123
35
60
71
27
110
8
115
-26
83
-95
40
-175
22
-230
33
-231
40
-187
11
-144
-70
-143
-171
-191
-232
-245
-208
-241
-106
-141
15
33
81
210
51
310
-49
304
-154
218
-199
118
-167
58
-89
47
-25
52
-8
31
-28
-23
-45
-81
-25
-102
23
-63
59
7
45
53
-28
33
-112
-48
-145
-135
-93
-166
28
-106
146
14
196
128
139
164
11
95
-124
-43
-199
-186
-187
-269
-114
-264
-35
-194
1
-101
-28
-30
-102
-4
-182
-10
-232
-24
-228
-12
-180
37
-110
120
-56
212
-35
275
-54
291
-93
255
-124
187
-127
113
-106
52
-74
4
-53
-49
-47
-116
-39
-181
-8
-217
57
-193
126
-108
159
-6
122
58
22
43
-91
-40
-151
-134
-121
-168
-23
-113
75
1
103
100
37
122
-82
55
-182
-52
-201
-122
-146
-114
-73
-47
-45
19
-88
23
-170
-45
-218
-134
-189
-179
-88
-144
23
-54
84
33
64
58
1
18
-47
-45
-40
-78
11
-51
60
11
62
59
8
57
-63
14
-97
-22
-71
-6
-8
71
40
174
35
246
-29
248
-112
186
-165
88
-161
-1
-101
-62
-22
-96
57
-115
122
-117
172
-100
205
-58
204
-9
150
16
45
-11
-81
-91
-180
-190
-214
-261
-180
-270
-106
-218
-37
-133
0
-52
11
10
15
60
29
113
48
169
52
207
30
206
-6
161
-30
98
-13
59
39
65
90
105
100
141
54
135
-22
85
-86
20
-100
-15
-74
3
-40
54
-38
100
-78
107
-130
81
-153
55
-128
67
-77
121
-46
180
-62
195
-117
147
-164
60
-158
-7
-88
-11
8
45
63
111
40
129
-42
69
-132
-42
-167
-148
-129
-192
-47
-170
21
-114
42
-73
16
-71
-11
-88
-6
-85
39
-35
91
45
110
118
76
139
13
99
-32
34
-28
-13
18
-20
69
-1
86
-1
53
-48
4
-139
-20
-233
16
-277
91
-246
163
-162
180
-76
121
-42
18
-74
-76
-142
-112
-197
-76
-196
5
-129
76
-23
93
64
49
94
-32
55
-104
-31
-129
-120
-92
-175
-18
-180
59
-148
98
-119
90
-122
52
-168
19
-231
28
-272
81
-257
158
-181
210
-74
202
13
131
43
34
10
-42
-49
-59
-81
-16
-58
51
21
87
107
62
154
-16
128
-103
38
-145
-70
-117
-151
-24
-170
97
-130
202
-57
260
21
259
74
211
88
135
57
49
-13
-19
-108
-52
-199
-37
-255
24
-247
107
-170
167
-49
175
73
118
152
17
170
-88
138
-154
90
-163
57
-122
54
-59
78
4
113
47
146
74
169
86
182
86
189
72
183
40
158
-3
114
-45
58
-71
6
-78
-25
-73
-35
-66
-26
-68
-14
-81
-8
-101
-12
-116
-23
-121
-37
-112
-53
-97
-68
-70
-80
-37
-88
6
-81
54
-53
95
-4
119
58
110
119
62
155
-19
148
-118
93
-204
0
-243
-102
-218
-170
-127
-174
-1
-100
112
23
168
146
141
212
47
197
-59
113
-129
10
-128
-63
-74
-74
-9
-40
21
1
-3
3
-56
-35
-94
-88
-86
-110
-24
-70
53
25
100
135
87
213
23
232
-61
197
-120
139
-137
87
-118
57
-86
37
-62
16
-49
-19
-37
-59
-13
