-22
166
91
154
182
78
220
-23
207
-104
173
-134
150
-124
157
-100
188
-92
215
-112
216
-156
182
-210
117
-260
26
-297
-85
-316
-212
-303
-342
-245
-438
-132
-468
21
-413
168
-277
269
-110
286
31
226
99
134
96
56
56
31
20
60
16
110
41
151
70
163
83
156
80
153
81
159
107
161
155
132
193
59
191
-44
132
-131
45
-156
-20
-107
-20
-18
53
60
165
75
253
25
276
-59
232
-122
153
-132
83
-93
45
-42
25
-11
-13
-3
-79
15
-160
72
-205
177
-175
291
-70
354
58
320
138
195
124
33
16
-84
-124
-114
-223
-59
-240
23
-184
71
-107
52
-60
-14
-63
-82
-94
-108
-110
-88
-83
-45
-18
-18
52
-23
99
-51
109
-75
100
-76
95
-59
100
-44
103
-47
89
-69
52
-87
10
-89
-8
-81
15
-88
59
-142
88
-249
66
-375
-10
-472
-108
-492
-180
-438
-187
-334
-138
-230
-59
-151
11
-97
57
-45
88
17
122
78
158
110
170
97
123
48
13
12
-127
27
-231
100
-247
187
-169
214
-54
136
16
-42
-13
-251
-134
-395
-278
-421
-363
-327
-339
-184
-214
-68
-52
-28
81
-59
143
-120
137
-165
94
-173
42
-150
-5
-118
-53
-88
-105
-59
-156
-23
-192
16
-207
51
-203
68
-194
67
-192
60
-188
64
-170
79
-124
91
-64
80
-12
33
1
-33
-29
-85
-82
-98
-119
-66
-119
-25
-82
-5
-41
-23
-28
-67
-47
-103
-77
-103
-83
-74
-49
-43
6
-44
49
-83
45
-139
-5
-170
-71
-151
-113
-86
-110
-12
-71
35
-29
42
-9
26
-15
13
-19
18
-6
35
30
40
70
18
87
-21
77
-48
51
-47
36
-16
48
22
72
41
86
33
62
17
16
25
-21
62
-23
105
13
115
53
64
55
-38
-8
-143
-118
-198
-216
-179
-256
-112
-221
-48
-144
-32
-76
-65
-54
-115
-73
-136
-97
-110
-91
-55
-48
-13
-1
-13
10
-49
-33
-81
-107
-71
-162
-10
-164
69
-110
115
-36
94
3
21
-22
-62
-89
-100
-154
-72
-168
2
-116
73
-26
99
58
66
96
-3
77
-68
19
-95
-43
-81
-88
-32
-100
24
-88
70
-64
97
-39
100
-22
90
-16
74
-23
64
-30
66
-30
81
-8
99
31
101
74
78
100
29
93
-27
54
-65
8
-72
-23
-51
-23
-21
-4
-6
18
-15
25
-31
13
-37
1
-19
8
17
43
50
90
59
127
40
134
11
112
-6
83
-1
65
23
64
42
69
38
59
15
23
-2
-26
11
-52
59
-26
122
56
157
161
131
246
40
267
-81
217
-187
119
-233
18
-209
-44
-131
-51
-39
-16
25
33
47
63
26
55
-12
12
-42
-52
-45
-106
-16
-132
33
-119
83
-73
107
-12
97
40
51
65
-13
54
-70
27
-100
1
-98
-4
-74
16
-49
46
-39
73
-46
85
-62
81
-73
71
-69
70
-59
77
-54
87
-62
85
-83
60
-102
23
-104
-15
-80
-33
-35
-21
13
18
45
64
45
98
20
104
-21
81
-54
41
-63
3
-41
-17
3
-8
53
29
93
77
108
119
100
140
79
141
64
131
62
124
74
129
84
136
76
130
45
91
-1
13
-35
-93
-37
-193
6
-260
82
-275
165
-243
223
-186
238
-132
211
-96
159
-85
100
-91
50
-107
16
-125
0
-136
4
-136
23
-118
44
-85
57
-49
51
-29
23
-38
-11
-76
-30
-124
-14
-149
32
-131
80
-73
94
-10
53
18
-37
-13
-136
-93
-197
-180
-195
-230
-141
-220
-71
-160
-28
-89
-30
-42
-61
-30
-86
-35
-78
-26
-40
13
10
76
42
134
47
167
37
174
40
177
70
201
112
254
139
313
119
341
55
309
-24
223
-72
124
-60
60
1
59
69
108
98
162
65
175
-16
126
-95
34
-122
-53
-78
-83
18
-40
115
62
163
175
138
250
48
253
-71
184
-171
71
-217
-45
-197
-128
-127
-153
-39
-126
31
-74
62
-25
54
1
29
6
13
10
21
35
45
82
56
130
35
144
-13
101
-57
11
-51
-80
25
-117
152
-72
271
28
319
120
268
137
150
58
37
-77
-1
-190
51
-217
151
-150
226
-38
222
47
144
60
47
19
0
-17
30
12
103
113
148
234
110
298
-9
254
-147
116
-226
-47
-199
-158
-86
-167
46
-101
120
-21
105
15
25
-22
-64
-104
-104
-182
-79
-216
-8
-189
67
-117
119
-24
129
64
95
124
24
140
-69
96
-161
2
-217
-117
-206
-206
-133
-227
-23
-170
63
-71
76
9
13
18
-81
-35
-139
-103
-118
-118
-35
-51
47
68
68
168
1
181
-109
96
-192
-40
-187
-151
-93
-188
40
-155
143
-100
181
-71
167
-78
146
-95
151
-81
169
-23
164
49
104
83
-6
51
-118
-31
-173
-111
-150
-139
-69
-105
14
-40
62
13
77
33
90
39
131
69
190
139
227
218
198
247
96
178
-23
29
-82
-134
-39
-221
88
-187
221
-63
272
74
207
145
66
122
-76
50
-148
-8
-142
-4
-96
54
-65
125
-69
169
-95
180
-102
187
-71
217
-20
272
13
314
4
305
-25
239
-35
150
6
94
89
98
158
128
152
122
62
20
-59
-168
-123
-369
-76
-479
70
-441
228
-278
292
-89
212
23
21
9
-179
-95
-291
-202
-276
-231
-170
-153
-59
-13
-11
112
-46
169
-124
148
-190
81
-206
7
-171
-44
-110
-72
-47
-88
5
-96
52
-85
95
-47
127
14
123
76
80
112
6
110
-68
79
-111
48
-112
37
-84
54
-49
80
-23
99
-6
102
11
99
37
98
66
106
82
106
71
79
37
16
4
-73
-5
-153
26
-197
81
-189
130
-141
144
-86
110
-54
47
-53
-21
-74
-64
-91
-76
-89
-73
-70
-70
-47
-84
-38
-108
-54
-129
-89
-129
-126
-99
-144
-48
-135
6
-103
45
-62
57
-30
48
-18
27
-23
11
-37
12
-46
28
-45
53
-32
81
-13
101
8
119
30
133
53
139
76
129
87
102
72
59
26
20
-46
5
-120
28
-167
82
-169
138
-134
168
-89
156
-66
113
-75
69
-98
60
-100
91
-59
134
36
151
146
112
225
18
239
-97
185
-185
95
-214
12
-177
-32
-107
-32
-33
-10
13
18
30
28
25
22
11
1
-3
-31
-12
-69
-9
-103
6
-122
39
-117
76
-81
103
-33
101
6
72
11
37
-9
25
-33
51
-32
107
11
164
79
187
140
162
160
107
129
52
69
30
13
42
-18
65
-27
69
-40
49
-76
15
-132
0
-184
18
-203
59
-177
94
-125
97
-81
67
-64
25
-69
0
-72
5
-52
26
-4
35
46
13
74
-31
65
-75
37
-92
16
-86
19
-76
34
-91
30
-136
-17
-186
-104
-201
-192
-159
-239
-70
-219
23
-153
74
-80
62
-45
11
-58
-43
-96
-64
-125
-49
-124
-24
-101
-13
-74
-22
-62
-34
-54
-31
-27
-11
33
6
115
-16
175
-85
173
-175
104
-234
5
-214
-64
-119
-53
6
30
86
127
78
170
-11
112
-113
-21
-158
-163
-110
-238
12
-214
134
-115
192
-6
156
48
57
30
-39
-30
-79
-76
-52
-64
8
1
48
81
33
122
-28
96
-92
20
-111
-63
-66
-105
19
-91
100
-41
132
-3
103
-8
39
-66
-16
-143
-26
-195
15
-192
70
-130
100
-49
82
14
20
29
-51
6
-94
-27
-86
-39
-39
-13
16
38
47
84
42
100
12
79
-21
37
-40
-9
-40
-48
-38
-76
-40
-103
-47
-128
-47
-139
-32
-119
-6
-61
5
18
-17
81
-80
91
-158
42
-207
-40
-187
-107
-93
-114
47
-52
172
49
231
134
211
156
136
104
53
0
6
-115
9
-200
50
-239
103
-233
143
-201
164
-144
169
-76
159
6
137
94
98
173
45
229
-16
257
-71
261
-108
250
-128
227
-138
186
-144
127
-144
46
-127
-41
-83
-110
-14
-144
65
-132
128
-93
156
-48
149
-11
123
21
96
58
78
116
59
188
23
247
-43
267
-126
232
-195
153
-221
64
-187
-3
-106
-29
-11
-24
68
-8
112
-4
131
-16
144
-32
160
-34
176
-21
182
-4
163
-2
129
-28
96
-69
95
-102
130
-100
190
-56
240
9
255
62
226
74
174
43
132
-5
123
-40
147
-35
180
4
185
52
149
75
75
55
-5
-4
-56
-74
-59
-128
-14
-147
59
-129
135
-86
194
-35
231
10
241
37
232
40
209
20
185
-18
169
-54
172
-69
185
-51
187
-6
156
37
83
50
-17
14
-107
-53
-147
-111
-116
-118
-37
-59
45
35
86
115
68
134
18
83
-14
-4
13
-76
96
-87
195
-42
254
22
236
51
151
16
41
-66
-37
-150
-62
-192
-42
-177
-16
-126
-14
-72
-42
-40
-78
-36
-94
-40
-76
-35
-33
-16
15
5
54
11
83
4
113
-2
148
8
176
33
173
54
122
42
33
-19
-59
-114
-113
-202
-111
-244
-64
-224
-14
-162
4
-101
-21
-76
-62
-91
-86
-119
-61
-124
1
-86
69
-13
98
54
72
86
4
62
-69
6
-115
-52
-124
-83
-110
-81
-101
-63
-111
-55
-137
-69
-157
-92
-149
-103
-108
-88
-53
-49
-7
-10
10
4
3
-24
-6
-83
13
-144
72
-168
157
-138
232
-69
257
8
216
46
120
26
14
-37
-61
-104
-79
-136
-49
-115
-9
-55
4
2
-24
21
-72
-9
-100
-61
-78
-91
-5
-73
83
-8
143
62
146
96
100
73
49
16
37
-31
76
-26
137
35
170
116
146
167
65
157
-32
93
-88
22
-85
-9
-35
14
10
65
8
93
-47
59
-119
-30
-154
-134
-120
-194
-25
-175
86
-91
154
15
148
85
78
93
-13
44
-77
-28
-90
-85
-55
-111
-3
-107
49
-90
82
-70
101
-47
112
-21
110
10
90
33
45
34
-15
2
-69
-53
-92
-104
-67
-117
-2
-73
72
18
122
127
113
204
54
218
-31
163
-95
59
-102
-47
-39
-114
78
-123
202
-75
296
-7
334
52
314
78
264
74
206
57
164
37
136
31
114
35
91
37
62
33
37
24
25
13
24
10
29
8
31
-1
28
-21
18
-53
17
-85
25
-102
42
-99
49
-77
39
-49
5
-25
-45
-13
-97
-1
-141
10
-177
24
-200
37
-212
48
-211
56
-189
66
-148
87
-96
116
-47
142
-16
156
1
144
8
117
19
85
35
59
49
40
51
25
40
7
23
-11
8
-13
4
6
1
40
-16
73
-52
80
-98
57
-122
23
-102
9
-44
37
21
98
52
151
25
149
-42
78
-103
-31
-109
-121
-49
-140
39
-81
91
15
64
76
-42
65
-176
-17
-269
-119
-284
-182
-226
-182
-144
-132
-84
-76
-62
-45
-60
-42
-46
-40
-8
-15
33
29
44
59
4
35
-69
-55
-125
-178
-119
-274
-44
-295
69
-232
154
-122
172
-25
119
20
31
14
-37
-11
-59
-18
-36
9
2
60
29
108
37
138
37
151
52
168
84
199
118
245
132
286
112
300
68
276
18
226
-13
172
-23
131
-19
105
-15
83
-18
62
-26
40
-28
31
-21
43
-10
78
-15
117
-51
136
-114
112
-184
45
-222
-37
-205
-96
-132
-99
-26
-40
64
53
100
134
65
156
-16
98
-92
-13
-113
-129
-61
-196
47
-183
157
-113
213
-35
187
-2
102
-43
8
-135
-39
-226
-15
-262
62
-224
139
-134
169
-40
134
13
59
7
-16
-39
-48
-88
-28
-112
33
-94
102
-45
158
21
186
86
185
144
151
179
93
178
18
139
-49
66
-83
-5
-71
-46
-20
-36
38
11
69
62
53
78
13
53
-14
11
6
-1
67
46
134
144
148
236
81
262
-49
192
-182
45
-249
-112
-211
-214
-94
-217
52
-142
162
-33
203
59
187
103
149
113
127
112
135
124
161
155
182
189
177
206
141
186
90
127
40
42
11
-49
16
-115
45
-139
77
-120
84
-78
41
-54
-50
-74
-161
-142
-239
-223
-247
-262
-181
-215
-82
-87
-16
71
-28
186
-115
210
-221
153
-281
69
-252
28
-158
60
-60
136
-24
188
-69
164
-150
62
-197
-60
-164
-129
-56
-102
63
6
122
124
85
186
-22
166
-132
83
-192
-6
-182
-61
-125
-74
-65
-69
-29
-74
-12
-93
4
-110
30
-108
57
-87
64
-62
38
-60
-8
-85
-46
-111
-48
-111
-24
-65
6
9
2
73
-41
91
-102
56
-139
-5
-118
-49
-44
-51
53
-10
134
47
174
96
170
120
139
131
90
126
23
102
-60
42
-150
-51
-216
-161
-225
-243
-166
-252
-59
-179
40
-49
85
76
60
147
-4
153
-57
123
-62
103
-19
119
33
158
49
183
13
154
-53
69
-103
-37
-109
-120
-69
-149
-17
-131
6
-101
-14
-92
-65
-115
-108
-146
-117
-159
-90
-135
-52
-87
-37
-46
-49
-40
-73
-72
-74
-112
-33
-124
45
-88
120
-12
152
64
119
94
37
63
-54
-21
-110
-115
-105
-181
-46
-193
37
-155
107
-89
144
-28
147
14
132
37
115
49
100
55
83
49
58
24
27
-23
-1
-86
-8
-138
7
-165
36
-161
54
-139
42
-128
3
-141
-40
-174
-57
-195
-36
-177
12
-108
50
-15
43
59
-14
79
-92
43
-146
-16
-144
-53
-92
-40
-27
10
1
52
-27
42
-82
-26
-117
-118
-91
-175
-3
-160
103
-77
167
23
153
81
73
70
-23
6
-83
-65
-90
-101
-60
-99
-40
-82
-50
-84
-82
-115
-103
-150
-81
-146
-23
-80
32
31
39
135
-28
179
-140
142
-239
49
-276
-42
-231
-84
-134
-66
-37
-11
18
36
23
51
1
33
-21
4
-26
-10
-25
-11
-37
-13
-75
-34
-133
-83
-177
-139
-187
-170
-160
-158
-116
-98
-88
-17
-98
49
-145
76
-209
62
-258
25
-275
-13
-255
-38
-216
-47
-171
-51
-132
-54
-95
-48
-54
-26
-16
23
4
86
-20
135
-94
131
-204
57
-304
-72
-341
-204
-284
-271
-145
-235
21
-95
133
83
145
220
49
258
-95
190
-211
70
-243
-31
-186
-61
-88
-22
-16
40
-8
64
-50
33
-95
-39
-90
-92
-18
-81
88
1
173
120
194
218
148
260
67
243
-4
194
-40
144
-42
106
-33
71
-25
28
-19
-25
-1
-69
43
-78
97
-47
136
8
134
61
87
84
18
79
-47
67
-87
65
-113
81
-141
92
-185
74
-236
24
-264
-46
-245
-98
-176
-105
-86
-70
-10
-21
24
12
19
6
0
-23
-5
-56
12
-67
34
-62
42
-57
25
-75
-3
-116
-13
-158
16
-163
83
-114
157
-11
199
110
181
206
102
238
-12
199
-118
104
-179
-11
-174
-106
-110
-151
-13
-136
76
-78
119
-16
102
15
33
-9
-49
-79
-98
-161
-92
-207
-33
-194
45
-128
101
-42
115
28
93
64
60
81
38
95
33
116
18
128
-21
103
-84
23
-137
-88
-144
-185
-86
-217
6
-170
74
-79
69
-9
-16
-6
-135
-77
-220
-173
-220
-225
-135
-194
-19
-88
66
36
85
119
49
136
8
105
6
70
52
65
121
91
169
120
171
122
135
80
90
13
65
-45
69
-72
84
-63
85
-35
56
-15
-1
-18
-64
-43
-112
-79
-128
-111
-108
-126
-61
-115
4
-77
69
-23
115
38
131
79
110
82
69
40
28
-36
15
-115
40
-165
95
-175
155
-145
192
-97
194
-54
161
-29
108
-25
53
-37
10
-58
-18
-81
-26
-96
-18
-97
1
-84
18
-59
23
-36
11
-29
-15
-40
-34
-58
-36
-63
-21
-43
-5
-7
-11
23
-40
28
-85
4
-114
-33
-110
-52
-78
-41
-42
-11
-32
6
-50
-12
-75
-53
-78
-84
-40
-70
11
-6
28
71
-23
100
-134
47
-249
-68
-302
-185
-256
-231
-135
-180
-8
-64
59
49
51
103
3
102
-25
79
-1
93
52
151
81
213
43
215
-57
123
-157
-37
-187
-190
-114
-262
25
-228
154
-127
208
-31
175
10
103
1
51
-12
50
21
74
100
70
180
1
200
-117
132
-225
7
-258
-104
-202
-141
-97
-93
-14
-6
-12
47
-89
24
-192
-66
-252
-167
-231
-216
-141
-182
-37
-80
23
36
16
115
-48
131
-122
92
-167
32
-159
-16
-111
-35
-47
-32
3
-26
26
-39
26
-80
23
-139
37
-190
83
-199
146
-156
193
-71
187
9
111
35
-13
-19
-132
-126
-178
-227
-132
-255
-14
-187
107
-50
162
84
120
149
13
120
-93
28
-139
-62
-112
-102
-45
-87
3
-52
1
-43
-41
-74
-83
-124
-85
-148
-45
-124
11
-53
45
29
38
93
6
127
-25
144
-35
165
-28
191
-21
206
-23
196
-28
156
-21
112
21
92
76
100
111
112
100
89
47
8
-10
-112
-20
-219
35
-258
131
-216
204
-128
210
-55
143
-45
42
-95
-28
-161
-35
-190
11
-161
66
-93
82
-33
47
-11
-13
-35
-62
-78
-75
-110
-56
-119
-25
-110
2
-92
25
-62
50
-13
74
58
81
137
51
189
-15
186
-84
136
-113
86
-77
81
6
148
77
244
80
309
1
282
-110
165
-178
18
-151
-76
-42
-74
84
8
150
98
122
127
31
78
-48
-4
-59
-52
-2
-22
74
65
99
151
52
176
-39
134
-108
64
-117
25
-72
46
-24
103
-30
141
-103
110
-209
7
-287
-124
-293
-226
-232
-263
-139
-240
-63
-192
-19
-144
-5
-110
7
-69
27
-15
47
46
47
93
27
106
-4
88
-15
62
3
52
40
67
65
88
53
81
6
31
-49
-56
-75
-146
-58
-201
-6
-208
50
-177
81
-135
82
-100
61
-76
37
-57
20
-37
4
-22
-13
-25
-29
-42
-24
-62
6
-60
59
-28
108
26
124
69
93
71
33
22
-24
-57
-43
-129
-18
-163
33
-156
76
-122
92
-88
83
-65
66
-44
56
-11
49
37
37
86
-1
112
-54
103
-106
68
-129
33
-116
23
-86
35
-64
49
-69
41
-98
-1
-121
-62
-114
-107
-70
-107
-13
-63
20
3
6
52
-53
62
-130
34
-192
-6
-213
-32
-202
-32
-170
-9
-143
21
-127
41
-118
49
-106
48
-83
46
-49
47
-11
57
24
71
43
84
41
81
16
52
-27
-12
-66
-100
-77
-185
-41
-230
35
-212
129
-125
194
-4
198
107
139
172
43
180
-47
148
-98
112
-103
94
-78
94
-44
102
-20
105
8
107
45
129
93
182
127
261
121
332
55
352
-55
306
-165
205
-228
99
-220
30
-155
21
-76
53
-24
91
-10
100
-18
78
-16
49
17
42
68
66
105
103
99
112
49
70
-17
-18
-50
-117
-28
-171
42
-160
122
-94
159
-17
137
27
68
13
-6
-40
-40
-95
-25
-118
24
-100
71
-64
77
-47
45
-70
-1
-128
-33
-191
-26
-226
1
-219
27
-185
13
-156
-40
-156
-112
-188
-165
-226
-173
-234
-139
-194
-91
-113
-65
-26
-80
26
-120
35
-155
10
-153
-8
-111
5
-54
47
-22
87
-37
86
-90
26
-138
-68
-138
-144
-74
-153
28
-81
107
45
114
154
34
194
-98
146
-216
35
-261
-73
-209
-121
-90
-85
42
14
128
129
138
205
86
217
8
168
-52
91
-59
25
-16
3
55
33
119
98
143
163
114
194
45
171
-35
98
-84
2
-79
-76
-19
-108
68
-89
147
-40
185
10
176
33
136
28
91
10
57
-4
35
-9
10
-10
-25
-25
-59
-54
-74
-80
-54
-74
-1
-21
52
66
69
146
37
179
-31
146
-94
70
-108
-6
-63
-38
16
-20
83
25
107
55
81
45
36
4
13
-35
28
-39
64
1
93
65
84
118
37
136
-25
121
-71
94
-86
78
-78
74
-63
73
-53
65
-44
50
-21
49
19
78
59
133
69
185
30
197
-50
145
-132
40
-169
-73
-131
-141
-33
-133
81
-59
157
42
162
119
100
144
3
110
-92
38
-151
-45
-164
-110
-137
-146
-80
-140
-11
-93
49
-16
81
66
74
124
29
138
-28
109
-66
59
-68
24
-40
13
-11
16
-8
5
-39
-45
-80
-124
-101
-203
-76
-235
-20
-203
30
-132
32
-63
-21
-45
-98
-76
-141
-119
-117
-125
-30
-60
71
53
127
161
110
199
36
147
-40
23
-62
-116
-11
-216
91
-250
197
-229
262
-186
268
-148
218
-130
141
-133
57
-149
-18
-170
-67
-182
-84
-171
-66
-121
-29
-34
-1
64
-11
128
-60
123
-121
45
-141
-62
-83
-134
52
-117
208
-11
315
132
314
238
207
262
46
202
-96
103
-175
24
-192
-13
-182
-22
-179
-36
-187
-81
-177
-137
-123
-170
-18
-149
103
-83
189
-13
216
18
196
0
171
-40
178
-51
211
-6
228
74
181
128
56
103
-104
-12
-218
-163
-226
-266
-120
-262
39
-147
165
11
195
129
128
153
16
82
-73
-34
-95
-137
-57
-194
3
-211
42
-214
40
-229
15
-259
-6
-284
-5
-284
18
-247
50
-180
76
-93
86
-5
80
73
57
128
25
144
-15
116
-45
47
-45
-39
-2
-107
76
-135
160
-127
211
-107
209
-112
159
-159
96
-232
63
-296
81
-307
134
-251
187
-148
200
-35
163
50
90
91
11
95
-49
82
-79
60
-88
30
-83
-6
-64
-47
-25
-73
35
-71
100
-38
148
6
155
35
124
19
81
-37
67
-103
105
-134
193
-105
298
-21
370
84
386
168
338
197
260
172
186
116
140
57
125
17
127
-4
127
-15
114
-27
95
-38
80
-42
74
-26
70
9
57
49
19
76
-46
65
-122
10
-186
-74
-211
-159
-188
-217
-129
-231
-59
-203
-8
-156
3
-119
-21
-107
-54
-115
-74
-119
-63
-98
-26
-39
6
39
13
111
-8
150
-45
153
-68
136
-61
130
-30
143
1
164
5
165
-28
122
-74
33
-96
-63
-64
-119
18
-106
109
