-135
38
-80
109
7
162
106
183
194
175
256
143
281
96
264
51
213
19
139
11
66
27
11
52
-14
63
-30
38
-59
-21
-130
-91
-237
-122
-344
-82
-392
32
-339
165
-184
265
21
266
191
168
260
28
220
-93
112
-119
12
-47
-19
86
30
210
131
271
229
254
288
182
298
91
276
6
243
-64
204
-126
158
-189
93
-235
9
-249
-72
-211
-131
-128
-144
-16
-113
91
-50
171
20
211
76
209
104
172
95
116
47
56
-33
14
-122
5
-187
33
-206
78
-170
112
-95
112
-11
67
53
-6
83
-76
90
-117
97
-124
117
-110
148
-92
175
-86
181
-86
161
-79
124
-53
91
-14
71
26
60
49
48
49
28
39
-1
22
-29
6
-53
-11
-69
-32
-90
-56
-117
-73
-146
-70
-162
-45
-151
-10
-119
16
-82
18
-62
6
-70
0
-90
27
-91
87
-44
156
47
194
152
173
226
91
235
-16
173
-101
74
-125
-18
-79
-62
11
-47
106
16
170
92
185
154
158
186
107
192
56
177
13
160
-16
146
-35
139
-54
132
-80
115
-107
83
-122
44
-115
12
-78
6
-23
30
24
74
45
101
24
92
-17
35
-46
-43
-37
-107
16
-125
84
-99
127
-57
124
-38
77
-66
27
-118
13
-160
50
-151
117
-81
170
16
170
96
117
125
42
102
-16
59
-34
25
-16
18
12
25
24
26
18
10
13
-12
23
-20
52
4
81
52
85
98
57
120
9
112
-28
88
-38
73
-18
80
18
105
42
135
52
150
47
155
40
151
30
143
16
121
-13
78
-42
16
-52
-47
-32
-76
16
-59
63
-5
71
45
30
49
-36
4
-78
-62
-57
-92
23
-53
117
41
167
134
144
166
72
124
13
47
15
1
74
25
135
101
128
156
26
116
-127
-32
-243
-229
-241
-374
-115
-384
71
-264
211
-83
232
55
139
88
9
28
-68
-50
-45
-71
46
-6
134
106
151
194
83
202
-26
129
-111
26
-133
-51
-99
-74
-55
-58
-43
-43
-77
-62
-135
-117
-172
-177
-162
-201
-112
-175
-49
-103
-15
-17
-19
52
-62
82
-119
74
-167
36
-185
-13
-166
-52
-114
-65
-41
-45
28
1
70
52
69
77
28
57
-27
-4
-58
-74
-38
-112
29
-84
113
8
168
134
161
245
86
301
-31
298
-145
247
-225
182
-260
124
-262
81
-252
45
-241
8
-233
-36
-223
-81
-207
-118
-183
-141
-155
-149
-130
-140
-110
-113
-103
-76
-112
-37
-141
-11
-187
-11
-231
-40
-255
-76
-235
-100
-176
-86
-96
-35
-28
28
0
65
-13
54
-44
-6
-59
-83
-30
-141
33
-150
103
-115
136
-74
112
-59
46
-92
-27
-151
-68
-203
-58
-210
-12
-160
35
-73
46
11
18
62
-27
70
-54
66
-35
81
22
137
87
221
119
298
95
323
30
277
-37
177
-64
64
-29
-16
51
-38
135
-18
182
11
175
13
129
-20
80
-67
56
-98
64
-84
78
-30
68
36
8
76
-91
60
-198
-1
-270
-81
-278
-139
-226
-148
-138
-110
-57
-47
-3
12
15
39
8
23
6
-18
28
-62
82
-86
158
-74
232
-30
274
24
266
58
208
51
124
-1
50
-73
16
-126
25
-135
57
-96
76
-37
56
2
1
-3
-55
-48
-73
-93
-29
-94
57
-35
141
66
177
161
141
202
59
178
-25
109
-68
45
-64
15
-35
24
-16
44
-28
47
-61
22
-81
-12
-60
-21
-1
17
74
96
128
190
140
262
109
295
59
286
11
252
-21
202
-42
139
-51
69
-45
1
-18
-42
35
-42
95
7
132
81
122
144
57
166
-30
140
-102
91
-129
51
-110
37
-68
47
-27
56
3
52
29
41
65
37
111
53
145
75
148
76
110
33
58
-50
31
-132
54
-165
113
-134
156
-60
137
-8
46
-30
-76
-128
-159
-251
-147
-320
-49
-289
78
-168
153
-24
128
69
23
75
-105
12
-187
-62
-206
-104
-184
-110
-164
-110
-166
-134
-174
-182
-144
-212
-60
-173
55
-56
138
97
134
208
32
214
-111
121
-212
-20
-218
-117
-129
-124
-16
-55
51
30
28
62
-62
16
-154
-81
-191
-170
-157
-206
-82
-187
-10
-139
28
-94
40
-65
49
-33
69
18
91
84
84
140
35
146
-42
91
-103
0
-102
-73
-33
-77
76
-5
163
105
182
200
130
234
40
207
-37
144
-69
83
-49
50
-5
40
40
37
74
33
103
31
135
41
164
67
175
95
155
105
105
86
43
41
-6
-8
-31
-41
-48
-62
-69
-89
-103
-144
-128
-216
-113
-274
-37
-271
80
-180
194
-23
234
139
175
233
31
222
-134
123
-246
-3
-267
-88
-212
-95
-134
-44
-92
21
-110
49
-165
29
-218
-19
-226
-59
-184
-57
-115
-16
-54
40
-24
83
-21
95
-28
80
-21
62
6
53
44
59
74
70
84
72
71
56
47
22
21
-24
1
-73
-8
-122
-6
-168
8
-203
39
-216
86
-197
139
-141
182
-56
195
38
165
116
97
153
0
139
-95
81
-159
5
-173
-64
-129
-91
-48
-67
40
1
106
90
126
168
98
206
35
195
-34
142
-86
61
-101
-25
-75
-94
-11
-129
77
-119
173
-61
250
31
285
132
264
204
192
222
96
185
19
113
-8
57
27
47
90
93
139
163
136
213
75
204
-14
136
-86
42
-109
-36
-84
-74
-40
-75
-18
-71
-22
-86
-41
-122
-43
-151
-4
-141
65
-76
129
22
153
115
127
166
74
169
29
148
20
139
40
149
59
167
49
161
11
111
-34
25
-46
-55
-10
-91
55
-68
109
-10
109
39
52
41
-33
-7
-102
-73
-121
-118
-91
-116
-42
-73
-11
-18
-16
15
-54
15
-95
-16
-117
-52
-109
-75
-74
-74
-27
-45
19
6
46
68
52
128
28
163
-21
159
-80
112
-119
42
-115
-25
-62
-57
23
-46
104
-4
152
36
156
54
127
46
95
33
68
31
39
40
-13
40
-92
6
-182
-62
-245
-144
-250
-190
-195
-170
-109
-90
-40
17
-22
98
-51
127
-89
115
-100
93
-71
93
-21
117
13
139
10
130
-19
87
-44
30
-41
-1
-10
11
16
55
5
94
-51
93
-129
52
-183
2
-187
-21
-147
7
-102
62
-90
100
-123
86
-173
18
-195
-63
-158
-115
-75
-107
16
-54
69
6
66
39
23
30
-24
-3
-44
-29
-29
-30
4
-8
33
18
50
37
63
46
81
53
107
63
134
72
147
71
145
48
133
8
124
-35
122
-68
120
-93
109
-113
85
-144
57
-175
42
-192
49
-177
64
-132
69
-81
51
-49
13
-52
-16
-77
-7
-91
45
-69
112
-10
156
52
147
76
92
40
30
-39
3
-116
28
-147
80
-119
117
-61
107
-14
43
-3
-42
-29
-111
-64
-147
-83
-153
-84
-153
-83
-158
-93
-153
-112
-122
-115
-55
-70
29
23
91
140
95
234
40
273
-45
257
-119
211
-151
173
-148
152
-134
136
-127
107
-119
64
-91
30
-28
44
54
110
107
197
92
247
1
211
-114
94
-183
-43
-156
-115
-40
-71
92
71
148
227
86
306
-71
263
-237
122
-321
-37
-282
-131
-141
-125
23
-38
141
69
180
141
151
158
97
127
48
74
20
13
8
-46
4
-98
18
-132
45
-125
83
-74
108
13
88
95
13
136
-100
112
-206
40
-262
-45
-245
-100
-168
-110
-63
-76
39
-21
115
45
167
104
194
163
193
210
158
228
87
199
1
124
-70
25
-99
-60
-80
-105
-34
-104
8
-78
24
-57
18
-52
12
-52
29
-34
67
18
101
90
103
144
64
153
-2
109
-54
32
-63
-39
-26
-75
37
-73
92
-50
122
-25
124
-9
114
4
98
25
76
47
37
54
-17
34
-66
-9
-86
-47
-58
-45
4
8
64
94
86
166
56
188
5
153
-23
98
4
65
78
86
162
144
204
196
187
200
124
144
64
55
45
-20
69
-48
107
-35
119
-8
86
0
21
-18
-42
-40
-77
-42
-95
-14
-110
25
-146
43
-202
23
-241
-22
-235
-57
-172
-48
-76
10
8
81
41
128
28
119
-6
63
-21
-11
0
-65
45
-91
83
-103
94
-124
78
-167
61
-209
66
-226
92
-202
117
-145
114
-86
71
-55
10
-55
-39
-66
-54
-59
-40
-21
-22
28
-31
58
-71
42
-116
-13
-129
-74
-94
-103
-23
-88
45
-47
83
-15
81
-11
70
-30
81
-35
125
4
187
93
218
199
190
272
101
280
-4
229
-81
157
-97
109
-65
107
-22
132
-9
143
-33
112
-66
44
-70
-25
-22
-54
62
-23
137
41
161
97
120
100
45
42
-18
-44
-27
-104
19
-107
83
-57
122
8
105
42
46
24
-18
-33
-35
-83
6
-89
86
-37
160
45
190
114
165
136
112
105
74
55
70
18
97
11
121
23
112
18
63
-33
-2
-123
-42
-221
-25
-276
40
-263
117
-190
161
-95
145
-28
84
-6
20
-16
-11
-18
6
19
45
90
62
163
36
198
-28
169
-93
95
-117
18
-82
-25
-7
-14
62
29
96
68
83
81
47
64
16
42
10
34
17
47
20
64
5
64
-23
45
-39
16
-30
8
1
36
29
85
23
126
-29
126
-110
78
-185
1
-220
-66
-209
-99
-173
-94
-140
-69
-131
-52
-140
-52
-148
-59
-138
-61
-112
-46
-89
-30
-81
-37
-92
-79
-100
-148
-81
-211
-18
-235
66
-207
136
-144
156
-86
112
-69
33
-100
-44
-154
-80
-192
-65
-187
-21
-129
18
-47
28
31
5
83
-30
105
-57
111
-62
117
-49
132
-40
143
-47
133
-76
95
-110
30
-139
-47
-147
-110
-136
-148
-119
-161
-115
-156
-132
-148
-168
-151
-209
-159
-243
-170
-262
-173
-263
-169
-253
-165
-236
-168
-211
-175
-165
-177
-98
-161
-14
-112
65
-41
114
35
114
84
69
87
0
45
-58
-21
-84
-81
-74
-112
-40
-110
-11
-91
5
-74
9
-61
13
-49
33
-19
62
33
88
99
88
158
52
186
-7
175
-68
131
-107
76
-116
35
-95
20
-60
28
-27
59
-4
103
6
153
-3
201
-29
238
-68
253
-112
246
-148
222
-166
193
-162
170
-144
146
-124
122
-106
81
-84
33
-45
-4
15
-14
85
11
139
55
156
89
135
93
94
69
69
42
78
45
117
97
148
179
144
252
86
281
-3
250
-83
182
-119
112
-103
68
-57
54
-8
51
21
40
35
18
47
-3
72
-4
94
17
93
39
46
27
-34
-35
-116
-134
-160
-234
-145
-291
-79
-286
0
-224
50
-145
57
-79
25
-47
-21
-45
-54
-59
-68
-75
-57
-88
-33
-95
2
-93
44
-75
83
-42
108
-2
104
23
69
15
21
-25
-13
-76
-8
-105
37
-83
102
-13
149
82
152
164
113
209
56
214
8
195
-16
171
-11
148
6
127
27
100
47
69
71
46
103
47
122
65
111
82
54
66
-42
4
-142
-93
-207
-189
-212
-240
-168
-227
-105
-159
-65
-76
-65
-15
-91
9
-110
11
-91
22
-27
67
59
152
119
245
126
301
74
289
-7
206
-76
85
-93
-28
-55
-93
11
-101
64
-76
70
-55
25
-74
-45
-133
-93
-202
-88
-239
-31
-216
47
-139
97
-42
92
24
35
31
-38
-15
-84
-76
-77
-112
-32
-103
16
-59
28
-21
-9
-20
-74
-57
-125
-110
-136
-140
-104
-124
-53
-61
-18
18
-19
85
-55
119
-103
117
-141
92
-156
59
-143
27
-107
4
-57
-1
2
15
56
48
86
83
81
93
50
69
17
20
14
-18
57
-6
129
71
182
182
172
272
83
284
-48
204
-157
69
-188
-52
-130
-105
-25
-83
64
-25
91
9
51
-12
-8
-78
-37
-147
-12
-170
49
-138
102
-75
114
-23
85
-7
43
-21
25
-33
47
-16
88
38
118
106
107
152
53
152
-20
104
-83
28
-115
-52
-108
-116
-71
-149
-13
-145
52
-100
107
-23
134
69
120
146
66
187
-8
185
-73
153
-110
119
-111
91
-93
66
-71
31
-45
-21
-1
-66
79
-76
193
-21
299
92
351
211
313
280
202
261
69
168
-16
59
-21
-5
37
-1
107
47
134
89
112
91
71
57
52
25
76
32
118
80
134
130
95
139
16
88
-50
8
-59
-42
-1
-21
81
69
122
173
93
225
8
203
-72
133
-94
75
-43
76
38
130
86
189
69
195
1
127
-61
13
-68
-88
-3
-124
97
-91
179
-18
205
47
173
81
116
88
64
89
25
92
-11
85
-57
50
-107
-25
-136
-116
-116
-187
-46
-205
42
-173
105
-122
110
-92
71
-103
14
-143
-17
-173
-7
-162
27
-106
54
-28
54
46
31
96
11
132
10
170
29
212
53
247
62
245
57
193
61
108
100
25
180
-23
278
-25
349
-1
367
8
329
-11
265
-47
211
-65
181
-34
159
39
103
115
-8
142
-153
93
-274
-12
-313
-114
-247
-148
-103
-94
47
18
132
120
129
144
62
80
1
-35
0
-128
67
-141
158
-73
204
33
160
107
29
105
-127
37
-240
-44
-267
-79
-218
-35
-144
66
-104
171
-124
224
-180
206
-227
145
-227
81
-170
53
-86
62
-18
81
14
89
18
79
16
72
29
93
48
147
47
209
1
233
-80
197
-156
107
-177
13
-115
-33
8
-9
136
62
211
124
206
121
148
39
90
-90
79
-207
131
-267
216
-253
287
-185
309
-101
273
-31
199
16
115
48
42
71
-8
93
-35
115
-40
142
-25
177
-3
211
10
230
-1
204
-39
118
-73
-24
-66
-175
7
-279
137
-296
279
-225
372
-112
373
-14
286
25
156
9
41
-28
-25
-42
-46
-21
-52
25
-74
60
-119
59
-170
22
-198
-32
-187
-74
-148
-96
-99
-101
-58
-99
-31
-91
-14
-74
-8
-42
-18
-8
-52
11
-107
3
-156
-23
-170
-30
-134
16
-69
122
-21
255
-37
350
-126
358
-244
269
-326
127
-320
7
-217
-38
-70
-3
53
71
101
127
71
122
1
63
-63
-16
-91
-81
-93
-122
-92
-152
-105
-190
-123
-233
-120
-262
-86
-244
-28
-169
20
-54
18
53
-46
110
-147
100
-239
48
-276
-4
-248
-18
-177
13
-103
70
-62
112
-57
117
-67
81
-64
31
-28
-2
35
-2
93
21
119
42
98
28
45
-26
-8
-104
-27
-165
-3
-178
45
-137
77
-68
59
-16
-6
-16
-87
-64
-130
-120
-107
-132
-30
-72
47
33
66
124
0
136
-117
52
-215
-90
-231
-208
-147
-237
-15
-167
86
-54
98
25
19
18
-86
-65
-142
-161
-106
-196
-4
-145
102
-42
146
50
113
76
42
37
-12
-24
-15
-60
25
-53
59
-24
54
-16
5
-48
-45
-107
-62
-147
-33
-136
12
-78
30
-18
-4
-3
-71
-47
-122
-122
-107
-169
-28
-150
74
-74
139
16
128
62
54
37
-35
-42
-91
-129
-94
-179
-61
-182
-29
-160
-25
-137
-47
-134
-71
-136
-72
-124
-46
-83
-11
-14
11
56
1
103
-33
107
-76
73
-105
13
-104
-47
-70
-89
-11
-97
56
-62
105
8
115
88
68
146
-33
151
-161
100
-275
11
-335
-76
-331
-128
-272
-132
-198
-105
-136
-72
-98
-55
-72
-54
-43
-55
-8
-51
21
-40
30
-42
15
-66
-11
-108
-28
-144
-23
-153
-6
-127
-1
-89
-21
-62
-62
-60
-98
-74
-101
-71
-64
-28
-11
52
16
136
-8
180
-81
155
-163
78
-216
-16
-214
-86
-173
-108
-127
-100
-107
-92
-123
-107
-153
-144
-164
-183
-133
-192
-63
-151
26
-54
98
71
127
190
91
264
1
258
-115
163
-214
2
-244
-171
-181
-290
-32
-300
146
-198
279
-31
305
122
209
196
38
165
-125
71
-213
-21
-198
-47
-111
12
-11
127
48
245
45
322
-1
339
-63
305
-109
232
-128
146
-121
54
-90
-25
-40
-74
18
-84
59
-65
57
-48
2
-66
-82
-131
-157
-214
-177
-274
-139
-272
-69
-211
-19
-132
-21
-91
-62
-109
-94
-161
-71
-190
9
-157
107
-69
156
19
129
51
44
5
-34
-79
-45
-127
18
-90
102
25
135
149
78
213
-41
183
-151
93
-183
21
-122
13
-16
77
71
157
90
199
51
175
3
108
-11
45
18
18
57
16
69
9
43
-27
7
-84
-7
-127
18
-122
58
-71
74
-12
42
11
-24
-13
-80
-61
-88
-88
-49
-65
-4
-10
2
30
-45
16
-118
-48
-168
-120
-161
-152
-117
-123
-81
-62
-98
-22
-168
-36
-248
-91
-281
-136
-251
-127
-179
-55
-126
30
-127
70
-175
38
-212
-45
-184
-112
-76
-113
71
-37
188
71
227
146
182
152
103
95
43
21
31
-25
57
-24
95
17
110
77
98
140
59
202
9
259
-57
293
-135
285
-215
228
-263
140
-247
64
-156
44
-23
89
97
165
151
214
131
186
70
84
28
-47
47
-154
118
-195
197
-182
240
-148
223
-133
162
-143
91
-160
35
-161
-7
-139
-50
-111
-105
-97
-167
-104
-209
-115
-217
-106
-194
-73
-166
-29
-157
-7
-168
-21
-173
-60
-149
-91
-88
-83
-16
-42
26
-1
16
-3
-30
-57
-66
-130
-50
-173
21
-144
106
-49
149
59
112
119
16
102
-86
23
-128
-55
-92
-77
-2
-28
81
59
104
127
60
129
-18
64
-78
-34
-81
-116
-27
-149
54
-130
117
-83
138
-44
107
-35
45
-69
-19
-133
-59
-200
-62
-245
-31
-249
14
-206
40
-139
21
-83
-54
-74
-164
-124
-264
-218
-318
-313
-305
-369
-241
-370
-161
-327
-93
-271
-50
-216
-16
-157
25
-72
71
45
94
175
62
264
-39
271
-169
182
-265
46
-270
-66
-175
-89
-35
-18
75
97
91
172
10
154
-107
52
-187
-80
-185
-170
-110
-182
-20
-139
28
-88
14
-74
-36
-103
-78
-143
-82
-158
-58
-136
-40
-97
-54
-82
-98
-106
-135
-152
-129
-177
-71
-148
6
-71
52
13
41
51
-13
21
-61
-50
-47
-100
35
-78
140
19
204
136
165
194
35
142
-124
-8
-230
-185
-223
-301
-118
-304
16
-209
100
-77
86
11
-10
15
-121
-51
-177
-125
-146
-150
-52
-103
56
-11
120
76
124
108
91
80
73
18
105
-27
188
-22
290
37
364
120
382
192
337
222
255
209
167
165
96
110
52
59
28
19
23
-4
31
-10
45
6
57
37
53
72
22
86
-33
65
-91
17
-127
-39
-127
-69
-93
-57
-56
-13
-48
30
-83
37
-144
-4
-193
-68
-190
-115
-132
-105
-41
-35
34
67
52
151
12
183
-60
160
-120
107
-139
65
-119
52
-83
64
-61
75
-62
68
-69
45
-59
31
-17
53
39
110
74
176
63
209
9
179
-52
93
-75
-6
-32
-69
67
-64
174
-7
238
64
231
100
165
83
85
32
27
-18
10
-28
8
0
-11
37
-70
44
-158
4
-236
-70
-265
-136
-225
-156
-136
-113
-40
-28
17
59
22
108
-13
109
-50
74
-64
36
-45
18
-10
23
20
40
30
54
21
54
6
49
-4
45
-7
48
-8
48
-13
37
-19
10
-13
-23
15
-42
67
-33
126
2
164
49
166
80
129
80
72
50
21
13
-13
-14
-31
-23
-48
-23
-76
-30
-109
-52
-128
-74
-115
-70
-69
-23
-15
62
14
151
-11
197
-83
170
-161
76
-196
-36
-151
-105
-35
-88
98
8
184
135
176
220
82
222
-46
144
-138
35
-149
-37
-78
-30
23
52
92
158
85
223
6
208
-96
115
-170
-16
-175
-134
-112
-204
-17
-223
69
-210
124
-190
142
-170
139
-151
128
-120
109
-76
74
-32
15
-4
-54
1
-111
-3
-139
5
-134
47
-113
112
-110
175
-146
194
-209
155
-264
66
-274
-27
-217
-82
-112
-73
0
-10
73
67
81
119
34
122
-34
84
-88
28
-103
-19
-82
-35
-37
-18
13
26
52
86
69
148
62
197
25
214
-27
194
-77
144
-106
85
-98
41
-61
30
-18
42
1
54
-7
44
-31
4
-44
-38
-22
-52
32
-19
84
49
100
114
66
138
-6
109
-69
47
-93
-6
-69
-25
-28
-12
-4
1
-13
-17
-40
-68
-46
-118
-8
-126
64
-69
127
32
130
119
58
144
-64
85
-171
-25
-211
-121
-167
-158
-76
-128
7
-62
40
-12
23
-6
-13
-40
-28
-83
-5
-100
46
-84
93
-52
112
-23
101
-16
77
-29
60
-42
57
-45
63
-33
64
-11
54
9
33
25
7
33
-26
30
-64
7
-103
-44
-126
-112
-115
-175
-55
-196
40
-156
136
-64
184
39
158
100
62
83
-59
-6
-149
-127
-173
-226
-128
-267
-46
-244
30
-187
66
-125
65
-86
38
-72
13
-76
7
-81
22
-78
54
-58
94
-21
127
28
142
79
125
111
77
111
8
66
-60
-6
-102
-84
-105
-141
-76
-164
-39
-164
-11
-156
4
-155
22
-153
55
-132
107
-82
158
-8
184
63
167
98
115
83
59
29
28
-35
32
-81
59
-105
83
-117
97
-132
104
-141
128
-119
173
-43
218
86
220
228
151
315
18
312
-125
218
-201
101
-168
36
-39
67
115
176
208
286
192
313
94
228
-10
60
-42
-99
24
-171
148
-135
242
-35
234
46
118
42
-55
-53
-195
-182
-239
-265
-186
-253
-85
-152
-10
-17
-4
85
-55
117
-114
95
-128
65
-74
78
23
145
105
240
130
310
83
315
-6
249
-89
143
-130
39
-118
-30
-81
-56
-51
-59
-51
-71
-78
-106
-111
-151
-121
-188
-100
-192
-60
-156
-22
-95
-11
-28
-33
21
-78
43
-130
42
-175
27
-199
6
-202
-15
-182
-23
-141
-13
-87
21
-32
75
4
134
6
175
-26
177
-78
134
-126
67
-147
0
-136
-47
-108
-68
-83
-74
-76
-84
-84
-108
-91
-136
-75
-152
-29
