-138
46
-131
121
-95
178
-44
204
3
199
33
166
42
121
27
71
-4
35
-41
18
-62
25
-53
39
-6
39
51
-1
90
-76
76
-161
10
-209
-76
-185
-122
-88
-91
31
25
115
173
105
281
-1
281
-145
173
-262
7
-281
-137
-194
-198
-40
-159
110
-51
202
71
217
165
178
218
119
242
63
251
13
250
-35
230
-91
179
-141
99
-166
11
-148
-62
-91
-95
-8
-81
73
-32
127
33
146
93
130
134
87
146
31
124
-18
74
-44
11
-30
-37
21
-48
92
-17
149
37
168
84
134
98
68
67
-5
10
-59
-48
-82
-84
-89
-93
-97
-91
-117
-88
-137
-91
-151
-88
-139
-64
-104
-15
-62
50
-30
115
-13
165
-5
192
1
205
9
204
17
190
14
156
6
98
-1
28
4
-32
28
-68
55
-74
71
-69
61
-69
34
-87
18
-106
35
-96
89
-35
156
71
197
189
183
269
112
275
16
199
-54
77
-66
-45
-10
-127
88
-152
187
-130
249
-88
258
-50
222
-31
158
-32
88
-40
28
-44
-16
-36
-52
-18
-83
-1
-115
4
-146
-10
-160
-40
-148
-66
-102
-71
-36
-49
26
-10
58
21
50
17
18
-23
-4
-80
8
-110
62
-88
127
-16
167
72
158
134
107
142
54
112
42
83
84
87
159
136
222
199
235
236
199
214
136
143
88
54
76
-15
95
-46
115
-45
110
-35
80
-28
41
-16
14
17
1
82
-11
168
-45
242
-105
278
-175
266
-226
222
-239
170
-208
127
-153
95
-96
60
-50
18
-16
-30
16
-69
42
-100
55
-124
47
-153
24
-187
8
-206
16
-190
41
-123
59
-26
37
57
-30
81
-119
42
-176
-33
-159
-85
-71
-78
42
-21
122
33
134
33
104
-30
84
-119
121
-157
208
-114
286
-2
285
100
174
114
-1
21
-148
-124
-187
-224
-105
-204
38
-66
139
118
130
243
17
249
-119
156
-188
36
-146
-26
-23
-1
106
79
168
145
146
139
78
66
32
-30
37
-93
90
-96
140
-57
146
-23
99
-27
20
-71
-44
-127
-64
-154
-41
-134
-7
-73
7
1
-17
61
-72
84
-139
74
-192
40
-214
2
-199
-22
-151
-16
-86
25
-23
92
9
160
-5
199
-57
184
-121
123
-159
47
-143
-6
-73
5
20
78
91
185
103
280
54
325
-33
315
-116
266
-167
209
-174
164
-151
138
-122
121
-98
100
-81
70
-65
35
-47
-1
-24
-31
4
-53
30
-64
50
-64
62
-54
59
-45
36
-46
0
-68
-41
-110
-61
-156
-45
-177
2
-156
64
-91
107
-8
100
52
47
63
-30
21
-89
-42
-104
-91
-80
-99
-43
-73
-31
-47
-64
-54
-127
-111
-188
-199
-202
-276
-160
-309
-75
-278
11
-206
60
-129
66
-78
45
-59
34
-47
56
-12
105
69
152
180
157
281
103
330
1
305
-102
221
-160
117
-151
44
-86
21
-11
37
41
58
47
51
23
6
1
-53
8
-93
47
-86
94
-34
108
34
68
76
-18
69
-119
18
-192
-50
-209
-96
-168
-93
-97
-45
-30
30
6
94
11
124
-6
110
-16
65
4
13
58
-21
136
-21
214
11
260
51
253
71
196
49
110
-16
32
-96
-10
-158
-9
-173
13
-137
22
-78
-5
-38
-64
-40
-122
-81
-135
-119
-85
-112
13
-48
112
57
161
153
141
192
72
163
-2
85
-40
4
-33
-45
-8
-59
1
-64
-23
-90
-71
-144
-105
-206
-100
-238
-51
-220
18
-151
69
-60
83
17
63
64
25
81
-3
78
-17
64
-15
45
-8
18
13
-9
52
-14
109
18
168
91
196
180
170
250
89
269
-15
232
-107
167
-155
107
-153
72
-125
61
-93
55
-71
41
-48
24
-13
21
34
43
69
76
71
91
31
62
-25
-8
-58
-79
-45
-107
4
-74
39
-6
12
37
-81
4
-199
-110
-272
-247
-245
-331
-120
-310
38
-194
146
-55
161
40
93
50
3
-8
-48
-75
-40
-115
-1
-121
28
-125
25
-161
10
-222
21
-270
83
-251
171
-153
226
-18
192
82
64
86
-101
-3
-222
-125
-242
-197
-166
-170
-59
-62
1
66
-28
139
-122
127
-220
58
-267
-14
-243
-49
-180
-40
-120
-16
-93
-6
-93
-18
-93
-33
-78
-27
-59
-1
-64
20
-107
0
-173
-70
-222
-165
-210
-234
-129
-227
-10
-144
84
-21
110
81
58
119
-32
83
-114
4
-149
-80
-136
-144
-98
-185
-56
-216
-23
-245
8
-260
43
-250
80
-208
99
-148
86
-91
43
-54
-12
-33
-57
-13
-83
21
-98
57
-119
74
-153
50
-179
-11
-161
-76
-78
-95
54
-40
185
69
249
180
218
224
104
168
-30
35
-112
-116
-110
-214
-37
-221
49
-160
87
-78
56
-29
-27
-32
-114
-68
-164
-102
-169
-104
-146
-76
-129
-42
-138
-25
-166
-43
-194
-83
-197
-123
-172
-142
-125
-134
-80
-106
-53
-74
-45
-46
-52
-28
-67
-17
-81
-11
-93
-9
-100
-16
-100
-23
-87
-28
-58
-20
-22
9
12
51
24
91
5
107
-47
83
-112
10
-169
-95
-187
-211
-152
-301
-64
-337
57
-304
177
-217
262
-97
284
16
243
91
149
117
38
93
-66
33
-143
-42
-181
-110
-180
-151
-146
-156
-96
-117
-49
-45
-29
35
-51
91
-107
99
-173
57
-209
-8
-187
-53
-100
-42
18
27
122
126
168
204
148
223
93
180
47
105
42
40
76
10
121
6
142
2
128
-30
98
-88
83
-149
107
-174
160
-148
207
-91
216
-40
174
-30
104
-65
46
-117
21
-152
28
-155
38
-141
21
-141
-22
-172
-66
-228
-74
-271
-32
-259
42
-187
110
-78
124
17
83
62
11
48
-45
3
-53
-33
-18
-33
33
-4
62
28
52
31
6
-3
-47
-64
-81
-126
-84
-165
-59
-170
-21
-135
18
-65
44
26
48
124
25
206
-21
247
-74
245
-110
211
-104
173
-49
157
35
175
115
206
159
227
157
217
126
177
89
128
58
93
28
75
-19
54
-93
11
-175
-62
-226
-136
-218
-170
-146
-132
-46
-32
35
91
64
187
45
225
8
213
-3
183
21
168
59
169
80
168
61
135
16
67
-25
-8
-37
-55
-19
-50
1
-5
-13
40
-69
54
-141
29
-187
-4
-178
-7
-124
36
-64
100
-40
144
-62
131
-104
57
-124
-35
-91
-100
-14
-107
64
-71
99
-23
74
-1
6
-15
-66
-48
-110
-67
-117
-57
-103
-19
-88
25
-80
64
-72
94
-54
120
-21
148
16
175
43
187
57
175
60
141
66
103
78
71
88
44
84
18
64
-18
35
-59
16
-90
13
-90
20
-64
13
-29
-19
-17
-67
-39
-105
-83
-102
-112
-52
-101
18
-49
69
11
71
37
31
11
-13
-54
-19
-115
28
-127
102
-82
161
-7
169
53
121
70
49
43
-14
2
-45
-34
-52
-57
-58
-81
-70
-122
-77
-170
-58
-204
-6
-188
62
-118
108
-20
98
62
30
94
-68
78
-150
37
-189
8
-190
-1
-175
-1
-165
-16
-148
-45
-108
-64
-30
-37
69
39
144
139
148
195
80
168
-15
57
-66
-74
-22
-140
105
-93
240
51
298
206
230
283
60
234
-124
83
-231
-84
-216
-189
-103
-194
36
-116
131
-16
151
56
112
75
55
56
14
19
1
-17
14
-47
45
-65
95
-65
167
-24
247
56
311
166
324
264
274
308
175
278
67
186
-2
74
-18
-19
19
-70
71
-79
113
-65
126
-40
111
-8
78
30
21
69
-60
89
-163
77
-270
28
-350
-39
-374
-86
-339
-91
-272
-48
-204
13
-161
64
-141
92
-125
107
-95
129
-49
177
-16
236
-21
276
-74
264
-156
198
-226
101
-252
11
-229
-41
-175
-49
-120
-34
-86
-13
-74
4
-70
19
-69
41
-71
64
-93
68
-133
43
-175
-11
-194
-61
-173
-77
-125
-43
-85
18
-87
66
-141
65
-216
10
-264
-62
-252
-104
-181
-86
-95
-23
-40
44
-39
68
-73
38
-98
-19
-82
-58
-20
-51
56
-2
100
55
97
90
56
91
11
79
-15
81
-25
104
-38
133
-77
133
-136
94
-180
27
-178
-27
-119
-30
-28
17
52
90
81
144
62
152
23
118
-1
75
10
52
43
60
69
80
66
86
38
63
11
29
10
13
32
24
57
61
57
88
23
82
-29
40
-67
-14
-73
-48
-49
-49
-28
-32
-37
-26
-83
-57
-136
-119
-165
-178
-146
-200
-93
-170
-43
-111
-21
-59
-33
-36
-50
-38
-39
-30
15
20
91
115
142
221
139
289
78
290
-1
226
-51
141
-44
79
7
60
64
69
86
66
66
22
32
-59
25
-137
66
-173
144
-145
213
-78
228
-21
183
-11
100
-57
34
-127
17
-170
52
-157
105
-88
128
-4
90
47
8
39
-78
-9
-124
-56
-111
-60
-54
-11
-1
65
13
127
-20
143
-74
112
-108
61
-100
31
-57
38
-11
69
1
91
-27
73
-73
16
-95
-47
-69
-70
1
-30
81
61
123
163
103
226
35
232
-37
194
-74
151
-62
139
-27
158
-9
177
-35
157
-99
81
-163
-33
-189
-142
-158
-204
-91
-202
-29
-158
-8
-108
-31
-78
-79
-73
-117
-72
-126
-57
-115
-23
-100
12
-94
25
-91
16
-72
-7
-21
-11
54
16
126
65
160
103
143
101
86
52
25
-27
-9
-100
-9
-134
7
-132
9
-112
-17
-100
-64
-104
-111
-115
-138
-115
-141
-96
-139
-69
-148
-56
-166
-72
-175
-108
-151
-132
-81
-112
12
-40
91
66
115
158
76
204
-2
185
-78
126
-115
66
-103
34
-58
37
-13
54
5
61
-4
39
-21
-8
-25
-60
-6
-96
28
-107
58
-100
69
-89
52
-88
22
-98
-8
-105
-24
-97
-27
-62
-25
-7
-40
52
-72
96
-122
114
-172
106
-209
81
-225
49
-220
13
-198
-23
-170
-66
-134
-105
-81
-129
-10
-118
70
-64
138
28
170
136
148
221
81
264
-11
256
-89
216
-129
168
-126
136
-90
116
-46
98
-10
69
21
23
56
-26
105
-57
160
-59
202
-35
209
-2
168
17
89
13
-1
-8
-81
-26
-135
-22
-163
8
-173
63
-177
132
-180
204
-185
270
-192
320
-201
345
-209
337
-214
298
-204
238
-175
173
-128
117
-74
72
-29
33
2
-8
22
-46
49
-63
87
-45
127
12
153
88
142
150
97
175
42
162
15
135
33
128
88
156
147
208
171
246
146
238
86
173
28
76
6
-16
23
-70
61
-84
90
-76
94
-66
77
-61
60
-47
55
-14
56
37
41
86
-7
93
-79
42
-144
-54
-161
-161
-112
-233
-15
-244
95
-204
173
-142
197
-91
170
-69
122
-69
72
-75
37
-77
17
-68
8
-49
6
-17
13
28
25
86
25
142
1
176
-46
166
-102
110
-138
33
-132
-33
-88
-54
-23
-32
23
16
22
54
-22
65
-86
45
-139
18
-162
0
-157
1
-133
18
-101
42
-64
71
-16
115
41
178
89
255
105
322
69
342
-9
297
-100
198
-163
84
-177
-2
-145
-38
-103
-29
-86
-6
-110
-5
-159
-36
-193
-78
-180
-100
-116
-68
-21
18
60
127
93
214
72
241
23
203
-13
125
-4
52
52
21
127
35
180
70
173
88
109
56
10
-27
-71
-124
-101
-194
-76
-202
-30
-151
-1
-75
-22
-22
-86
-19
-157
-62
-192
-116
-170
-139
-105
-116
-36
-63
-1
-19
-18
-18
-63
-66
-100
-136
-98
-190
-59
-203
-4
-173
34
-124
35
-85
-2
-71
-52
-85
-91
-112
-105
-139
-95
-157
-64
-159
-18
-142
33
-103
76
-47
95
4
78
24
35
3
-12
-49
-25
-95
11
-95
78
-30
129
73
120
158
36
174
-86
104
-186
-8
-209
-101
-142
-119
-33
-59
56
37
76
105
26
110
-47
59
-95
-4
-89
-33
-46
-21
-8
14
-6
31
-38
8
-77
-47
-82
-93
-42
-105
27
-71
86
-15
109
31
87
42
43
11
1
-45
-15
-101
0
-143
35
-158
83
-142
129
-92
157
-18
154
66
109
127
24
148
-80
128
-169
78
-224
26
-239
-13
-229
-46
-210
-86
-182
-135
-132
-178
-45
-181
74
-119
187
-4
243
120
206
190
93
168
-43
72
-136
-40
-147
-108
-96
-106
-34
-56
-9
-11
-33
-5
-74
-31
-87
-57
-56
-45
-2
6
27
57
4
58
-57
-6
-105
-103
-95
-175
-22
-175
74
-105
126
-21
103
23
21
0
-63
-56
-91
-90
-53
-54
11
44
41
152
1
211
-91
190
-175
117
-202
46
-155
25
-66
59
8
114
33
148
8
140
-39
100
-77
52
-97
10
-113
-31
-143
-86
-175
-163
-190
-240
-160
-281
-85
-254
2
-170
60
-64
59
16
8
45
-57
33
-95
8
-88
6
-55
28
-25
54
-18
61
-27
40
-32
4
-13
-25
25
-34
64
-35
86
-49
88
-91
95
-142
131
-175
202
-156
286
-82
343
17
340
98
284
140
204
149
137
158
100
196
73
260
16
310
-90
300
-226
205
-340
53
-370
-95
-292
-167
-138
-145
18
-53
112
37
112
59
53
-1
1
-106
9
-189
90
-192
197
-117
262
-7
241
66
136
62
4
-12
-86
-100
-92
-137
-28
-94
55
12
98
124
74
190
6
188
-59
142
-77
94
-42
76
22
87
74
101
95
95
93
63
93
26
111
13
140
30
148
57
112
54
35
-4
-47
-103
-80
-194
-43
-226
45
-178
129
-72
151
27
91
64
-23
20
-134
-77
-187
-175
-165
-223
-95
-211
-21
-156
17
-95
16
-53
-11
-37
-37
-38
-47
-42
-35
-40
-3
-30
42
-5
96
38
144
91
166
134
151
136
101
78
40
-37
15
-167
54
-255
153
-263
266
-190
338
-80
327
9
235
40
109
14
5
-28
-45
-45
-46
-19
-32
35
-35
83
-66
98
-104
80
-127
45
-117
16
-83
2
-45
-2
-16
-6
-3
-13
1
-17
-6
-13
-28
-11
-72
-23
-133
-64
-187
-115
-204
-144
-168
-116
-103
-17
-55
114
-70
214
-156
233
-275
159
-356
34
-348
-69
-245
-98
-95
-45
30
46
81
115
54
126
-13
80
-73
16
-98
-35
-98
-60
-98
-71
-109
-91
-127
-118
-126
-133
-91
-104
-33
-20
18
98
19
205
-40
255
-135
235
-220
168
-250
100
-216
68
-138
86
-60
128
-16
162
-13
161
-26
127
-28
82
1
58
54
69
107
105
125
136
98
133
43
83
-9
6
-21
-59
11
-81
69
-50
112
7
107
46
52
36
-18
-17
-55
-75
-28
-81
49
-11
124
111
139
223
72
258
-48
197
-146
78
-158
-23
-66
-37
76
37
194
151
223
223
164
199
77
97
37
-23
86
-86
194
-62
298
16
333
83
284
90
187
37
105
-35
67
-76
71
-67
68
-35
30
-19
-47
-42
-122
-89
-156
-119
-139
-98
-98
-32
-83
37
-114
57
-173
18
-212
-54
-190
-103
-101
-88
9
-16
83
65
81
103
15
68
-67
-21
-114
-119
-106
-180
-61
-194
-18
-178
-2
-161
-13
-159
-30
-161
-25
-145
4
-98
37
-21
52
55
33
106
-14
112
-71
76
-114
9
-124
-66
-98
-128
-41
-161
28
-155
88
-119
114
-70
86
-41
8
-57
-94
-124
-183
-217
-221
-298
-199
-330
-132
-305
-56
-238
0
-158
28
-88
35
-33
42
18
52
69
58
118
45
144
13
137
-25
100
-47
58
-43
33
-23
30
-6
37
-13
30
-41
-6
-64
-53
-53
-81
-5
-62
58
-2
92
70
74
107
7
82
-69
8
-112
-79
-102
-139
-48
-151
10
-130
45
-107
42
-109
23
-131
22
-154
56
-146
126
-84
207
30
267
176
276
315
218
407
103
416
-38
335
-160
181
-210
8
-163
-114
-22
-138
154
-55
291
86
325
206
240
244
86
175
-64
40
-139
-86
-112
-144
-17
-114
85
-19
143
86
136
160
82
182
14
159
-37
107
-59
45
-53
-18
-21
-65
34
-82
94
-62
139
-14
137
25
78
23
-18
-28
-111
-109
-158
-172
-152
-177
-122
-129
-113
-69
-155
-47
-232
-86
-293
-157
-292
-206
-218
-190
-112
-114
-40
-33
-33
-6
-72
-52
-94
-132
-46
-175
73
-130
210
-11
289
119
266
183
167
151
64
57
26
-26
68
-44
148
6
202
76
185
110
114
81
35
15
-3
-39
8
-51
37
-30
43
-6
18
-8
-16
-29
-28
-34
-1
4
37
83
47
163
6
199
-71
175
-138
117
-157
72
-124
68
-81
92
-69
100
-102
54
-152
-40
-169
-136
-124
-182
-37
-158
42
-96
66
-46
31
-44
-24
-79
-45
-105
-13
-75
45
11
71
105
32
151
-59
115
-148
24
-174
-57
-115
-74
-11
-14
74
77
88
141
34
136
-45
73
-95
-5
-83
-52
-26
-51
44
-12
95
41
117
95
113
137
91
172
48
176
-18
136
-89
43
-138
-78
-129
-182
-51
-220
62
-180
158
-95
185
-23
135
-10
45
-57
-25
-125
-37
-158
7
-124
68
-37
95
62
69
132
6
161
-61
167
-104
170
-127
178
-146
176
-172
151
-202
96
-214
35
-192
-9
-146
-23
-100
-23
-81
-35
-90
-75
-103
-131
-93
-173
-52
-171
-4
-134
11
-100
-23
-106
-88
-166
-139
-252
-129
-308
-57
-291
38
-209
100
-106
85
-47
15
-58
-59
-117
-78
-166
-22
-149
83
-55
172
84
196
205
143
261
49
240
-28
180
-53
122
-20
100
44
115
94
146
107
156
77
129
23
55
-25
-48
-46
-153
-23
-227
35
-249
104
-215
154
-144
153
-74
96
-45
-3
-70
-98
-136
-148
-205
-135
-243
-73
-232
6
-189
69
-143
112
-107
145
-78
187
-31
234
46
256
136
220
192
112
167
-30
58
-144
-89
-173
-199
-107
-209
3
-115
78
28
58
140
-52
163
-196
100
-293
8
-298
-46
-220
-30
-116
37
-41
107
-21
133
-29
111
-25
75
20
60
88
82
146
119
165
129
144
103
120
52
128
23
176
47
236
122
258
201
215
233
128
195
47
117
28
59
83
74
167
164
212
274
164
327
28
271
-132
117
-234
-62
-221
-180
-110
-186
31
-93
120
35
109
117
14
115
-98
43
-160
-40
-136
-76
-52
-40
45
43
94
116
81
137
34
95
-1
23
13
-36
78
-43
162
2
222
74
226
132
172
149
81
124
-10
72
-79
10
-116
-46
-124
-85
-109
-107
-76
-107
-32
-83
15
-35
47
11
54
41
37
34
14
-2
8
-48
35
-72
88
-58
137
-18
149
18
115
13
47
-40
-12
-124
-25
-187
17
-194
93
-137
153
-45
161
33
111
62
33
40
-28
-9
-46
-45
-23
-50
18
-32
44
-17
46
-21
39
-41
48
-56
83
-33
129
26
150
97
124
138
49
120
-32
55
-75
-18
-49
-48
34
-7
131
92
190
205
181
282
123
301
54
277
13
246
13
241
35
263
38
282
3
262
-66
185
-130
68
-145
-46
-98
-110
-8
-107
81
-56
127
6
117
40
66
37
8
9
-25
-14
-25
-12
-6
19
11
62
10
100
-5
119
-23
127
-31
129
-31
130
-27
118
-25
91
-25
41
-13
-18
21
-64
78
-85
139
-76
178
-55
180
-44
142
-59
84
-100
33
-144
0
-175
-14
-183
-27
-177
-47
-177
-71
-187
-79
-196
-54
-177
4
-113
71
-7
112
104
96
175
30
172
-46
102
-78
11
-37
-37
74
-6
201
105
274
235
256
321
148
319
6
233
-99
111
-122
25
-64
18
25
88
81
185
64
244
-23
228
-136
137
-218
11
-229
-99
-171
-160
-81
-169
6
-149
61
-127
85
-112
91
-102
89
-85
83
-59
62
-39
22
-37
-29
-57
-70
-86
-81
-96
-58
-70
-25
-11
-12
49
-37
76
-95
48
-148
-23
-156
-97
-98
-129
6
-100
117
-21
188
70
196
128
149
134
81
91
26
26
9
-35
30
-65
68
-66
110
-38
136
7
137
56
111
93
54
103
-21
78
-93
25
-144
-36
-153
-78
-128
-90
-95
-77
-75
-63
-80
-74
-93
-111
-91
-151
-52
-160
21
-121
91
-45
122
30
98
66
33
49
-33
-1
-62
-40
-52
-48
-28
-27
-24
-9
-55
-22
-101
-73
-123
-126
-95
-139
-25
-86
43
11
59
96
3
118
-97
62
-178
-42
-191
-133
-127
-161
-18
-120
77
-48
115
7
93
14
45
-23
11
-74
13
-105
37
-109
57
-97
51
-93
19
-111
-21
-146
-47
-180
-52
-195
-40
-187
-28
-166
-21
-137
-23
-104
-33
-72
-47
-47
-67
-39
-93
-57
-109
-95
-94
-130
-34
-125
59
-65
150
42
194
157
163
225
62
211
-62
124
-154
4
-180
-96
-135
-140
-54
-122
15
-71
49
-18
39
12
3
11
-33
-8
-49
-33
-43
-52
-18
-57
18
-45
54
-20
76
8
75
21
46
6
1
-45
-38
-121
-52
-192
-28
-238
21
-244
74
-224
108
-192
120
-168
124
-145
133
-105
153
-40
166
43
151
118
93
154
5
134
-83
71
-138
-1
-150
-62
-130
-98
-104
-126
-82
-151
-59
-175
-21
-167
40
-103
97
14
108
141
43
218
-95
203
-244
100
-332
-23
-311
-91
-193
-57
-47
61
44
187
35
238
-48
182
-127
53
-129
-66
-27
-95
135
-16
267
124
296
239
206
258
51
180
-82
55
-129
-35
-89
-42
-12
31
35
132
9
194
-74
186
-158
124
-191
61
-145
45
-49
94
47
178
93
249
74
263
16
214
-34
127
-44
48
-8
8
45
7
81
27
77
36
35
19
-18
-16
-58
-47
-66
-47
-55
-13
-44
43
-52
100
-82
139
-128
150
-169
136
-193
107
-191
72
-162
39
-109
18
-34
18
49
46
127
97
178
158
188
205
154
216
93
190
30
138
-14
86
-28
54
-23
44
-21
42
-34
27
-57
-11
-75
-63
-66
-113
-23
