198
-308
199
-307
257
204
-235
279
168
-323
-193
305
129
-342
110
-348
329
105
81
-358
-367
-79
37
-364
-47
354
346
7
-4
357
346
-35
-368
50
342
-76
335
-95
-355
112
-147
-336
315
-153
-184
-317
179
308
197
296
272
-224
260
-240
-264
259
228
-269
-233
288
288
209
180
-305
-322
-170
-334
-152
330
132
-118
342
342
93
-78
352
45
-358
-35
359
-13
361
-17
-361
-37
-360
353
-55
71
352
-352
95
-119
-344
331
-136
151
325
168
315
-310
192
-214
-296
-285
225
264
-242
254
253
235
-272
282
221
-207
295
307
185
317
167
-330
-151
129
-338
339
111
346
89
352
68
-357
-51
-29
358
361
5
13
358
-35
-363
356
-57
-354
74
-97
-350
-344
115
136
332
326
-157
-318
172
-195
-310
-212
-296
-228
-283
-269
240
-255
256
-274
-240
-288
-222
202
-296
308
186
-321
-168
-330
-151
334
128
-345
-112
348
88
68
-356
47
-361
357
25
5
-363
-363
14
355
-37
356
-57
350
-78
346
-100
-119
-342
-140
-337
324
-158
-319
173
303
-194
-296
211
279
-229
241
266
-254
258
-274
-238
284
218
-301
-204
-313
-187
-322
-168
146
-330
-131
337
-345
-110
349
88
-356
-70
-359
-51
-1
1
-1
0
-3
-1
0
0
-1
-1
-2
-1
-1
-1
0
0
-1
-1
-3
-1
-1
-2
-1
0
-2
-1
0
-1
-2
-1
-1
-1
0
-1
-1
-2
-1
-1
-3
-1
0
0
-4
0
-2
-1
-1
-1
-2
-4
-3
1
0
0
-3
0
-4
-1
-2
-1
-1
-1
-2
-1
-1
0
-1
-1
-1
-1
-1
-1
-1
-1
-2
-2
-1
0
-2
-1
-1
-1
-2
0
-1
0
-2
-1
-1
-1
-1
0
-1
0
-3
-1
-1
0
-1
-1
-2
-1
-2
0
-1
-1
-2
1
-1
-1
0
-2
-1
-1
-1
-1
-2
0
-1
0
-1
0
-1
-1
-1
0
0
0
1
1
-1
-1
-2
-1
-1
-1
-1
0
-2
-1
-1
-1
-1
-1
0
-1
0
-1
-2
-3
-1
1
-2
-1
-1
-1
-1
-1
-1
0
-3
-2
-3
0
-1
-1
-2
0
-2
1
-2
-1
-2
-4
-2
-1
-2
-1
-4
-1
-2
-1
-2
-2
-3
-2
-1
-1
-4
1
-1
-1
-1
0
-4
-1
-3
-2
-2
-1
-3
-1
-3
-1
-3
0
-1
1
-3
0
-1
0
-2
0
-1
-1
-3
-1
-3
-1
-2
0
-1
0
0
1
-2
1
-1
-1
-3
1
-2
0
-1
1
-2
1
-1
0
-1
-1
-1
0
-1
-1
-1
0
-1
-1
-1
-1
-1
0
-1
-1
-1
0
-1
1
0
-1
-1
1
-2
-1
0
0
-1
0
0
-1
0
-2
0
0
-1
-1
-1
-1
-1
-1
-1
-1
0
0
-1
0
0
1
0
-3
0
1
-2
1
-1
0
-1
0
0
-1
-4
-1
-1
-1
-2
-1
-1
-1
-1
1
-1
-1
-3
0
-1
0
-2
-1
-1
-1
-1
-2
-1
-1
-3
-1
-1
-1
-3
0
-1
0
1
-1
-1
-1
0
-1
-2
-1
-3
-1
-1
-1
-1
-1
-1
-1
-3
-2
0
-2
-3
-2
-1
-1
-3
-1
-1
-3
-2
-1
-2
-3
-3
-1
-4
-1
-2
-1
-3
-2
-1
-1
-3
-1
-2
1
-3
0
-1
-1
-4
-1
-2
0
-3
-1
-2
-1
-2
-2
-2
0
-4
-3
-4
-1
-1
0
-1
-1
-2
-1
-1
0
-1
-2
-1
0
-1
-1
-1
-1
-1
-1
-1
-1
-2
-1
-3
0
-2
-1
-5
0
-3
-1
-1
-1
-3
-1
-1
0
-2
-1
-1
-1
0
-1
0
-1
-1
-1
-1
0
-1
0
-1
-1
0
-1
-1
0
-1
0
-2
-1
-1
-1
-1
0
-2
-1
-1
1
0
0
-1
-1
1
0
-1
-1
0
0
-1
-1
-1
1
0
-1
0
1
-2
1
-1
0
-1
0
-1
1
-1
0
-2
-1
-1
-1
-1
0
0
-1
-2
0
0
-1
-1
-1
0
1
1
0
0
-1
0
-1
0
0
-1
-1
-1
-1
-1
1
-1
-1
-1
-2
-1
-1
0
0
0
-1
-1
-1
-3
0
-3
-1
1
-2
-1
1
-1
-1
-2
0
-2
1
-1
-1
-1
-1
-2
-1
-1
0
-3
-1
0
-1
-2
-1
-1
-1
-1
-1
-3
0
-1
-1
-3
-1
0
0
-1
0
-1
-1
-2
1
-1
1
-1
0
-2
-1
-1
-1
-2
-1
-1
-1
-2
0
-1
0
-1
-1
-1
-1
-1
-1
0
0
-1
1
-1
1
-1
-1
-2
0
-2
-1
-2
1
-1
-1
-1
-1
-1
0
0
-1
-1
-1
-1
1
-1
1
-2
-2
1
-1
-1
0
-1
1
-2
0
-1
0
-1
0
-1
-2
-1
1
-1
-1
-1
0
-1
-1
-2
-1
-1
-1
-1
1
-1
0
-1
-1
-2
1
0
1
-1
0
-2
0
-1
-1
-3
-1
-1
0
-1
0
-1
-1
-1
0
-1
1
-1
0
0
0
-2
-1
-1
-1
-1
0
-1
1
-1
0
-1
-1
2
-1
0
-1
-1
0
-1
1
-1
-1
-3
-1
-3
-1
-1
-1
0
-2
-1
-1
-1
-1
-2
-3
-1
-1
-1
1
-1
0
-2
1
-1
1
-1
-1
-1
-1
-1
-1
-1
-1
-1
-1
1
-2
-1
-1
0
-1
-1
-1
-1
0
0
-1
-3
1
-1
-1
-1
-2
-1
-1
0
0
0
0
0
0
-1
-1
-1
-1
-1
1
-1
-1
0
1
0
-1
-1
0
-1
0
-1
-1
-1
-1
-1
-1
-1
0
-1
-1
0
-1
0
-1
-3
-1
0
-1
-2
0
1
-1
-1
1
-1
-1
-1
-1
-1
0
-1
0
0
-1
-1
0
-1
0
-1
0
-1
0
-1
1
1
-1
-1
-1
0
-1
-2
1
-1
0
-1
-1
0
0
-2
-1
-1
-1
-1
-1
-1
-1
-1
-1
-1
-1
0
0
-1
-1
0
-1
0
-1
0
0
-1
0
-1
0
-2
-1
-1
0
-1
-1
-2
-1
-3
1
0
-1
-2
-1
-2
-1
-2
1
-1
-1
-1
0
-2
-1
-1
-1
0
-1
-1
-1
-1
1
-1
-1
-1
-1
-1
-1
-1
0
-1
-1
-1
1
-1
0
-1
1
1
0
-1
1
-1
-1
0
1
-1
0
-2
-1
0
0
-3
0
-1
-1
-1
0
-1
1
-1
0
-1
0
-1
-1
-1
0
-1
-1
-2
-1
-1
-1
-2
1
-3
-1
-1
-1
-1
0
-2
0
-1
-1
-1
0
0
-1
-2
0
-1
-1
-1
0
-3
1
0
-1
-1
-1
1
-1
0
-1
0
-1
0
1
1
0
-1
1
-1
-2
-1
0
-1
-1
-1
-1
-1
-1
-3
-1
-1
-2
-1
-1
-1
-1
-1
0
-1
1
-1
1
-1
0
-1
0
-1
-1
-1
0
-1
-1
0
1
0
0
0
-1
-1
0
-1
-2
-1
-1
-1
1
-1
0
0
0
-3
-1
0
-1
1
0
0
-1
0
-1
-1
0
-1
0
-1
0
-1
0
-1
-1
-1
-1
-1
0
-1
0
-1
0
0
-1
-1
-1
-1
0
1
0
-1
-1
-1
0
-1
-1
0
-1
-3
-1
-3
0
-1
-1
-2
1
-1
-1
-1
1
0
0
-2
-2
-1
1
0
-1
0
0
0
-1
-2
-1
0
0
-1
-1
0
0
-2
-1
-2
-1
-2
-1
-2
-1
-1
0
-2
-1
-2
0
-1
-1
-1
-1
-1
0
-1
1
0
0
0
-1
-2
0
-3
1
0
-1
0
0
0
0
0
0
-1
0
-1
0
-1
-1
-1
-1
0
-1
-1
-1
-1
-3
0
2
0
1
-1
-1
-1
1
-1
1
-2
-1
-1
1
-1
0
-1
0
-1
-1
1
2
0
-1
0
-1
-1
0
-1
0
0
0
-1
0
0
2
-1
0
-2
1
-1
1
0
0
-1
-1
-2
1
0
-1
-1
0
-1
-1
0
-2
-1
0
-1
0
-1
-1
-1
-1
-1
1
-1
-1
-2
-1
-2
0
1
-1
0
-2
-1
-1
-1
0
-1
-1
-1
-1
1
0
0
-1
-1
1
-1
-1
-2
0
0
1
0
0
-1
0
-1
-1
-1
1
-1
1
-2
1
0
-1
-1
2
-1
1
0
0
1
0
-2
-1
-2
0
-2
-1
-3
-1
-1
0
-1
0
0
-1
1
0
0
-1
-1
-1
-1
-1
-2
-1
-1
0
0
-3
-1
-1
-1
0
-1
1
0
-1
1
-1
-2
-1
-1
-1
-2
1
-1
1
-1
-1
-1
1
-1
-1
-1
-1
-1
1
-1
-1
-1
-1
-1
1
1
1
-3
-1
-2
1
-1
0
-1
-3
-3
-1
-1
-1
-1
-1
0
1
1
-1
-1
-2
1
0
-1
1
-2
-1
-1
-1
-1
1
0
0
-1
1
-1
0
-1
-1
-1
1
-1
1
-1
0
0
0
0
-1
-1
-1
-1
1
1
0
-1
-2
-1
1
-1
0
-2
0
1
0
1
-1
1
-1
-2
0
1
0
-1
-1
-1
0
-1
1
1
-1
0
0
1
-1
-3
1
0
-1
0
0
1
-1
-1
0
1
-1
-1
-3
-1
1
0
-2
-1
0
-1
-1
-1
-1
-2
0
-1
0
0
1
-1
-1
1
0
-1
-1
1
-1
0
0
-1
-2
-3
-1
0
-1
-1
0
-3
1
-2
-1
-1
-1
-1
1
-1
0
-2
-1
-1
-1
1
0
0
-1
-2
1
-1
-1
-1
0
1
0
-2
1
-1
0
-1
1
-1
1
1
-1
-1
-1
-1
1
0
-1
-1
1
-1
0
0
-1
-2
-1
-1
1
-2
-1
-1
1
1
-1
-2
1
0
-1
1
0
-1
-1
-1
0
1
0
0
0
-2
-1
0
0
-1
-1
-1
-1
1
1
0
1
0
0
-1
-1
-1
-1
0
0
0
-2
1
-1
1
0
-1
-1
1
0
1
0
-1
-1
1
-1
-1
0
1
-1
-1
-1
1
-1
-1
0
-1
1
0
-1
0
-1
-1
1
-1
0
0
-1
-1
-2
-1
-1
-1
-1
1
-2
0
0
-1
0
0
0
-1
0
-1
1
-1
-3
1
0
-1
1
-1
0
0
0
-1
-1
0
-1
-2
0
1
0
-2
1
0
-1
-1
-1
0
-1
1
-1
0
0
-1
0
-2
-1
-1
-1
1
1
-1
0
0
-1
-1
-1
0
0
0
-2
-2
-1
0
-1
-1
0
0
-1
1
-1
1
0
-1
0
1
0
-1
-1
-1
-1
0
-1
-1
1
-4
0
-1
1
-1
-1
-1
1
-1
-1
-1
0
-1
0
1
-1
1
0
-2
1
-1
-2
1
0
0
-1
-3
-1
0
0
1
1
-1
-1
1
0
-1
1
-1
1
-1
-1
-1
0
1
1
1
0
-1
-1
0
1
0
0
-1
0
0
-2
-1
0
-1
1
1
-1
0
-1
-1
-1
1
0
-1
-1
-1
-1
0
-1
-1
-1
1
1
1
0
-1
1
1
1
0
-1
0
-1
0
0
1
0
-1
0
1
-1
1
-1
-1
-1
0
0
-1
0
-1
-1
1
-1
1
-1
-1
1
-1
-1
-3
0
-2
-1
-1
-1
0
-1
-1
0
0
0
-1
0
-1
0
-1
1
-1
0
-1
-1
-1
-2
-1
-1
-1
-2
1
-1
0
0
-1
-1
0
-1
1
0
0
1
1
-1
-2
-1
-1
-1
0
-1
-1
-1
-1
1
1
-1
1
0
1
-1
-1
-1
-1
-1
1
-1
0
-1
1
-2
1
-1
0
-1
2
0
-1
1
0
-1
-1
-1
-1
1
-1
1
-1
-1
0
-1
-1
-1
1
-1
0
-1
1
-2
-1
-1
1
0
-1
-1
-1
0
0
-2
-1
-1
-1
-4
0
-1
-1
1
-1
0
1
0
-1
-1
-1
0
-1
-1
-1
-1
1
-1
-1
-2
1
-1
-1
0
-2
-1
-1
-1
1
-1
1
1
1
-1
-1
-1
-1
0
-1
0
-1
-1
0
-1
-1
0
1
0
1
-1
-1
1
-1
-1
-1
-1
-1
0
0
-1
-1
-1
0
0
-1
0
-1
0
-1
-1
1
-1
-1
-1
-1
0
-1
-1
-1
2
-2
-2
0
1
0
0
-1
0
-1
0
0
0
-1
-1
-1
0
-1
-2
-1
0
-2
-1
-1
-1
-1
0
1
-1
0
0
-1
0
-1
0
0
0
-1
0
-1
-1
1
2
1
-1
0
-1
1
0
-1
1
-1
-1
1
0
-1
1
-1
-1
-1
1
1
-1
-1
0
0
-1
1
0
0
0
1
-1
0
0
1
-1
-1
-1
-1
-1
0
0
1
1
-1
0
1
-1
0
-2
0
1
1
1
-1
0
1
-1
0
-1
-1
-1
0
-1
1
1
1
-1
-1
-1
-1
-2
0
-1
0
0
0
-1
1
-1
-1
0
1
-1
0
1
1
-1
0
-1
0
-2
-1
-1
0
-1
-1
-1
-1
-1
0
-1
1
0
1
-1
-1
0
-1
-2
0
-1
-1
0
0
0
1
0
-1
-1
0
0
-1
0
0
-2
0
0
1
2
1
-1
1
0
0
-1
-1
1
1
-1
0
0
-1
0
-1
-1
-1
-1
-1
0
1
-1
-1
-1
-1
-2
0
-1
-1
-2
0
0
-1
0
0
1
0
-1
-1
0
0
0
1
-1
-1
0
0
0
-1
1
-1
-1
0
0
-1
-1
0
-1
-1
1
-1
-1
1
1
-1
-2
-1
1
-1
-1
0
-2
1
-1
1
-1
1
-2
-1
-1
-1
-2
1
-2
0
-1
0
-1
1
-1
-1
-1
-1
0
1
-2
-1
-1
0
0
-1
0
0
0
2
-1
0
0
0
-2
0
-1
1
-1
-1
-1
0
0
1
-3
0
-1
0
0
0
0
0
-1
0
-1
-1
1
1
-1
1
1
2
-1
-1
-1
-1
-1
0
0
1
-1
1
0
-2
-1
-1
-1
-1
-3
-1
-2
0
-4
0
-1
0
-2
-1
-1
1
-1
1
-1
1
0
0
-1
-1
-1
-1
-2
0
-2
1
-1
0
0
-1
-2
-1
-3
0
-2
-1
-2
1
-2
0
0
-1
-1
0
-1
0
1
-1
-1
1
-1
-1
-1
-1
1
1
-1
1
-1
1
-1
-1
-1
-1
-1
1
-1
1
0
0
1
2
-1
-1
-1
-1
-1
2
-1
0
-1
1
-1
0
-1
-1
-1
-1
0
0
-3
-1
-1
-1
-1
0
-1
0
0
0
-2
-1
-1
0
-1
-1
-1
-2
-1
0
1
-2
-1
1
0
1
-2
-1
-1
1
1
1
-1
0
-1
1
-1
-1
-1
1
1
1
1
1
-1
0
1
1
-1
1
-1
0
-1
0
-1
-1
0
1
-1
0
-2
0
-2
1
-2
1
-1
0
-1
-1
0
-1
-1
1
-1
0
0
-1
-1
0
-2
0
-2
0
0
1
-2
0
-2
0
-1
0
0
0
-1
-1
-2
0
-1
-1
-1
0
-1
0
-1
0
-2
1
-3
0
-1
1
-2
-1
-1
0
-1
1
-3
0
-1
0
-1
-1
-1
-1
-3
0
-1
-1
0
1
-1
1
-2
0
-1
-1
-1
-1
-3
0
1
0
-1
0
-1
0
0
-1
-1
-1
-1
-2
-2
1
-1
-1
-1
1
-1
0
-1
0
-1
0
0
-1
0
0
-2
-1
-1
0
-1
-1
-1
-1
-3
0
-3
0
-1
1
-1
-1
-1
-1
0
-1
-1
0
0
0
-1
-1
-1
0
0
-1
-1
1
-1
0
-1
-1
-2
0
-1
-3
-1
0
-1
-1
0
-1
-1
0
-1
-1
-3
0
0
1
-1
0
-1
0
-1
1
-1
0
-1
1
-1
-1
-1
0
-1
-1
-2
1
-1
1
-1
0
-1
-2
-1
0
-1
0
0
-1
-1
-1
-1
1
-1
0
1
1
-1
-1
-1
0
0
0
0
1
-1
-1
-1
-1
-1
1
-1
-1
0
1
-1
1
-1
1
0
-1
-1
1
-1
-1
-1
0
0
-1
-1
0
-2
1
-2
1
1
1
-1
-1
-1
-1
-2
-1
-2
-1
1
0
0
-1
0
1
-1
1
-1
-1
-1
0
0
1
-1
-2
-1
-1
0
0
-1
1
-1
1
-1
0
-1
-1
-1
0
0
1
-3
0
-2
0
-1
-2
-4
-1
0
-1
-1
-2
-1
0
-1
-1
-2
0
-1
-1
1
0
-2
-1
-1
-1
-1
1
1
0
1
-1
-1
0
-1
1
0
-1
-2
-1
-1
1
0
0
0
0
0
-1
1
0
-1
0
-1
0
-1
0
-1
1
-1
0
-1
0
-1
-1
0
1
0
0
-1
0
-3
-1
0
-1
-1
-1
0
0
-1
-1
0
-1
-2
-1
-2
1
-1
-1
-1
0
-2
-1
-1
-3
-1
0
-1
-1
-2
-1
-2
-1
-1
0
-2
1
-2
-1
0
0
-1
-1
-1
0
-1
0
0
-1
-1
-1
-2
1
-2
-1
-1
0
-3
-1
-4
-1
-1
1
-1
-3
-1
1
-1
1
-3
0
-1
-2
-1
1
-1
-1
-1
1
-2
0
0
0
-1
-1
-3
0
-1
-1
-3
0
-1
0
1
0
-1
0
-3
1
-1
0
-2
-1
-3
0
-1
0
-1
1
-1
0
-1
1
-1
-1
-1
-2
-1
-3
-1
1
0
0
-2
-1
-1
-1
-1
0
-1
-1
0
-1
-1
-2
0
0
-2
0
-1
-1
-1
-1
-2
-1
-2
-1
-1
0
-1
-1
-2
0
-2
1
0
0
-1
-1
-1
0
-1
-1
-1
0
-1
-1
-1
0
-1
0
-1
0
-2
-1
-2
-1
-4
1
-2
0
-4
0
-2
-1
-2
1
-1
-1
-1
-1
0
1
-1
-2
-1
-1
-2
1
0
0
-1
-1
-1
1
-1
-1
-1
-1
-2
-1
-1
-1
-2
1
0
0
0
-1
-1
-1
-1
-1
-2
0
0
0
-1
-1
-2
-1
-1
0
-1
-1
0
-1
-1
1
0
0
0
-1
0
-1
-2
-1
-1
-1
-1
0
-1
-1
-1
0
0
-1
-3
1
-3
0
-1
-1
-1
-1
0
-1
0
1
1
-1
-2
-1
-2
1
-1
-1
-1
-1
-2
1
-2
-1
-1
-1
-1
-1
-2
-1
0
0
-2
-1
-1
-1
0
-2
-1
1
-1
-1
-2
1
-1
0
-1
-1
-1
-1
-1
-1
1
-1
-1
0
-3
0
-1
0
-1
0
0
-1
-1
0
-1
1
-2
1
-1
0
0
0
-1
0
0
1
-1
0
1
-1
-1
0
-1
0
-2
0
-1
-1
-1
-1
-1
-1
-1
0
0
0
-1
-1
-1
-1
-1
0
-1
-2
-2
-1
-1
1
-1
-1
0
-1
0
-1
0
-1
-1
-2
-1
-1
-1
0
-2
-1
-1
-1
0
-360
-46
21
-363
-2
360
-362
17
-359
38
356
-62
350
-83
-348
100
120
339
330
-142
323
-161
178
312
-198
-303
-293
213
-280
228
247
262
-250
260
233
-276
-218
286
-200
301
181
-313
321
163
144
-330
-127
338
-106
344
-351
-83
-356
-66
43
-357
-361
-22
359
0
19
358
-359
39
-61
-356
352
-81
-104
-346
-124
-341
141
332
-161
-323
311
-180
197
301
214
289
231
275
262
-249
247
-262
233
-276
215
-291
-199
301
178
-313
321
162
143
-331
-124
341
-103
345
-84
351
-63
355
-43
358
22
-361
359
-1
-21
-362
-41
-358
-355
62
84
348
-344
104
-122
-340
332
-144
324
-163
-311
179
-197
-304
-215
-291
-232
-276
-262
245
-261
-248
-275
-232
-289
-217
-301
-199
180
-315
325
160
-331
-144
123
-342
-102
344
-351
-83
62
-358
359
40
362
17
1
358
-360
18
358
-46
-357
61
-351
82
105
342
-339
123
-144
-334
-164
-326
-182
-313
199
297
289
-218
-233
-279
-262
245
-245
262
-278
-233
288
211
-303
-198
-315
-182
158
-327
330
139
-122
337
-103
344
80
-354
-357
-65
-41
356
-18
358
-3
-363
361
-26
-45
-360
-65
-356
84
348
105
342
-125
-339
-331
144
164
322
-313
182
198
298
215
286
233
274
-262
247
243
-265
-233
279
-215
289
194
-304
177
-314
-162
323
332
139
339
119
100
-346
80
-353
355
59
356
39
360
16
-4
-361
24
361
358
-45
65
354
-89
-350
-107
-344
-338
127
330
-146
165
320
-185
-310
201
299
-219
-288
274
-237
260
-252
-245
266
-228
277
211
-292
-303
-196
-315
-177
157
-325
-332
-139
-121
339
98
-349
79
-352
-357
-60
-359
-37
-18
359
6
359
24
359
-358
47
68
353
-349
84
108
343
338
-129
146
328
-320
165
-310
184
202
296
-286
218
-235
-274
-260
250
-267
-245
-279
-229
-292
-214
-194
303
313
174
-325
-160
139
-335
118
-344
-346
-101
353
77
-357
-59
-36
358
-16
357
361
-8
26
356
-48
-360
-354
66
-89
-354
108
342
-128
-340
-148
-331
-322
165
-186
-310
203
298
220
284
272
-238
-259
249
-269
-245
225
-282
-295
-214
-308
-194
-175
313
-158
324
333
135
-119
338
-99
346
-79
349
-358
-58
35
-361
-16
357
4
358
-30
-362
47
355
-356
68
88
348
-344
109
-337
128
-331
149
168
317
-311
186
203
296
-223
-288
235
271
250
255
-244
265
-227
281
-210
293
-193
305
-318
-175
-157
325
332
137
340
116
-349
-96
-356
-75
54
-358
358
33
-16
361
-363
7
359
-29
355
-51
352
-70
349
-90
342
-110
131
336
-151
-330
317
-169
309
-187
-298
206
284
-221
-272
239
257
-252
-267
-241
228
-281
-294
-209
-191
307
-316
-173
-153
326
-133
334
-114
344
98
-348
354
75
358
52
-357
-33
-360
-13
-7
-363
32
358
361
-53
-71
-354
351
-93
-110
-345
-334
131
-149
-330
171
314
-306
185
208
295
-282
220
272
-243
-253
-260
-240
265
284
220
-206
289
-307
-192
-172
313
-326
-158
-134
329
342
110
-348
-100
-354
-79
-358
-57
-360
-37
12
-366
10
356
358
-36
-54
-363
-76
-358
-96
-354
341
-119
130
332
-330
148
168
315
-309
185
295
-209
221
279
-272
237
