-310
199
198
-308
-250
265
-322
-225
-328
-205
150
-332
306
139
-158
324
100
-349
-107
342
59
-361
-65
351
345
24
-374
-16
-375
8
17
356
-65
-359
343
-77
81
349
-355
112
-348
133
-166
-326
-330
172
180
308
283
-208
274
-226
257
-242
246
257
-249
274
275
226
288
209
-317
-185
313
170
145
-330
332
132
105
-344
-100
348
349
70
46
-358
-366
-31
-364
-9
8
361
356
-34
50
357
71
353
-100
-350
-346
115
130
337
-330
154
313
-173
187
307
-299
207
-286
224
-247
-268
251
-258
235
-274
218
-284
294
204
303
186
165
-321
326
148
-136
335
-348
-112
88
-353
351
69
357
47
-31
358
-362
-6
-361
13
34
356
52
356
352
-77
346
-98
-342
117
-334
134
-159
-327
173
315
-195
-306
-295
210
279
-229
-244
-269
-260
-255
235
-275
284
220
-301
-206
308
182
317
167
-334
-151
128
-339
-112
343
-91
351
-356
-71
355
47
26
-363
-363
-7
358
-16
35
357
354
-57
-355
76
-349
98
339
-118
136
334
-158
-327
-318
174
-195
-307
-214
-294
-283
228
-268
245
-254
258
272
236
284
220
204
-300
-187
312
320
168
-151
331
126
-339
-110
344
-90
349
67
-355
358
46
-1
0
-1
-1
-1
-1
-1
-1
-1
-1
-1
0
-1
1
0
-1
-1
0
-1
-1
-1
-3
-1
-1
-2
-1
-1
-1
-1
0
-1
1
-1
-1
-1
-1
-3
-1
-1
-1
-1
0
-1
-1
-1
-1
0
-1
-1
-3
0
1
-1
-1
-2
-1
-1
0
0
-1
-1
-1
-1
-1
-1
-1
-4
0
-4
-1
-1
-1
-1
-1
-2
-1
-2
0
0
-2
0
0
-1
0
-1
-1
-1
0
1
-1
-1
-1
-1
-1
-1
0
-1
1
0
-3
-3
-1
-1
1
0
-1
-1
0
-1
-1
-1
0
-1
-1
0
0
-1
-1
-3
-3
-3
-1
-1
-1
-1
1
-1
-2
-1
0
0
-1
1
0
-1
0
-1
-2
-2
-2
-1
-3
-2
-2
-1
-1
-1
-1
0
0
-3
-2
-1
-1
0
-1
-2
0
-2
-1
-1
-1
-1
-1
-2
-3
-1
-1
-1
-4
-1
-2
-2
-2
-3
-1
-1
-1
-2
-1
-2
-1
-1
-1
-1
-1
-2
1
-1
0
-2
0
-4
-1
-1
-1
-1
-1
-1
-1
-3
0
-2
0
-1
-1
-3
0
-1
1
-2
-1
-2
0
-2
-1
0
-1
-2
0
-1
1
-2
0
-2
-1
-3
0
-2
-1
-1
0
-2
0
-1
1
-1
-1
-2
1
-1
-1
-4
-1
-2
0
-1
1
0
0
-3
1
-1
0
1
1
-2
-1
-1
-2
-1
-1
-1
1
-1
0
-1
-1
0
1
0
0
0
-1
-1
1
-2
-1
0
-1
0
-1
-1
0
-1
0
0
-1
-1
-1
0
-1
-1
-1
-1
-1
-1
-1
-2
-1
-3
-1
-1
-1
-1
0
0
0
0
0
-1
-2
0
-1
-2
-2
-1
-1
-2
-2
-3
-2
-1
-1
-1
-1
-1
-2
-2
-1
-3
-1
-3
0
-1
-1
-1
-4
-1
-1
-1
-1
-1
-3
-1
-1
-1
0
-1
-2
-1
-1
-1
-3
-1
-2
-1
-1
-3
-1
-3
0
-2
-1
-2
-1
-1
-2
-3
0
-1
-1
-3
0
-3
-1
-2
-1
-1
-2
-1
-1
-4
-1
-2
0
-3
-1
-1
-1
-2
1
-4
-1
-2
0
-2
1
-1
1
-2
1
-2
-2
-1
-1
-1
-1
-1
0
1
-1
-2
1
-2
-1
-3
0
-1
0
-2
-1
-1
-1
-1
-1
-2
-1
-1
1
1
0
-1
-1
-2
1
-1
-1
-4
1
-1
0
0
0
-1
1
-1
0
-1
-1
-1
-1
-3
-1
-1
0
-1
-1
-1
1
-1
-1
-1
-1
1
1
-1
0
-2
-2
-1
1
-1
0
0
0
1
0
-1
-1
-1
-1
0
0
-2
0
-1
-1
0
0
0
-1
1
-2
-2
-1
-2
0
-1
0
-1
-1
-1
1
-1
-1
-1
1
-1
0
0
-1
0
0
-1
-2
-2
-1
-1
-1
-1
0
-1
-1
-2
-1
1
-1
-1
0
-1
0
-1
1
-2
-1
-1
0
-2
0
0
0
-1
-1
-2
-1
-1
-3
-1
-1
-1
1
-1
1
-2
-1
-1
-2
-1
0
-3
-1
-3
0
-1
1
0
-1
0
0
-1
0
-2
0
-2
-3
-2
1
-1
0
-1
-2
-1
-1
-2
1
-2
-1
-1
0
-2
0
-3
1
-1
-1
-1
-1
-1
-1
-2
0
-1
0
-1
-1
-1
0
-1
0
-2
0
-1
-1
-1
-1
-2
-1
-1
0
-1
-1
-1
0
-2
-1
-2
-1
0
0
-1
-1
0
0
-1
-1
-2
0
-1
0
-1
-2
-1
-1
1
-2
-1
0
1
0
0
1
-1
0
-1
-2
-1
1
-1
0
-1
0
0
0
-1
0
-1
-1
-1
0
0
0
-1
0
-1
-1
-1
1
-1
1
-1
1
0
-1
-1
-1
-1
-1
-1
-1
-1
-1
0
0
-1
1
-1
0
-1
0
-1
-1
0
0
-1
-1
0
-1
-1
-1
-2
-1
-1
-1
1
-1
-1
1
-1
0
-1
0
-1
-1
-1
0
-1
0
-1
-1
-1
1
-1
-1
-1
1
0
0
-2
-1
-1
-1
-1
-1
-1
0
-1
-1
-2
-1
-1
0
-1
1
0
-1
-1
-1
-1
1
0
0
-2
0
-3
-1
-3
-1
-1
0
-1
-1
0
0
-2
1
-1
0
-1
0
-1
-1
-1
-1
-1
0
-1
0
-1
-1
-3
0
-1
1
-1
1
0
-1
-1
0
-1
1
-1
-1
-1
-1
0
-1
-1
1
-1
-1
-1
0
-1
-2
-1
0
-1
-1
-1
1
-2
0
-1
-1
-1
1
-1
-1
-2
0
-1
-1
-1
0
0
-1
-1
-1
-2
-1
-1
1
-1
0
-1
0
-1
-1
-1
0
-2
-1
-2
-1
0
-1
-1
-1
-1
0
-2
-1
0
0
-1
1
-1
-1
-1
-1
0
-1
-1
1
1
-1
-1
1
-1
-1
-1
-1
0
-1
-1
-1
-1
-1
-1
-1
-1
0
-1
0
-1
-1
-3
-1
-2
-1
-3
-1
-3
-1
-1
-1
-2
0
1
0
-1
0
1
0
-2
-1
-1
1
-1
-1
-1
1
-3
1
-1
-1
-1
-1
-1
0
-1
0
-1
1
-1
1
1
-1
-2
1
0
0
0
-1
0
-1
0
1
-1
-1
-1
-1
0
0
-1
1
1
-1
-1
0
-1
-1
-1
0
-1
0
0
0
0
-1
-1
1
0
-1
-2
-1
-1
0
-1
-1
-1
-1
-1
-1
-1
1
-1
0
-1
1
0
-1
-1
0
-1
1
-1
-1
-1
0
-1
1
-4
-1
-2
1
0
-1
-1
1
0
0
-1
-1
-1
1
-1
-1
-1
-1
0
-1
1
0
0
1
-1
0
0
-1
1
-1
-2
1
-1
-1
-1
-1
-1
1
-1
0
0
1
-1
-1
1
-1
-1
1
-1
-1
-1
0
-1
0
-1
1
-1
0
-1
-1
-1
-1
-1
0
0
1
-1
0
0
0
1
0
-1
0
-1
0
-1
-1
0
0
0
1
-1
0
-1
1
-1
0
-1
-1
-1
0
-1
1
-1
-1
0
0
0
-1
-1
-1
-1
0
0
-1
-1
0
-1
-1
1
0
-1
1
-1
0
-1
-2
0
1
-3
0
-1
1
1
0
-1
0
-1
-1
0
0
-1
1
-2
-2
-1
0
-1
1
-1
-1
-1
-1
-1
0
-1
-1
-1
0
1
-1
-1
-1
0
0
-1
1
-1
-1
-1
-1
0
1
-1
-1
-1
-1
-1
0
0
-1
-2
0
-1
-1
-1
0
-1
-1
0
-1
-1
0
-1
0
-1
0
-2
-1
-1
0
-1
-1
-1
0
0
1
0
0
-1
-1
1
0
-1
0
-2
1
0
0
-1
1
-1
-1
-1
0
-1
0
-3
0
1
-1
-1
0
0
0
0
-1
-2
-1
-1
1
-1
0
1
-1
-1
1
-1
-1
0
-1
-3
0
-1
-1
0
1
-1
-1
-2
0
-1
1
-2
1
0
1
1
0
0
1
-1
-1
-1
-1
-1
-1
-1
0
-1
-1
-1
1
1
0
0
1
-1
0
-1
-1
-2
-1
-1
-1
0
1
-1
1
-1
1
0
-2
0
-1
-1
1
-1
0
-1
1
-2
-1
-1
-1
-2
-1
-1
1
-1
0
-4
-1
-1
-1
-3
-1
-2
0
1
0
-1
-1
-1
-2
-1
-1
1
0
1
0
-2
0
0
-1
-1
1
1
1
1
1
-1
-1
-1
0
-1
0
1
1
-3
0
-1
0
-1
1
0
0
0
1
-1
0
-1
-1
-1
1
-2
-1
-1
1
1
-1
-1
-1
-1
1
0
0
-1
-1
-1
1
-1
0
-1
1
1
1
-1
-2
0
1
-1
1
2
-1
-1
-1
-1
0
-1
-1
-1
0
0
0
1
-1
0
-1
0
-1
0
0
-1
-1
-1
-1
2
-2
0
0
-1
0
-1
-1
1
-1
-1
-1
1
-1
-1
-1
-1
-1
-1
-1
0
0
1
-1
1
-1
-1
1
-1
1
0
0
-1
0
-3
0
-1
0
-1
0
1
0
-1
1
-1
-1
-1
0
-1
-1
0
-1
-1
-1
-1
0
0
-1
-1
-1
0
1
-1
0
-1
-1
-2
1
-1
0
-1
0
-2
0
-1
1
1
-1
-2
-1
-1
0
-1
-1
0
-1
-1
1
0
1
0
-2
-1
-1
-2
1
-3
0
0
0
0
0
1
-1
1
-1
-1
-1
-1
-1
-1
1
-1
0
-2
1
-1
-1
-1
-1
0
0
-1
1
0
-2
-1
1
0
1
-1
1
-1
0
1
-1
1
-2
-1
0
-1
-1
-1
0
-1
0
0
-1
-3
1
-4
-1
1
1
0
0
1
-1
1
-1
-1
0
-1
-1
0
0
-1
0
-1
-1
1
-1
-1
1
0
-2
-1
0
-1
-1
-1
0
-1
-2
-1
-1
0
-1
0
1
1
0
-1
0
-1
0
-2
0
-1
-1
0
-1
-1
-2
-1
0
0
-1
-1
-1
0
-1
-1
-1
-1
1
-1
-1
1
-1
-1
1
-1
0
-2
-1
-1
0
1
-1
-1
1
-3
0
-1
0
1
-1
-1
-1
0
-1
0
-1
-1
1
0
1
1
1
-1
1
-1
1
-1
1
-2
0
-1
0
-1
1
-1
1
-1
0
-1
-1
-1
-1
-1
-1
0
-1
0
0
0
-1
-1
1
0
-1
-1
1
1
-1
-1
0
-1
-1
1
2
1
-1
-1
-1
0
-1
-1
-1
-1
0
-1
-1
-1
0
0
2
-1
0
1
1
1
-1
-1
1
1
-1
0
0
-1
1
0
0
-1
0
1
-1
0
0
-1
1
1
0
-1
0
-1
-1
-1
0
0
-1
1
0
0
-1
-1
0
-1
-1
1
0
-1
1
1
1
0
-1
0
0
-1
-2
1
-1
0
-1
-1
-1
0
-1
0
0
-2
-1
1
1
-1
0
0
-2
0
-1
0
0
0
-1
0
-1
-1
-1
-1
-1
-1
-1
-1
-2
-1
0
0
-2
0
1
0
-2
-1
-1
-1
1
-1
-1
-1
-1
-1
1
-1
-1
-1
0
-1
-1
0
-1
-1
-1
-2
-1
-1
-2
0
-1
-1
0
0
-1
-1
1
0
0
-1
-1
-1
-1
-1
0
-1
-1
0
-1
1
-1
-1
-1
-1
-1
0
-2
0
-1
0
1
1
0
0
0
0
-1
0
0
-1
-1
-1
-1
-1
0
-1
-1
-1
-1
0
0
-1
-1
0
-2
0
-1
-1
-1
0
-1
-1
-1
0
-1
-1
0
1
0
0
1
-1
0
1
-1
1
-1
-1
-1
1
-1
-1
-1
-1
0
-1
-1
0
-1
1
0
-2
-1
0
-1
-1
1
1
0
1
-1
1
-1
-2
0
0
0
-1
-1
-1
-1
-1
0
-1
-1
0
-1
0
-1
-1
0
1
0
0
0
0
-1
-1
1
0
-1
1
-2
0
-1
0
0
0
-1
-1
-1
1
0
0
0
-1
-1
0
-1
0
-1
0
-1
-1
0
1
-1
-1
0
-1
-1
-1
1
1
-1
-1
-1
1
-1
-2
1
1
1
0
0
0
-1
-1
1
-1
1
-1
-1
-1
-1
-1
-1
1
0
0
-2
0
1
-1
-1
-1
0
-1
-1
-1
0
1
-1
1
-1
-1
-1
0
1
1
-1
0
-1
-1
0
0
-1
0
-1
0
-2
0
-1
0
-1
0
-1
0
-1
-1
-1
-1
-1
-1
-2
-1
-1
-1
0
-1
0
-1
-1
1
-1
-1
-1
1
-3
-1
-1
0
-1
-1
0
-1
1
-1
1
0
-1
-1
1
0
-2
-1
0
-1
1
-1
-1
-1
1
0
-1
-1
-1
0
0
1
1
-1
-1
-1
0
-1
-1
1
-1
-1
-1
-1
-1
-1
0
-1
-1
2
0
1
-1
-1
-1
-1
0
1
-1
-1
-1
-1
-1
0
0
-2
0
1
1
-1
0
1
0
1
-1
-1
0
0
-1
1
-1
-1
-2
-1
0
0
1
0
0
-1
-1
-1
-1
-1
-1
1
-1
0
0
-1
0
1
-1
0
-1
-1
-1
1
-1
-1
-1
-1
-1
1
-1
-1
-1
-1
0
-1
-1
0
0
-1
0
0
0
0
0
-1
0
-1
-1
1
1
0
-1
0
-2
0
-2
0
-1
2
0
-1
-1
-1
-1
-1
-2
-1
-1
-1
0
1
-1
0
0
1
-1
0
1
0
-1
-1
1
0
-2
1
-1
0
1
0
0
1
1
1
0
-1
0
0
1
-1
1
1
0
1
-1
1
0
0
-1
1
-1
0
-1
1
1
1
0
-1
0
1
-1
0
-3
1
-1
-1
0
1
-3
-1
-1
0
-1
1
-1
-1
-1
1
0
-1
0
1
0
-1
-3
-1
0
1
-1
0
1
-1
-1
0
0
0
-1
-1
1
1
-1
-1
-1
-1
-2
1
-1
0
0
0
-1
1
1
-1
1
1
0
0
-1
1
-1
-1
-1
0
0
1
-1
-1
-1
0
0
-1
-1
-1
-2
1
-2
-1
-2
0
0
0
-1
0
-1
0
-1
0
-1
-1
-1
1
-1
-1
0
-1
-2
1
-1
0
1
-1
-1
1
-1
-1
-1
0
-2
1
-1
1
0
-1
-1
-1
-1
-1
-1
-1
1
0
-1
-1
-1
-1
-1
0
-1
0
-1
-1
-2
0
-1
0
-1
0
0
0
-1
0
0
1
-1
0
-1
0
0
-1
-1
-1
-1
-1
-1
0
-1
0
0
-1
0
-1
-1
-1
0
0
-1
-1
1
-1
0
0
-1
-1
1
-1
1
0
-1
0
-1
-1
-1
-1
-1
-1
-1
-1
-2
1
0
0
-1
0
0
-1
-1
1
0
-1
-1
-1
-1
-1
-1
-1
-1
-1
-3
-1
-1
1
-2
1
0
-1
-1
-1
0
0
0
0
1
-1
-1
0
0
-1
-2
1
-1
0
0
0
0
1
-1
-1
-1
1
-1
0
-1
0
-1
1
-1
-1
0
-1
0
1
0
-1
-2
0
-1
1
-1
1
-3
0
-1
-1
-1
1
-1
-1
-1
0
-1
0
-1
-1
0
0
-1
0
-1
0
1
-1
-1
0
-1
0
0
-1
-1
0
-1
-1
-1
1
-1
-2
-1
1
-1
0
-1
-1
-1
-1
0
1
-1
2
-1
-2
-1
0
-1
0
0
1
-1
-1
-2
-1
-1
-3
-1
0
-1
-1
0
-1
-1
-1
-2
0
-1
0
1
0
-1
-2
-1
0
-1
-1
-1
0
-3
0
-1
-1
-2
-3
0
1
-1
-1
0
0
-2
-1
1
0
-1
0
-3
0
-1
-2
0
-1
1
-1
-2
0
-1
0
0
1
1
0
0
0
-1
0
-1
-1
0
0
0
-1
-1
0
-1
-1
0
1
0
-1
-3
1
-1
1
-1
1
-1
0
-1
-1
-2
0
0
1
-1
0
-1
-1
0
-1
-1
0
-2
-1
-1
-2
-1
0
-1
0
0
0
-1
1
-1
-1
-1
-1
-1
1
-1
0
0
1
-1
-1
-1
1
-1
-1
-1
-1
-1
1
-1
0
-1
-1
-1
-1
0
-1
-1
-1
0
1
-1
-2
-1
-1
-1
-1
-1
1
-1
1
-1
-1
-1
-1
-1
0
-1
0
0
-1
-1
0
-1
0
-1
-1
-2
-2
-1
1
1
0
-1
-1
-1
1
-1
0
-1
-1
-1
-1
-1
0
0
0
-1
1
-1
1
-1
-1
0
1
-1
0
0
-1
0
-1
0
-1
0
-1
-1
0
-1
-1
-1
-2
1
-1
-1
-1
-1
1
-1
-1
-1
0
-1
-1
0
1
-1
-1
-2
1
-1
-1
-1
-1
0
-1
-1
1
-1
-1
-3
1
-2
1
-1
0
-1
0
1
-1
-1
-1
-3
0
1
-1
-2
-1
-1
-1
-1
0
-1
0
-3
0
-1
-1
0
-1
-2
1
-1
1
-3
-1
-2
-1
-1
0
-1
0
-1
1
-1
-1
0
0
-1
-1
-1
-1
-3
0
-2
0
-1
0
-1
-1
-1
0
-1
1
-2
-1
-1
1
-2
0
-1
2
-1
-1
0
-1
-1
1
-2
0
-2
1
-3
-1
-2
1
0
1
-3
1
-1
0
-1
0
-2
0
-1
0
-2
0
-1
-1
-1
0
0
0
0
0
-1
-1
-2
-1
-3
0
1
-1
0
-1
0
-1
-1
-1
-1
-1
-2
0
-2
0
0
0
-1
-1
-1
1
-1
-1
-1
0
-2
0
0
0
-1
0
-1
1
-2
1
-1
0
-1
0
-2
1
-1
0
-1
0
-1
1
-2
-1
-1
-1
-1
-1
-3
-1
-1
0
-1
-1
-1
-1
-1
0
-1
-1
-2
-3
-1
0
-2
-1
-2
-1
0
0
-1
1
-1
0
-1
-1
-1
0
-2
0
0
-1
-1
-1
-3
-1
-1
-2
-1
-1
0
-1
-1
1
0
-1
-1
0
-1
-1
-1
-1
-2
-1
-1
-1
-2
-1
-1
-1
0
1
-3
0
-1
-1
-2
-1
-1
-1
-1
1
-2
-1
0
-1
-1
0
-1
0
0
0
-1
-1
-2
-1
-1
-1
0
1
-2
-1
-1
-1
-1
1
-1
-1
-1
-1
-1
-2
0
-1
-1
-2
-3
0
-2
-1
-1
-1
-1
0
1
0
-3
0
0
-1
-2
-1
-1
1
-1
0
-1
-1
0
-1
-1
-1
-1
-1
-2
-1
0
1
-1
-1
-2
1
-1
-1
-2
-1
-2
1
-2
0
-2
-1
-1
0
0
-1
-1
0
-1
-1
-1
0
-1
-3
1
-3
-1
-1
-1
-1
-1
0
-1
-1
-1
1
-2
1
-1
-1
-1
-1
-1
-1
0
-1
-1
-1
0
0
-1
0
-1
0
-2
-1
-1
0
-1
-2
-1
-43
356
-362
-25
-363
-2
-362
18
359
-40
-61
-357
80
352
345
-104
121
337
-142
-333
158
322
-315
177
303
-199
-216
-293
-278
228
-263
246
249
-262
233
-276
-291
-217
-202
299
311
179
-167
320
-146
330
339
124
103
-346
-84
351
355
63
42
-361
-23
359
-362
-3
-361
18
-43
-360
-63
-358
351
-83
-105
-348
338
-124
141
330
322
-163
-315
178
-199
-302
289
-215
276
-234
-249
-263
-262
-249
-232
275
-291
-217
-199
301
-182
312
162
-324
143
-333
124
-340
-346
-103
83
-354
-356
-62
359
41
-23
358
-1
-361
-21
-362
42
358
62
354
82
349
346
-105
339
-125
-143
-333
-321
163
181
312
-199
-302
218
288
-233
-279
249
261
249
-265
232
-279
215
-290
199
-304
181
-316
163
-325
330
139
-340
-124
-346
-103
352
81
355
59
-358
-42
-20
360
-361
-1
-361
20
45
356
66
353
-350
83
105
343
125
337
332
-145
322
-165
-313
180
-201
-303
-289
216
275
-235
-250
-264
264
243
279
228
-290
-216
-199
301
-312
-182
-324
-163
332
139
339
119
349
98
-80
349
356
58
358
36
-362
-23
-362
1
361
-25
-360
42
-66
-357
-351
86
-347
103
125
336
-147
-332
-164
-323
310
-187
-202
-302
-289
218
-237
-276
-252
-263
-266
-245
-280
-229
212
-293
193
-304
-181
313
-161
323
332
140
339
119
346
102
-81
351
357
59
37
-360
-361
-18
1
360
360
-26
358
-45
66
355
348
-87
-345
108
-339
127
145
330
-167
-321
310
-185
-300
202
-220
-286
235
274
-259
251
-244
265
279
229
-294
-213
-194
303
-177
313
325
157
140
-335
341
119
-346
-100
351
78
-57
355
-37
357
16
-362
5
359
-361
24
48
358
-356
67
-349
87
108
343
338
-129
-147
-331
165
318
-186
-312
-299
201
289
-220
-272
235
-252
-260
-268
-246
281
227
-293
-214
193
-305
-177
315
156
-327
136
-335
-341
-121
-349
-100
-76
352
-356
-60
37
-363
359
13
5
358
-361
25
-47
-360
-354
66
-351
87
-111
-344
337
-131
330
-151
167
317
-185
-311
-204
-301
-286
218
270
-239
250
255
-267
-246
282
225
-212
292
-194
304
-175
313
156
-327
-138
332
-344
-119
-350
-100
351
74
54
-360
-37
356
-17
360
-7
-364
-363
24
-359
47
-72
-356
349
-92
-113
-346
334
-132
326
-151
-170
-321
307
-191
-205
-298
-287
219
236
269
255
-253
-269
-244
226
-284
-214
293
-194
306
172
-317
151
-326
-336
-136
340
116
94
-349
-78
351
356
54
-34
359
-362
-14
-362
8
29
359
-52
-360
-355
73
349
-91
-113
-342
132
337
-330
151
168
321
-311
187
204
296
284
-221
-272
240
-256
255
241
-269
-281
-223
209
-296
192
-308
174
-317
325
154
136
-335
342
115
-347
-95
-353
-75
54
-360
-32
361
-11
358
11
359
33
358
359
-51
355
-72
94
348
115
342
-131
-337
154
325
173
317
-187
-310
-204
-300
226
281
272
-243
-254
-261
-269
-244
226
-286
-206
292
192
-310
-318
-175
326
148
-334
-138
116
-346
92
-354
-355
-78
52
-362
360
25
12
-367
10
355
355
-35
-53
-363
-75
-359
-95
-353
340
-118
130
332
151
324
-321
168
-192
-311
206
293
281
-227
267
-243
