-132
-13
-167
-1
-171
3
-146
-9
-113
-41
-83
-83
-66
-124
-65
-151
-74
-151
-86
-120
-88
-65
-71
4
-30
63
18
91
54
79
59
39
30
-7
-23
-37
-68
-49
-91
-57
-76
-74
-47
-114
-28
-168
-24
-206
-23
-220
-4
-199
45
-168
117
-151
177
-163
197
-190
165
-203
102
-175
43
-104
18
-18
24
52
45
84
50
84
38
75
25
75
34
86
73
82
125
40
156
-36
135
-120
67
-167
-7
-149
-49
-81
-33
-11
25
17
72
-24
64
-108
-21
-180
-148
-192
-257
-122
-289
-2
-226
109
-93
152
51
107
139
-4
145
-125
79
-195
-13
-184
-80
-96
-88
25
-42
129
29
181
81
175
87
134
46
91
-16
74
-66
77
-81
79
-67
54
-48
-7
-52
-98
-88
-175
-141
-216
-183
-203
-185
-156
-141
-110
-76
-90
-22
-104
-6
-137
-35
-163
-98
-165
-170
-135
-235
-82
-279
-13
-293
59
-267
124
-201
164
-100
157
2
93
70
-18
74
-139
16
-214
-62
-206
-106
-117
-76
7
24
105
148
129
231
78
233
-3
158
-60
50
-59
-37
-7
-76
59
-71
97
-53
92
-49
58
-66
24
-86
11
-97
21
-82
42
-52
63
-15
81
26
100
72
114
123
113
159
78
158
17
98
-47
-13
-75
-134
-38
-210
54
-206
157
-132
213
-28
187
39
96
42
-14
-9
-84
-63
-87
-78
-40
-36
16
37
37
103
21
136
-16
132
-47
112
-57
91
-55
74
-59
43
-71
-8
-75
-69
-50
-106
8
-91
79
-23
117
58
94
105
13
78
-79
-11
-124
-113
-87
-168
19
-143
136
-53
205
49
193
108
117
99
23
38
-45
-32
-64
-76
-53
-90
-44
-90
-59
-105
-85
-146
-98
-193
-68
-213
6
-175
95
-81
153
34
146
117
69
127
-45
52
-141
-74
-173
-194
-129
-262
-31
-255
70
-190
125
-113
119
-68
66
-72
12
-106
2
-127
47
-93
127
-1
195
126
209
232
161
277
78
255
11
195
-6
144
27
129
76
149
95
164
62
131
-10
38
-68
-94
-71
-208
-4
-257
110
-223
216
-135
267
-42
249
14
182
12
109
-30
69
-83
80
-105
127
-88
185
-35
225
35
225
99
185
134
112
132
31
93
-33
36
-62
-7
-47
-11
-8
37
20
115
11
182
-54
202
-151
161
-235
74
-264
-6
-221
-37
-126
-1
-28
84
28
174
26
231
-20
238
-72
212
-102
178
-100
157
-80
151
-59
140
-45
124
-33
104
-11
92
16
95
35
98
25
75
-12
8
-51
-98
-55
-200
4
-253
110
-221
217
-118
267
1
225
77
110
72
-30
0
-124
-83
-145
-119
-106
-91
-59
-13
-52
60
-98
88
-175
65
-233
17
-236
-8
-187
20
-122
90
-86
163
-102
193
-154
165
-206
95
-210
28
-155
8
-61
40
25
107
65
167
52
185
1
157
-42
106
-54
67
-35
59
-6
78
-1
97
-24
89
-67
49
-93
-3
-78
-30
-18
0
58
82
105
182
91
253
14
251
-91
174
-174
51
-192
-67
-132
-130
-21
-120
92
-57
163
27
172
88
124
103
54
76
1
32
-12
4
18
16
71
69
123
153
145
236
126
291
75
301
15
270
-28
217
-40
168
-24
134
0
115
12
92
6
53
-10
-3
-11
-48
18
-49
74
10
120
115
115
223
35
276
-97
241
-228
136
-294
17
-260
-55
-142
-42
2
41
104
138
132
186
96
164
47
90
37
16
78
-13
144
11
182
49
158
57
79
3
-17
-105
-72
-223
-57
-294
18
-294
114
-226
182
-132
199
-45
161
7
100
24
35
18
-11
4
-41
-11
-53
-24
-53
-30
-41
-23
-23
-6
-4
19
7
41
10
52
13
57
23
64
43
89
61
121
53
141
8
119
-64
42
-131
-70
-153
-176
-113
-222
-33
-193
42
-104
64
-4
13
52
-88
52
-188
11
-239
-25
-221
-23
-161
23
-95
86
-49
133
-27
146
1
136
51
134
124
158
192
197
218
221
183
191
105
99
25
-30
-13
-150
-4
-220
37
-229
69
-199
67
-164
29
-146
-22
-146
-55
-143
-55
-119
-32
-73
-4
-17
10
27
8
47
4
47
3
41
6
26
3
-3
-16
-54
-42
-129
-56
-206
-40
-252
0
-246
40
-197
42
-141
-12
-122
-103
-164
-182
-242
-198
-302
-132
-288
-13
-186
91
-36
122
91
64
136
-42
89
-127
-6
-140
-74
-75
-75
17
-10
65
69
35
94
-59
39
-157
-75
-187
-179
-134
-213
-19
-158
87
-45
129
62
91
106
3
78
-78
6
-109
-64
-81
-99
-23
-97
33
-76
61
-59
64
-54
54
-60
42
-70
32
-86
16
-113
4
-156
9
-194
52
-197
128
-140
209
-30
250
96
219
178
119
178
-2
98
-84
-16
-83
-98
-1
-110
115
-52
206
39
236
113
205
143
139
134
72
105
13
65
-43
11
-107
-71
-172
-188
-209
-313
-192
-401
-117
-420
-16
-361
64
-259
83
-160
40
-102
-36
-86
-102
-86
-132
-74
-130
-37
-117
9
-115
48
-125
69
-130
76
-117
84
-95
100
-71
105
-63
86
-58
36
-36
-19
27
-41
122
-5
212
76
247
149
206
160
112
96
28
-13
7
-99
58
-113
139
-56
182
18
144
40
44
-16
-54
-126
-88
-217
-38
-232
52
-165
118
-67
111
-1
38
-2
-42
-45
-77
-75
-50
-50
1
21
21
91
-19
104
-94
47
-146
-42
-132
-95
-51
-86
42
-22
86
33
54
25
-21
-53
-78
-163
-68
-233
8
-226
97
-156
144
-71
117
-24
42
-25
-31
-51
-68
-58
-69
-37
-63
0
-80
14
-116
-11
-140
-54
-119
-73
-50
-40
31
40
78
123
60
164
-6
146
-78
88
-120
29
-125
-8
-117
-33
-124
-75
-147
-151
-153
-235
-109
-281
-11
-251
104
-146
172
-25
150
42
54
15
-48
-81
-88
-173
-29
-195
93
-119
206
10
248
130
210
197
132
211
63
212
30
238
8
281
-45
292
-150
223
-269
65
-330
-122
-275
-244
-107
-240
103
-107
250
73
262
194
146
194
-22
76
-141
-82
-151
-187
-64
-192
50
-112
112
-13
89
41
1
28
-87
-28
-121
-66
-88
-46
-20
42
27
158
15
246
-63
268
-169
217
-252
121
-274
24
-228
-37
-133
-47
-28
-21
57
16
107
45
127
57
130
55
127
49
119
41
100
23
66
-13
25
-69
-9
-132
-23
-186
-12
-213
8
-211
21
-199
13
-196
-8
-209
-26
-225
-18
-221
14
-179
52
-107
62
-36
34
2
-23
-8
-76
-47
-87
-76
-52
-64
-1
-17
28
30
6
35
-49
-24
-95
-116
-86
-185
-11
-191
93
-127
163
-35
163
25
91
16
-4
-49
-69
-131
-74
-180
-34
-182
10
-156
26
-141
16
-151
6
-171
27
-167
78
-116
132
-28
146
55
110
98
44
95
-13
76
-28
85
-13
140
-6
213
-50
253
-151
220
-271
114
-346
-16
-338
-107
-250
-115
-138
-54
-69
23
-74
54
-144
11
-225
-93
-264
-209
-236
-295
-150
-327
-39
-304
67
-240
146
-148
189
-42
193
62
148
135
57
151
-55
100
-148
3
-179
-92
-127
-126
-17
-81
101
29
163
148
141
213
47
194
-66
97
-141
-25
-140
-122
-67
-153
35
-118
127
-42
171
37
158
88
110
99
53
78
13
43
4
18
24
9
57
17
83
25
92
19
88
-11
87
-56
105
-93
146
-103
202
-77
247
-25
255
27
219
54
154
49
81
21
30
-11
4
-32
1
-39
8
-40
21
-40
41
-35
76
-18
119
16
157
57
176
87
170
93
148
72
128
40
122
14
125
2
122
-7
100
-30
69
-70
51
-108
67
-112
115
-59
166
39
179
137
133
191
42
173
-45
106
-76
42
-37
28
40
67
100
121
104
139
59
91
11
8
8
-62
68
-64
149
-1
193
80
158
110
58
62
-49
-46
-100
-151
-70
-196
11
-167
81
-105
89
-68
40
-89
-26
-152
-60
-211
-43
-225
-1
-193
21
-153
-6
-146
-62
-182
-99
-226
-78
-226
-1
-150
81
-18
108
105
59
158
-40
121
-118
28
-117
-47
-26
-51
107
23
217
127
247
206
201
220
114
174
42
106
8
55
-1
30
-6
17
-33
-8
-68
-52
-86
-93
-67
-104
-15
-65
40
5
65
71
44
95
-4
66
-38
8
-31
-40
28
-42
110
7
169
86
172
146
105
153
-7
88
-120
-29
-190
-161
-188
-264
-118
-300
-6
-262
106
-163
176
-44
185
54
134
103
55
98
-20
58
-61
16
-66
-8
-52
-8
-42
-5
-55
-14
-88
-49
-121
-99
-134
-143
-119
-161
-88
-150
-60
-119
-52
-88
-68
-71
-97
-70
-124
-80
-141
-95
-146
-112
-141
-129
-126
-145
-95
-151
-51
-135
2
-97
43
-46
62
-5
49
6
22
-15
6
-50
23
-74
64
-68
114
-37
141
-9
130
-8
91
-44
52
-102
42
-151
64
-164
100
-138
127
-93
125
-48
98
-19
65
9
49
48
50
114
51
191
30
248
-17
264
-72
227
-105
163
-88
102
-23
78
66
93
140
118
168
131
149
108
106
57
62
-4
30
-51
10
-80
-9
-94
-34
-105
-60
-108
-73
-99
-64
-64
-42
-4
-20
67
-13
125
-23
151
-31
151
-21
144
15
150
69
184
107
227
105
252
48
231
-40
155
-125
45
-172
-62
-161
-124
-108
-123
-40
-73
6
-3
13
52
-6
73
-27
64
-17
52
36
66
118
121
194
197
225
255
192
259
111
187
23
62
-24
-69
-9
-152
54
-159
119
-99
141
-23
92
25
-6
22
-105
-19
-156
-54
-143
-42
-82
23
-21
115
3
187
-18
210
-60
174
-86
108
-73
45
-23
11
37
-4
79
-8
93
-19
79
-42
52
-73
21
-98
-8
-124
-39
-153
-66
-185
-75
-209
-59
-208
-20
-177
24
-124
49
-77
45
-59
30
-71
31
-88
64
-79
117
-28
153
40
137
80
62
52
-39
-38
-100
-144
-84
-195
3
-150
103
-28
142
106
86
173
-44
141
-175
36
-228
-66
-180
-96
-64
-34
47
84
91
189
49
228
-38
194
-113
124
-136
66
-108
46
-59
54
-30
64
-28
46
-42
0
-42
-55
-10
-95
54
-103
129
-78
195
-30
237
28
249
86
230
131
178
148
105
127
23
67
-37
-13
-52
-81
-16
-110
52
-93
126
-44
177
10
198
49
203
71
211
93
229
127
244
172
242
216
211
244
153
247
82
232
8
210
-66
178
-145
128
-226
50
-287
-40
-304
-108
-257
-117
-168
-49
-78
75
-44
194
-86
251
-175
220
-259
127
-279
27
-218
-33
-106
-39
12
-18
95
-1
148
-3
187
-7
237
13
293
74
322
152
298
207
215
212
110
168
25
114
-15
86
-23
93
-36
103
-81
81
-151
5
-199
-100
-188
-179
-104
-187
16
-118
109
-16
133
66
86
90
9
64
-47
25
-59
8
-43
21
-32
40
-42
42
-62
23
-66
11
-35
36
14
106
40
190
11
239
-73
218
-171
138
-233
44
-226
-13
-164
-11
-89
32
-50
81
-54
102
-83
93
-103
76
-100
71
-83
80
-72
85
-74
70
-86
37
-82
6
-58
-4
-28
1
-20
-1
-41
-39
-74
-107
-83
-177
-41
-197
42
-148
117
-54
137
28
84
45
0
-4
-54
-78
-29
-106
59
-60
148
33
174
99
116
78
19
-30
-36
-162
0
-228
110
-189
216
-73
231
31
129
39
-42
-59
-178
-206
-204
-297
-110
-267
35
-125
135
55
138
182
59
216
-30
180
-58
137
-4
144
96
205
174
279
188
311
139
272
71
177
26
69
27
-12
56
-57
84
-76
91
-90
76
-106
61
-119
55
-111
61
-88
66
-58
62
-37
56
-31
59
-28
81
-17
113
8
135
33
128
33
91
-5
44
-73
13
-146
11
-192
29
-202
45
-184
37
-160
8
-144
-29
-135
-54
-120
-57
-93
-44
-57
-28
-28
-6
-18
26
-21
89
-13
179
24
276
90
343
156
352
184
306
150
237
65
189
-29
187
-81
218
-71
240
-18
209
30
115
31
-11
-29
-113
-115
-144
-173
-95
-161
-5
-78
73
41
95
137
59
178
-8
161
-60
111
-72
66
-47
47
-9
49
18
57
20
57
8
46
-4
38
-6
45
-4
62
-12
76
-37
65
-66
28
-80
-27
-57
-69
7
-79
95
-54
177
3
232
63
246
113
223
143
174
151
106
141
26
103
-59
37
-133
-46
-174
-123
-171
-165
-127
-151
-67
-87
-30
-4
-37
56
-88
67
-151
33
-184
-21
-168
-54
-110
-47
-36
-8
15
34
30
54
21
45
12
27
27
28
62
64
98
129
104
198
64
238
-11
231
-92
184
-149
118
-158
67
-122
52
-58
74
4
129
41
192
38
234
-4
238
-70
194
-133
115
-163
28
-148
-33
-95
-50
-31
-33
8
-6
10
-3
-15
-34
-37
-82
-23
-111
30
-89
97
-19
132
64
112
111
38
97
-47
32
-93
-45
-83
-89
-25
-86
41
-51
77
-21
84
-13
79
-21
93
-16
127
28
158
95
148
149
82
145
-18
76
-104
-33
-126
-123
-78
-151
7
-110
78
-37
100
26
69
52
21
52
-13
52
-25
69
-39
88
-77
78
-144
13
-207
-93
-227
-199
-177
-252
-83
-233
5
-169
32
-117
-13
-128
-89
-197
-138
-279
-118
-315
-34
-270
62
-155
112
-28
86
58
3
78
-86
50
-138
15
-136
4
-104
21
-74
42
-68
42
-78
12
-80
-30
-54
-57
2
-49
67
-6
112
54
124
105
102
136
62
146
23
143
-6
136
-18
138
-25
145
-28
151
-36
150
-51
129
-67
88
-71
30
-48
-23
11
-43
98
-16
183
55
231
136
218
186
148
175
57
107
-11
15
-25
-58
13
-84
74
-67
120
-37
135
-18
129
-13
123
-6
134
25
148
80
139
135
82
148
-8
93
-95
-11
-125
-114
-73
-159
42
-117
162
-12
228
100
209
156
127
132
34
45
-18
-59
-5
-134
59
-160
132
-144
180
-114
188
-91
162
-86
117
-93
73
-100
29
-104
-13
-104
-54
-102
-92
-100
-128
-96
-158
-94
-181
-101
-199
-123
-200
-156
-176
-189
-117
-204
-27
-183
80
-124
180
-34
251
72
279
175
262
260
200
312
105
319
-10
270
-120
175
-195
55
-206
-45
-148
-88
-38
-59
72
24
139
114
139
160
87
142
29
74
9
4
45
-25
114
1
168
59
166
97
102
77
7
-2
-66
-104
-73
-175
-12
-173
83
-97
159
23
179
135
132
200
47
206
-39
167
-94
111
-107
58
-90
18
-60
-11
-31
-37
-8
-65
6
-94
13
-122
14
-148
14
-170
16
-183
20
-174
30
-139
39
-80
30
-10
-2
47
-57
74
-117
70
-153
49
-151
41
-107
59
-44
105
11
160
37
192
30
190
9
147
-6
86
4
27
33
-15
74
-33
106
-33
119
-26
107
-21
74
-23
28
-37
-28
-71
-76
-118
-104
-165
-93
-190
-44
-172
33
-101
103
5
135
112
117
181
62
202
1
183
-35
157
-35
148
-18
161
-8
175
-32
168
-80
120
-130
48
-154
-21
-143
-64
-116
-78
-93
-85
-89
-102
-96
-133
-91
-161
-54
-156
4
-107
54
-32
68
33
33
55
-28
27
-75
-19
-78
-49
-40
-37
4
1
16
28
-12
6
-56
-59
-74
-139
-36
-187
52
-177
148
-124
214
-69
226
-49
211
-66
202
-96
226
-98
278
-57
318
9
312
60
250
63
161
17
88
-47
64
-85
83
-76
117
-28
131
28
112
68
74
81
45
83
38
88
54
100
75
107
93
95
119
71
159
54
221
63
284
100
315
138
287
136
205
74
109
-34
40
-143
23
-204
42
-202
52
-163
15
-136
-71
-153
-161
-213
-202
-262
-163
-247
-59
-144
49
17
101
176
71
265
-19
265
-112
193
-158
100
-144
24
-91
-23
-40
-62
-16
-119
-13
-192
-4
-262
33
-293
90
-260
141
-177
144
-75
82
-3
-30
20
-156
-6
-250
-45
-289
-71
-277
-62
-237
-24
-195
25
-169
66
-154
90
-145
99
-134
100
-119
93
-107
78
-93
56
-78
33
-53
23
-15
40
23
88
40
148
19
195
-45
198
-134
146
-211
54
-244
-45
-215
-115
-139
-137
-38
-121
45
-90
98
-66
129
-59
150
-61
176
-52
207
-28
231
3
233
27
209
33
182
30
166
36
165
70
164
124
134
173
62
178
-45
118
-146
8
-194
-107
-168
-175
-79
-163
21
-91
78
-4
66
48
-4
42
-84
-7
-130
-56
-125
-69
-87
-39
-58
11
-64
38
-106
18
-152
-44
-161
-109
-111
-139
-16
-108
84
-30
144
53
141
97
82
76
8
4
-34
-82
-16
-134
51
-117
129
-40
172
61
143
131
47
129
-74
56
-164
-49
-180
-129
-121
-146
-24
-97
54
-23
72
25
33
7
-23
-64
-43
-141
2
-168
95
-119
181
-16
206
83
145
126
30
93
-86
9
-144
-71
-133
-105
-76
-84
-18
-35
8
4
2
11
-15
-11
-12
-35
18
-42
65
-29
102
-10
119
-4
119
-4
117
1
122
24
123
69
102
115
45
138
-43
118
-134
66
-196
2
-211
-43
-191
-58
-151
-54
-119
-47
-101
-53
-91
-71
-78
-94
-54
-108
-28
-114
-11
-113
-8
-116
-18
-123
-36
-126
-56
-128
-77
-126
-105
-127
-129
-136
-144
-145
-134
-140
-99
-108
-50
-49
-11
20
3
74
-13
95
-45
81
-71
47
-79
16
-69
0
-55
-3
-54
-1
-73
-6
-105
-19
-139
-33
-165
-40
-178
-40
-182
-27
-177
-4
-168
26
-153
61
-138
94
-131
113
-135
100
-146
56
-142
-13
-108
-78
-43
-115
43
-117
117
-93
157
-71
155
-74
128
-98
109
-127
115
-129
145
-88
177
-14
182
67
144
122
69
124
-16
78
-81
0
-103
-80
-76
-136
-13
-156
62
-131
122
-87
142
-41
113
-26
51
-52
-19
-115
-58
-176
-42
-199
22
-157
102
-52
158
79
154
185
93
233
6
215
-63
155
-85
90
-53
43
12
25
81
18
134
14
170
8
192
2
200
-1
192
-7
163
-25
122
-57
84
-91
66
-103
71
-76
83
-13
74
60
27
112
-52
122
-135
95
-192
54
-203
23
-177
15
-135
20
-93
24
-55
24
-16
28
34
43
86
76
123
115
130
136
107
131
73
103
45
72
29
48
16
27
-8
-6
-45
-64
-71
-132
-63
-181
-11
-177
63
-117
121
-30
123
38
73
51
1
12
-45
-42
-39
-69
6
-54
49
-18
60
2
32
-14
-6
-55
-24
-82
-12
-74
-3
-40
-31
-22
-111
-62
-208
-163
-262
-276
-232
-330
-121
-287
10
-160
87
-18
68
61
-21
48
-116
-30
-152
-113
-111
-146
-28
-127
40
-92
56
-84
35
-116
13
-160
28
-169
71
-129
103
-60
81
-17
5
-40
-81
-119
-116
-198
-61
-213
62
-129
190
20
245
168
199
241
80
208
-45
100
-110
-20
-92
-90
-13
-85
69
-24
105
49
76
89
-1
80
-88
36
-143
-15
-146
-37
-103
-13
-41
52
9
134
25
199
4
221
-34
199
-65
147
-69
91
-49
46
-18
8
1
-40
0
-106
-1
-179
22
-223
73
-211
132
-139
153
-46
105
13
-2
-1
-119
-76
-178
-153
-141
-167
-33
-86
83
59
132
188
90
238
-4
194
-76
105
-72
45
4
53
94
114
132
163
89
144
5
53
-56
-63
-43
-135
35
-126
119
-57
151
12
104
25
15
-22
-59
-88
-72
-121
-37
-91
1
-26
-2
25
-57
25
-124
-16
-149
-53
-113
-41
-35
33
28
131
37
196
-13
194
-83
126
-124
28
-111
-61
-47
-119
35
-147
110
-156
170
-149
212
-119
235
-65
217
0
147
37
23
23
-120
-45
-235
-139
-285
-204
-261
-211
-195
-161
-129
-84
-87
-11
-68
38
-51
77
-18
117
23
160
51
187
54
180
42
131
43
69
80
37
149
52
212
105
233
158
194
167
124
129
64
75
53
42
85
58
127
98
135
126
107
108
69
51
61
-7
98
-27
163
-3
205
35
194
35
138
-13
84
-91
78
-137
128
-111
196
-16
221
97
165
162
46
145
-78
69
-145
-10
-135
-42
-78
-21
-25
21
-16
35
-44
0
-71
-60
-59
-102
-6
-94
55
-48
83
-3
57
3
2
-37
-41
-93
-38
-119
5
-98
50
-51
57
-21
16
-42
-44
-117
-74
-203
-48
-253
25
-239
95
-182
113
-131
60
-132
-35
-199
-120
-300
-144
-377
-95
-387
-5
-315
76
-192
104
-72
67
1
-8
15
-78
-16
-100
-49
-66
-54
7
-16
80
47
117
92
105
91
64
37
30
-49
40
-120
98
-141
180
-103
240
-32
243
23
186
27
101
-21
38
-89
33
-122
86
-92
155
-4
189
97
156
158
62
144
-47
66
-122
-37
-132
-117
-81
-140
-8
-107
49
-43
59
22
14
62
-73
64
-180
21
-285
-61
-363
-166
-395
-267
-367
-329
-283
-330
-172
-262
-74
-151
-26
-41
-40
26
-98
30
-163
-16
-193
-77
-170
-122
-105
-134
-22
-115
54
-83
108
-47
138
-16
153
13
152
37
136
55
100
56
55
41
11
15
-21
-8
-32
-11
-30
7
-27
40
-35
71
-56
92
-83
97
-107
90
-119
74
-119
52
-110
27
-88
-2
-58
-30
-15
-45
34
-41
80
-14
112
28
113
68
78
86
8
69
-77
3
-151
-94
-180
-199
-148
-268
-54
-267
71
-193
180
-68
225
54
184
117
73
97
-55
4
-147
-111
-172
-197
-141
-220
-99
-196
-88
-163
-124
-161
-184
-195
-223
-237
-205
-242
-129
-177
-30
-54
45
88
61
199
28
248
-25
239
-59
200
-57
158
-25
129
6
100
21
61
11
1
-6
-69
-16
