-414
-54
319
-57
-383
22
-383
46
-372
69
-368
90
318
-136
-354
131
313
-171
299
-190
-315
191
277
-223
263
-238
-277
244
235
-267
-245
276
204
-291
187
-305
167
-317
148
-325
-152
331
-133
338
92
-346
71
-352
50
-356
31
-358
-30
362
-8
363
-31
-361
-52
-358
-71
-354
-93
-348
-110
-346
122
339
139
331
158
322
-190
-313
195
303
-221
-291
230
275
243
261
260
246
274
231
287
214
-306
-198
-319
-180
322
159
328
141
336
122
-352
-103
348
80
354
59
354
39
-366
-19
356
-4
358
-26
-363
42
-361
64
-357
85
341
-107
-343
124
-335
144
-327
163
-5
-1
-1
0
-2
-1
-1
-1
-1
-1
-1
-4
-1
-1
-1
-1
-2
-1
-97
-349
-117
-344
-136
-337
325
-158
-176
-319
305
-193
291
-211
226
279
240
267
258
252
235
-274
-288
-223
295
202
308
185
319
165
-330
-152
334
128
-347
-112
349
88
352
66
-358
-50
358
27
359
4
-364
13
33
358
-58
-358
-79
-353
94
347
-342
117
332
-139
-159
-326
173
314
-306
193
208
293
225
279
265
-245
255
253
-238
273
-222
284
-205
298
-310
-185
-322
-169
-331
-147
337
128
-346
-110
88
-351
-357
-69
356
47
-1
0
-1
-2
-4
-1
0
-1
-2
1
-1
0
0
-1
-1
1
-1
-1
-1
-1
-1
-1
-1
0
0
-1
-1
-1
-1
0
-3
-2
-1
0
-1
-1
-1
-1
-1
-1
-1
-1
-1
-1
0
-1
-1
-1
-1
-1
-2
-1
-1
-1
-1
0
-2
0
-3
0
-1
-1
0
0
-2
0
-1
-1
-1
0
-1
-1
-1
0
0
0
-1
1
-1
-3
-1
0
-1
-1
-3
-1
-1
-1
-1
-1
-1
-1
-1
-1
-1
-1
-2
1
-1
-1
-4
-1
0
0
0
0
0
-1
-1
-1
1
0
0
-1
-1
-1
-1
1
-3
0
-2
0
-1
-1
1
-1
0
-1
-1
-3
-1
-2
-1
-1
-1
1
-1
0
-1
-1
-1
-1
-1
-1
0
-1
-1
-1
-2
-1
-2
-2
-1
-1
-1
0
0
0
-1
-1
-1
-2
-2
-1
-1
-3
-1
-1
-1
-1
-2
-1
-3
-1
-2
-1
-2
-2
-3
-1
-4
-1
-2
-1
-2
-1
-2
-1
-3
0
-1
-1
-1
-1
-2
-3
-2
-1
-1
0
-2
-1
-2
-1
-3
-1
0
1
-1
0
-1
0
-1
-1
-1
0
-4
1
-1
-1
-3
-1
-3
0
-1
-1
-4
-1
-1
1
-1
-1
-1
-1
0
0
-1
1
-2
-1
-1
-1
-1
0
-1
1
-3
0
-1
-1
-1
0
0
0
-1
-1
-1
1
-2
1
0
0
-1
1
-1
-1
-2
0
0
0
-1
0
-1
1
-1
-1
0
0
-3
-1
1
-1
0
-1
-1
0
0
-1
-1
-1
-3
-1
-1
-1
-1
0
-3
0
-1
-2
-1
-1
-1
-1
0
-1
0
-1
-1
-1
0
-1
-3
-1
-2
-1
-1
0
-2
-3
-2
0
0
-1
-2
-1
0
-1
-1
-1
-1
-2
-2
-1
0
-1
-2
-1
-2
-1
-3
-1
-3
-1
-1
-1
-1
-2
0
-1
-1
0
-1
-1
-2
-3
-3
-1
-1
0
-1
-1
-1
-2
-3
0
-2
-1
-2
-1
-1
-1
-1
-1
-3
-1
-1
-1
-1
-1
-3
0
0
-1
-2
-2
-3
-1
-3
-2
-2
1
-4
-1
-3
-1
-3
0
-4
-1
-1
-1
-1
1
-2
1
0
-1
-1
0
-3
-1
-2
0
-2
-1
-3
-1
-2
0
-2
1
0
0
-1
-1
-1
1
-1
0
-1
-1
-3
0
-2
-1
-1
1
-2
0
-1
0
0
0
-1
-1
-3
1
-3
1
-1
0
-1
0
-1
-1
-2
-1
-3
0
-4
0
-1
0
-1
-1
-1
-1
-1
0
-1
1
-1
0
-1
1
-1
0
-1
-1
0
0
-1
0
0
-1
-1
-1
-1
-1
-1
-1
-2
0
-1
-1
0
-1
-1
0
0
-1
0
-1
-1
0
1
-1
-1
0
-1
0
-1
-1
-1
1
0
1
-3
-1
0
0
-1
0
-1
-1
-2
-1
-1
0
-1
1
-1
0
-2
0
-1
0
-1
0
-2
-2
-2
-1
-1
-1
-2
-2
0
-1
-1
-3
-1
-1
-2
1
-2
-1
0
-1
-1
-2
-1
-1
-1
-1
-2
-1
0
-1
-1
-2
-1
-2
0
-2
-1
0
-1
-2
-2
-1
-2
0
-1
0
-2
-1
-1
0
0
-1
-2
0
-1
0
-1
-1
-1
-1
-1
0
-1
-1
-2
-2
-1
0
-1
-1
-1
-1
1
2
-1
1
-1
1
-1
0
-1
0
0
-1
-1
-1
0
-1
-1
-1
-2
-1
-1
-1
-1
-1
0
-1
-1
-2
-3
1
-1
0
-2
-2
-1
0
-1
-1
-2
-1
-1
-1
-1
-1
-1
-3
-2
0
-1
0
-1
-1
-1
0
-1
-1
0
-1
-1
-1
-2
0
-1
0
-1
-1
-3
-1
-2
0
-1
-1
-1
0
-2
0
-1
1
-1
-1
-1
0
-1
-1
-1
0
-1
0
-1
1
-1
0
0
-1
-1
-2
-1
-1
-1
0
0
-1
-1
-2
-1
-2
-1
-1
1
-2
-1
-1
-1
-2
-1
0
-1
-1
-2
-1
1
0
-2
-1
-1
-3
0
-1
-1
0
-1
-1
-1
-1
-1
-1
-2
-1
-1
1
-1
0
-2
0
-4
-1
-1
-1
-1
-1
-1
0
0
0
-3
0
-1
0
-4
0
-2
0
-1
-1
-1
-1
-2
-1
-1
-1
-1
-1
0
0
1
-1
1
-1
-1
0
1
-3
0
-1
0
1
0
-1
0
-1
-1
-1
-1
0
-1
-1
-1
0
-1
-1
-1
0
-1
0
-1
-1
-2
-3
0
-1
-1
0
-1
-1
-1
-1
-1
0
-1
-1
1
-1
-2
1
0
0
0
0
-2
-1
-3
-1
-1
0
-1
-1
-2
-1
-1
0
-1
1
-1
0
-1
-1
-1
-1
-2
0
0
-1
-1
-1
-1
0
1
-1
-1
-1
-2
0
-2
-1
-1
-1
-1
0
-1
-1
-1
1
-3
0
0
-1
-1
0
-1
-1
-1
-1
-1
1
0
-1
-1
-1
-3
1
-1
1
-3
-1
-3
-1
-2
-1
0
-1
-1
-1
-1
0
-1
1
-1
0
-1
-1
-1
0
-1
1
-2
-1
-1
-1
-1
1
-1
0
0
0
1
1
0
0
-1
-1
0
-1
0
0
0
-1
-1
-1
-2
-1
-1
0
-1
-1
-1
0
-2
-1
0
0
-1
1
0
-1
-1
-1
0
-1
1
-1
0
0
-1
0
-2
0
0
0
-1
0
0
-1
-1
-1
-1
0
-1
0
0
-1
-1
1
-1
0
-2
-1
-2
1
-1
1
-1
2
0
-1
-1
1
-1
0
1
-1
-1
-1
-1
0
-1
-1
-1
-2
-1
-1
0
-1
-1
0
-1
-1
-1
0
0
-1
-1
-1
-1
0
-1
0
-1
0
-1
-1
-1
0
-1
0
0
2
-1
0
1
-1
-2
-1
-1
1
0
-1
-1
1
-1
1
-1
0
-2
-1
-2
1
-1
-1
-1
1
-2
0
-1
0
-1
-1
-1
-1
-1
0
0
1
-1
1
-1
-1
-2
-1
0
1
-2
0
-2
0
-2
0
0
0
-1
-1
-1
-1
1
1
1
1
0
1
-1
-1
-1
1
-1
-1
1
-2
-1
0
0
1
-3
1
-1
0
-2
-1
-1
1
-1
-1
-2
-1
-1
-2
-2
-1
-1
0
-1
-1
-1
0
-1
0
-1
-2
-1
1
-1
1
0
0
-1
-1
-1
-1
-2
0
-1
0
-2
0
1
-2
-1
-1
0
-1
-1
0
-1
1
-1
-1
-3
0
0
0
-1
0
-1
-1
0
0
-1
1
0
0
-1
0
-1
-1
-2
0
-1
-1
-2
1
-1
-1
0
-2
0
-1
-1
1
-1
-3
-1
0
-1
0
1
-1
0
-2
-1
1
-1
-1
1
1
0
1
0
-1
-1
1
0
0
-1
1
-1
-2
1
1
-2
-1
-1
1
-1
-1
0
0
-1
-2
-1
-1
-1
-1
-1
-1
-1
-1
-1
0
-2
1
-2
-2
-1
0
0
1
-1
1
1
-1
-2
1
0
-1
-1
0
-1
-1
-1
0
-1
0
-1
-1
0
0
-1
-1
0
1
-1
-1
0
0
0
-1
0
1
1
1
-2
0
-1
0
-1
1
-2
-1
-1
-1
0
0
-1
-1
-1
-1
-1
1
-1
0
0
0
0
0
-1
1
0
-1
-2
1
1
-1
-1
1
0
-1
0
0
-1
0
-1
0
-2
-1
1
-1
-1
1
-1
1
-1
1
0
-1
-1
0
0
-1
-1
0
0
0
-1
0
-1
0
1
0
-1
0
0
-1
-1
0
-2
1
-1
1
-1
0
0
-1
-1
-1
0
-1
-2
0
-1
1
-2
-1
1
-2
-1
-1
-2
-1
1
-1
1
1
1
-1
-2
0
1
1
-1
1
-1
0
0
1
-2
-1
-1
-1
0
-1
0
1
-1
0
1
-1
1
-1
-1
1
-1
0
1
1
0
0
1
0
-3
-1
-1
0
0
-1
0
0
-1
0
-1
1
1
0
-1
1
-1
0
-2
-1
1
0
-1
-1
-1
-2
0
0
-1
0
-1
-1
-1
-2
1
-1
0
0
-2
-1
-1
0
-1
-1
1
0
-1
-1
-1
1
-1
1
-2
1
-1
0
0
-1
-1
1
1
-1
-1
-1
-1
0
-1
-1
1
1
-1
-1
1
-1
-1
-1
-1
1
0
1
-2
-1
0
-1
-1
1
-2
-1
-1
1
-1
-1
-2
1
-1
1
-1
1
1
0
1
-1
-1
-1
-1
-2
0
0
-1
1
1
1
-1
0
-1
1
-1
1
-2
0
-1
1
-1
0
-1
1
0
0
1
-1
-1
-1
1
1
-1
0
0
-1
-1
-1
-1
-1
-1
-1
0
1
1
0
0
-1
-1
-1
1
1
0
-1
0
0
-1
-1
-1
1
0
-1
0
1
-1
1
1
-1
-1
-1
1
-1
1
-1
1
1
0
0
-1
-1
-1
-1
-1
3
0
0
-1
-1
-1
0
-1
-1
-1
-1
-1
-1
-1
-1
1
-1
0
1
0
-1
-1
-1
-1
1
-1
-1
-1
-1
-2
-1
-2
-1
0
0
-1
-2
-1
-2
1
-1
0
0
0
0
-1
1
-1
-1
0
0
0
-1
-1
-1
0
0
0
0
-1
0
1
0
1
1
1
0
0
0
-1
1
1
-1
1
0
-1
0
0
-1
1
-1
0
0
0
0
0
-1
0
0
-1
1
-1
1
-1
0
-1
0
-1
1
3
-2
0
0
1
0
0
-1
-2
0
0
-1
1
0
-1
0
0
-3
-1
0
0
-1
1
-1
-1
3
-1
-1
0
0
-1
1
0
-1
-1
-1
-2
-1
-1
0
-1
0
-1
-1
0
0
-1
-1
1
1
-1
0
0
0
1
-1
0
0
-1
-2
0
-1
0
0
0
1
1
-2
1
0
0
-1
0
0
0
-1
0
1
0
1
-1
-1
0
-1
-3
-1
-1
0
0
-1
-1
0
0
-1
-1
1
-1
1
1
1
-1
-1
-1
-1
0
-1
0
-1
-1
-1
-1
-2
1
0
-1
0
0
-2
-1
-1
-1
0
-1
1
1
-2
0
-1
1
-1
-1
-1
0
-1
0
0
1
0
-1
-1
-1
-1
-1
0
-1
-1
0
-1
-1
-1
-1
0
-1
1
-1
-2
0
-1
1
-2
-1
1
0
0
0
0
1
0
-1
-1
1
0
-1
-1
0
-2
0
-1
0
-1
-1
0
0
-1
-1
-1
1
0
1
1
0
-1
1
-1
-1
0
0
-1
-1
-2
0
-1
0
-1
-1
-1
1
-1
-1
-1
-1
-1
0
1
-1
-1
1
0
-1
-1
0
-1
1
-1
1
-1
-1
-1
1
-1
0
-1
-1
-1
0
-1
-1
0
0
0
-1
-1
1
-3
-1
-1
0
-1
0
-1
-1
-1
-2
1
-1
-1
-1
-1
-1
-1
-1
0
-1
0
0
-1
0
0
1
-1
0
-1
0
-1
1
-1
1
0
1
-1
-1
-1
-1
-1
0
-1
-1
1
1
1
0
-1
-1
-1
0
0
-1
-1
-1
0
0
1
0
-1
-1
-2
-1
-1
1
0
-1
-1
0
-1
1
-1
1
0
0
-1
1
1
-1
1
0
-1
0
-1
0
0
0
0
0
-1
0
0
-1
-1
-1
1
-1
-1
0
0
-1
-1
-1
-2
0
-1
1
0
-1
-1
-1
0
-1
0
0
-1
1
1
1
-1
-1
-1
-1
-1
1
1
-1
1
-1
-1
-1
0
-1
-1
0
-1
-1
-2
0
-1
1
-2
1
-1
0
0
-1
-1
1
-1
-1
-1
0
-1
-1
0
0
0
-1
0
1
-1
1
-1
-1
0
-1
0
1
-1
-1
0
1
1
0
-1
-1
0
0
-1
-1
-1
0
-1
-1
-1
0
0
-1
-1
-1
0
0
-1
-1
1
0
-1
1
-1
1
-1
-1
-1
1
1
0
0
1
0
1
-1
1
0
0
-1
0
0
0
-1
-1
1
-1
0
1
0
-1
0
0
-1
0
-1
0
0
-1
0
-1
-1
0
0
1
-1
-2
0
1
0
0
1
-1
-1
-1
-1
1
0
-1
0
0
-1
-1
-3
1
-1
0
-1
0
-1
-1
0
0
0
-2
-1
-1
0
-1
-1
0
-1
-1
0
-1
-1
0
1
0
-1
1
-1
0
1
1
-2
-1
1
-1
1
-1
-1
0
1
1
0
1
-1
-1
1
-1
0
1
0
0
-1
1
-1
-1
-1
0
0
0
-3
0
0
1
0
-1
0
1
-1
1
-1
0
-1
1
-2
0
0
1
-1
0
-1
0
-2
0
0
0
-1
-1
-1
1
-1
0
0
-1
-1
1
-1
-1
-1
0
0
1
0
1
0
0
-1
1
-1
1
-1
1
-1
1
-1
-1
-1
-1
-1
1
-1
0
-1
1
-2
2
-1
0
-1
1
-1
-1
-1
1
-1
1
0
0
-1
2
-1
0
-1
-1
-1
0
-1
1
-1
0
-1
-1
-1
-1
-1
1
-1
0
-1
0
-2
0
-2
-1
-1
1
-1
1
-1
-1
-1
-1
-1
-1
-1
-1
1
0
-1
-1
1
-1
0
0
-1
-1
-1
-1
-1
0
-2
0
1
0
-1
-1
-1
-1
-1
0
0
-2
-1
-1
-1
-1
0
-1
-1
1
0
-1
0
0
-1
1
-1
1
1
1
-1
-1
-3
-1
0
-1
0
0
-1
0
-1
-1
0
1
0
0
-2
-1
-1
1
0
0
-1
0
-1
0
0
-1
-1
-1
-1
1
-1
-1
-1
-1
-2
1
-1
1
-1
0
-1
0
-1
2
-2
-1
-1
-1
0
1
1
0
-1
1
-1
-1
-1
0
-3
1
1
-1
-1
1
-1
0
-1
0
-1
-1
0
0
-2
1
-1
-1
-2
0
-1
1
-1
-1
1
-1
-1
0
-1
-1
0
-1
-1
-1
-1
0
-1
1
-1
0
-1
-2
-1
1
-1
-1
-1
-1
0
0
-1
-1
0
-1
-1
-1
-1
0
-1
-1
-3
1
-1
0
0
-1
-2
-1
-1
-1
-2
-1
0
-1
0
0
-1
0
-1
-1
-1
0
-1
0
0
0
-1
0
-1
-1
-1
1
-1
0
-1
1
-2
0
-3
-1
-1
0
-1
0
-1
1
0
-1
-3
0
-2
0
-1
-1
-1
0
-1
-1
0
0
-1
0
-1
-1
-1
0
-1
-1
-1
0
0
-1
-1
-2
0
0
-1
0
-2
-1
1
-1
-1
1
-1
-1
-1
-1
0
1
-1
0
-2
0
0
0
-1
-1
0
1
0
-1
-2
-2
-2
-2
-1
1
-1
-1
-1
-1
0
0
0
-1
0
-1
-1
1
-1
0
0
1
0
0
-1
0
0
-1
0
-1
-1
0
-1
-1
-1
0
0
-1
-1
0
-1
-1
-1
-1
-1
-1
0
1
0
-1
-1
-1
-1
0
-2
1
-1
-1
1
1
-1
-1
-1
-1
-1
-1
-2
0
-1
1
-1
-1
-1
0
-1
1
0
0
-1
-1
0
0
-1
1
-1
1
-1
-1
0
0
-1
1
-1
-1
-1
-1
0
0
-1
-1
0
0
-1
-1
-1
-1
-1
-1
0
-1
-3
-1
0
-1
-2
-1
-1
0
-1
-1
-1
0
-2
0
-1
0
-2
0
0
1
0
-1
-1
1
-1
-2
0
0
-1
-1
-1
0
1
-1
0
0
0
-1
-1
-1
0
0
-1
1
-1
1
-2
-1
-3
0
0
0
0
1
-1
-1
-1
0
-2
-1
-1
-1
0
1
-1
0
-1
1
-1
-1
-1
0
-1
1
-1
-1
-1
-1
-1
-1
-1
-1
-2
-1
-1
-1
-1
0
-1
-1
-2
0
-1
-1
-1
-1
-1
0
-3
0
-4
1
-1
1
-1
1
-1
1
-2
1
-2
-1
-2
-1
-3
-1
0
-1
-1
0
-1
-1
-1
0
-1
0
-2
-1
-2
1
-1
1
-1
0
-1
1
-1
-1
-1
-1
-1
0
-1
0
-2
0
-1
0
-1
-1
-2
0
-3
0
-2
-1
-1
0
-1
1
-2
1
-1
1
-2
0
-1
-1
-2
1
-1
-1
-3
0
-3
1
-1
-1
0
0
-1
0
-1
-1
-1
-1
-1
1
-1
-1
-2
0
-3
-1
0
0
0
-1
-2
-1
-2
-1
-1
1
-1
-1
-1
0
0
1
-1
-1
-1
-1
-1
0
0
0
-1
0
-1
-1
-2
-1
0
-1
-1
0
-2
-1
-1
0
0
0
0
1
-2
1
-1
-1
-1
-1
-1
0
0
-1
0
0
-1
-1
-1
0
-4
1
-1
-1
-1
-1
-2
-1
-1
1
-1
0
0
-1
-2
0
0
0
-1
0
-1
-1
-1
-1
-1
-1
-1
-1
-2
-1
-3
0
0
1
-2
-1
-1
1
0
-1
-1
-1
-2
-1
-1
-3
-1
-1
-1
-1
-1
-1
-2
-1
-2
0
-2
-1
1
0
-1
0
-2
1
1
-1
-3
0
-1
-1
-1
-1
-3
1
-1
0
-1
-1
-1
-1
-1
-1
-1
-1
0
-1
-1
-1
-1
-1
0
0
-2
-2
-2
-1
-1
-1
-1
-1
-2
-1
0
-1
-1
0
-1
-1
-1
-2
0
0
1
-1
-1
0
-2
0
0
-1
-1
-1
-1
-1
0
-1
-1
1
-1
-1
-2
0
0
0
-1
0
-1
-1
0
-1
-2
-1
0
-1
-1
-1
-1
1
-1
0
-2
-1
-1
1
-1
0
-3
-1
-1
-1
-1
-1
-1
-1
0
-1
-1
-1
-4
1
-1
0
0
0
-1
-1
-3
0
-2
-1
-1
0
-2
-1
0
-1
-1
0
-1
1
-2
-1
-1
0
-1
-2
-1
-2
-1
1
-2
-1
-3
-43
356
21
-361
360
1
17
360
39
356
-62
-358
-82
-355
-348
100
-341
119
-334
140
-162
-325
-179
-314
-303
196
213
291
229
276
262
-248
-250
260
274
231
288
216
-303
-199
312
180
320
161
-146
330
337
122
-344
-106
351
83
-64
354
42
-358
358
21
-3
359
-21
-361
-41
-358
60
356
-81
-352
102
346
339
-123
140
330
-325
161
-314
180
302
-197
289
-215
231
277
-249
-265
-249
262
-233
274
-218
289
-301
-199
180
-313
-323
-163
-332
-145
340
124
104
-346
-351
-83
-356
-64
-43
358
-21
360
358
0
21
360
-41
-358
63
354
84
349
-345
101
-122
-339
333
-145
-161
-322
182
312
-197
-302
292
-217
-275
230
-261
247
-247
263
233
-280
-290
-215
-303
-200
-179
313
162
-325
142
-334
-124
337
346
103
83
-354
355
58
41
-362
-20
358
1
360
22
356
-359
40
-356
61
-351
81
105
344
-124
-342
144
327
-322
162
-182
-313
-302
199
-288
213
235
274
261
-250
247
-267
230
-278
291
212
301
194
-314
-180
-161
322
-332
-144
120
-341
-346
-104
-352
-81
59
-358
-40
355
359
17
-363
-1
23
356
44
356
354
-66
86
348
106
344
-339
125
144
328
163
320
183
309
298
-201
216
287
-276
233
259
-251
263
246
-230
278
-216
291
-197
303
-178
313
158
-324
-142
332
120
-342
345
100
-83
351
-62
355
358
39
18
-360
359
-4
-361
24
358
-45
351
-67
-86
-349
-109
-345
338
-127
328
-147
320
-166
-311
183
-201
-299
-288
218
-236
-274
-252
-260
245
-265
-227
276
-291
-214
304
193
-315
-178
157
-325
335
139
120
-341
-348
-101
-351
-80
356
57
358
35
361
16
-359
4
25
358
46
356
-356
66
349
-89
107
343
-337
126
331
-149
-165
-320
-185
-312
-202
-302
-218
-288
273
-237
258
-252
-244
265
228
-281
292
210
-194
301
315
175
-325
-159
-138
330
-118
339
-348
-101
-78
351
-357
-60
-38
357
15
-363
-6
-363
-359
25
-48
-361
-68
-357
-351
86
-110
-346
129
335
-330
147
-320
164
-310
182
-299
201
-286
218
-238
-276
-258
250
-245
265
226
-284
210
-295
-306
-194
-177
313
324
154
332
137
339
115
95
-350
-354
-79
355
52
-360
-37
-15
359
-363
6
358
-29
-358
47
352
-74
88
347
-348
109
-338
129
327
-152
-322
167
-311
185
202
296
-288
221
-239
-272
250
254
-269
-245
226
-283
208
-295
304
192
315
172
-327
-156
134
-335
341
115
-1
-2
0
0
-1
-1
-1
-2
-1
-2
-2
0
-2
-1
-2
-2
298
199
310
182
320
165
330
144
337
127
343
105
350
85
355
65
356
45
361
23
-361
-4
361
-21
358
-39
357
-60
353
-81
349
-101
-339
120
332
-142
322
-161
314
-180
-305
197
292
-215
-276
231
266
-247
-250
261
235
-276
218
-291
-198
299
-181
312
165
-322
145
-333
127
-341
-103
344
-83
350
-63
354
45
-363
-20
357
2
-363
21
358
-41
-362
-61
-361
-83
-354
-102
-350
-124
-344
-142
-336
-160
-328
180
309
199
299
-218
-293
-233
-282
-247
-267
264
244
-278
-235
288
211
298
194
311
177
319
160
329
141
337
122
343
101
349
81
-360
-66
357
40
-363
-25
