199
-308
227
203
-310
-244
180
-315
168
-323
150
-334
304
139
112
-347
328
105
-107
342
58
-361
37
-365
-45
353
345
6
-26
-363
-47
-363
-370
51
-87
-357
-108
-351
-127
-344
-146
-334
315
-153
305
-173
296
-192
197
296
214
284
-279
242
-265
258
229
-268
211
-282
-214
299
-198
313
-324
-172
146
-328
125
-337
107
-346
343
93
-358
-71
-362
-51
-366
-30
-13
362
-17
-360
-365
33
354
-53
69
352
-353
95
337
-117
330
-134
151
327
170
317
-310
191
-213
-295
-285
225
265
-242
255
253
-273
-240
281
221
-209
296
306
186
166
-320
-332
-151
128
-338
109
-345
-94
349
352
68
-51
356
-30
358
6
-363
13
358
-359
33
356
-57
-78
-354
-97
-349
-117
-344
-336
133
-157
-327
-318
172
-192
-307
-211
-295
225
280
-269
239
255
251
271
235
284
219
201
-299
-310
-188
-321
-171
-151
326
334
129
107
-346
-92
349
67
-356
46
-360
-30
360
-364
-8
-362
12
357
-36
52
356
74
351
96
346
-119
-341
134
334
325
-158
-319
175
303
-193
-295
209
-230
-280
240
266
-255
256
271
236
284
218
-205
298
-311
-185
-168
320
-331
-151
127
-337
-346
-110
87
-350
-356
-69
356
46
0
0
0
-1
-1
-1
-2
-1
-1
-1
-1
1
-1
-1
-1
0
0
-2
-1
0
-1
-1
0
0
-1
-1
-1
-1
-1
-1
-1
0
0
-1
-4
-3
-1
-2
-2
-1
0
-1
-3
-1
-2
-1
-1
-2
-2
-1
-1
-1
0
-3
0
0
-1
-1
-3
-2
-1
-2
0
-1
-1
0
0
-1
-1
-2
-1
0
-1
-1
-2
1
-2
0
0
0
-1
-2
-1
1
-2
1
-2
-1
0
-1
-1
-1
0
-1
-1
-1
-1
-1
-1
-1
-2
-1
-1
-1
-1
-1
0
0
0
1
0
-1
0
-2
-1
-3
-1
0
-1
0
-1
-1
-3
-1
-1
-1
-2
-1
-1
1
0
-1
-1
0
-1
-1
-1
-1
-1
0
-1
-1
-1
-1
-1
-1
1
-2
-2
-1
-4
1
-1
-1
-2
-1
-1
-1
-1
1
-2
-1
-1
-3
-2
-4
-1
0
-1
-1
-3
-4
-2
0
-2
-1
-3
0
-2
-2
-3
-1
-1
-1
-3
-1
-1
0
-3
-1
-3
0
0
0
-3
-1
-1
-1
-1
1
-1
0
-2
-1
-4
1
-2
-1
-3
1
-1
-1
-2
-1
-3
0
-1
0
-1
0
-2
1
-4
1
-1
0
-1
1
-1
1
-2
0
-1
0
-1
0
-1
0
0
0
0
0
0
-1
-2
0
0
0
-1
-1
-4
-1
-1
1
1
0
-1
0
-2
-1
-1
0
-1
-1
-2
-1
-1
1
-1
-1
-2
-2
-1
-1
-3
-2
-1
-1
-3
-1
0
0
-1
-1
0
0
1
-1
-1
0
0
-1
-1
-2
-2
0
-1
-1
-1
-1
0
1
-1
-1
-1
-1
-1
-2
-1
-2
-1
-2
0
-1
0
1
-1
-1
-2
-2
-1
-1
-1
-1
-1
0
-1
-1
0
-1
-1
-1
0
0
-2
-1
-1
-1
-1
-1
-2
-1
-1
-2
-1
-2
0
-1
0
-1
-3
-1
-2
-1
-3
-2
-2
-1
-2
-1
-3
-1
-2
-2
-1
-3
-2
0
-4
-1
-2
0
-1
1
-4
0
-4
-1
-3
-1
-2
-1
-2
-1
-4
-1
-1
-1
-1
-1
-3
0
-4
-1
-3
-1
-1
-2
-4
-2
-1
1
-3
-1
0
-1
-1
-1
-1
-1
-2
0
-2
-1
-3
-1
-1
1
-3
-1
-2
-1
-1
-1
-2
-1
-1
0
-2
-1
-1
-1
-1
-1
-1
-1
-1
-1
-3
-1
-1
-2
-1
1
-1
0
-1
1
0
-1
-1
1
-1
-1
-1
0
-1
-1
-1
-1
0
0
0
1
-2
1
-1
1
-3
-1
-3
0
-1
-1
-1
-1
-1
0
0
-1
-1
0
-1
1
-1
-1
-1
1
0
1
-2
1
-1
-1
1
0
-1
-1
-1
-1
0
1
-1
1
-1
-1
-2
-1
-1
-1
-1
1
-1
1
-2
0
-1
-2
-1
-1
-1
-1
-1
0
0
-1
-1
-1
0
0
0
-1
-1
0
-1
-4
0
-1
-1
-1
-1
-1
-1
-2
-2
0
-1
0
-2
-1
0
-1
-1
-1
-1
-1
-1
-2
0
0
-3
-1
0
-1
-1
-1
-2
1
0
0
0
-1
-1
-1
-1
-1
-1
-1
-1
0
-1
0
-1
1
-1
1
-2
-2
-2
-1
-2
0
-1
0
-2
-2
-1
1
-1
1
-1
-1
-1
0
0
0
-1
-1
-1
1
-1
-1
-1
1
-1
-1
-3
1
-3
1
-2
0
-1
-1
-1
0
-2
-1
0
-2
-3
0
-2
-1
-2
-1
-1
1
-1
-1
-1
-1
-2
0
-2
0
-1
-1
-1
-1
0
0
-1
-1
-1
-1
-1
0
-2
0
-2
0
-1
0
-1
0
-1
1
-1
0
-1
-1
-2
-1
-1
-1
-2
-1
-2
0
0
-1
-1
0
-3
-1
-1
-1
-1
0
-1
0
0
1
-1
-1
0
0
-3
-2
-1
-2
-1
-1
-1
-1
-1
-2
-2
-1
0
-1
-1
-1
1
0
-1
-1
-1
-1
-1
-1
-1
-1
-1
0
-1
-1
-2
-1
-1
-1
-2
0
-1
0
-1
-1
-1
-1
-2
-1
-1
-1
-1
1
-1
0
0
-1
-3
1
-3
1
-2
-2
0
-1
-1
-1
-1
0
-1
-1
-2
-1
-2
-1
-2
-1
0
1
-1
0
-1
-1
-1
-1
-1
1
-1
-2
-1
0
0
1
-1
0
-1
-1
-1
-1
0
0
0
0
0
-2
-3
1
-1
-1
1
-1
1
0
-1
0
-1
-1
-2
0
-1
0
-1
0
-1
-1
-1
0
-1
0
-1
-1
-2
1
-1
0
-1
0
0
-1
-1
0
-1
1
-1
1
0
-1
-1
-1
-1
-1
0
-1
-1
0
-1
0
-1
0
0
-1
-1
1
-1
0
0
-1
0
-2
-1
-1
1
-1
-1
-1
-1
1
-2
-1
-1
-1
-2
1
0
1
-1
-1
-1
1
-1
0
-1
-1
-2
-1
-1
1
-1
-1
-1
1
-1
-1
-1
-1
-1
1
-1
-1
-3
-1
-1
1
-1
-1
-1
-1
-2
-1
-1
0
-1
-1
-1
0
0
1
-1
0
-1
0
0
-1
0
0
-1
-1
-1
1
-1
1
-4
-1
-1
-1
-1
0
-1
0
0
-2
-1
1
-1
0
-1
-1
0
0
-1
-1
-1
1
-1
1
0
1
-2
1
-1
0
0
0
-1
0
-2
0
-1
-1
-1
0
0
0
-2
1
0
0
-1
1
-2
1
-1
0
-1
0
-1
0
-1
0
-2
0
-4
-1
1
-1
-1
0
-1
-1
0
0
-1
-1
-1
-1
-1
-1
0
-1
-1
-1
0
-1
1
-1
-2
0
0
0
1
-1
0
-1
-2
0
-2
0
-1
-1
-1
-1
-2
1
-1
0
-1
0
-1
0
-1
1
-1
-1
-1
1
-1
0
-1
-1
0
0
1
-1
1
0
0
-1
0
1
0
0
0
1
-1
-1
-1
-1
0
0
-1
0
-1
-1
-1
-1
-1
-1
0
-1
-1
1
-1
-1
-1
-3
-1
-2
0
1
-1
1
0
0
-1
-1
-1
0
0
1
0
-1
0
-1
-1
1
-1
1
0
0
-1
0
-1
0
1
-1
-1
0
0
-1
-1
0
-1
-1
-1
0
-1
-1
-1
0
-1
0
-1
1
-1
1
-2
-1
-1
-1
-1
-1
-1
0
0
-1
0
1
0
-1
-3
-1
-1
0
-1
1
-1
-1
0
0
-1
-1
-1
0
1
1
1
0
0
-1
1
0
1
-1
-1
1
-1
-1
-1
1
-1
-1
-1
1
0
0
-1
0
0
0
-1
0
-1
-1
0
1
-1
0
-1
1
-1
-1
1
-1
1
1
0
0
-1
-1
-1
0
-1
1
-1
1
-1
-2
-1
0
-1
1
1
1
-1
1
-1
-1
-2
-1
-2
0
0
-1
-1
0
-2
0
-1
-1
-1
1
0
1
-1
0
-1
0
-2
0
-1
-1
-2
-2
1
0
-1
-2
0
0
-1
0
0
-1
0
-1
-1
-1
-1
-1
-2
1
0
-1
-1
0
1
-1
0
0
-1
1
-2
-1
-2
1
-1
1
-1
0
-2
1
-2
1
0
0
-1
0
-1
-1
-1
0
-2
1
-1
-1
-1
-1
-2
0
-1
0
-1
-1
-1
0
-2
-1
-1
-1
-1
-1
-1
-1
-1
-2
0
-1
-1
-1
-1
1
0
0
-1
0
-1
-1
-1
0
-1
-1
-1
-1
1
-1
1
0
-3
0
-1
1
-1
0
-1
-1
0
-1
1
0
-2
1
-1
0
0
-1
-1
-2
-2
1
1
-1
-1
-1
-2
0
-1
-1
0
-2
0
0
0
0
-1
0
0
0
-1
0
0
-1
-1
1
-1
-3
-1
-1
-1
0
0
-1
1
-1
-2
0
-1
0
1
0
-1
-1
1
-1
-1
0
-1
-1
0
-3
-1
-1
1
0
1
0
0
0
-2
1
-1
0
-1
1
-1
1
0
-1
1
-1
-1
1
1
-1
-1
0
-1
-1
2
0
1
-1
0
0
1
-1
0
-2
-1
0
-1
1
0
0
-1
0
-2
-1
-2
-1
1
-1
-1
1
0
0
1
0
-1
-1
-1
-1
-1
-1
-1
1
-2
-1
-1
-1
-1
-1
0
-1
-1
-1
-1
-1
0
1
-3
0
0
-1
-1
-1
-1
1
-1
-1
-2
1
-1
1
-1
-1
-1
1
-1
-1
-1
0
1
0
-1
1
-2
0
-1
1
-2
1
-1
-1
-1
1
-1
1
-1
0
-1
0
-2
-1
-1
-1
0
0
-1
1
0
0
0
1
-1
-1
-1
0
-1
0
1
-1
1
1
0
-2
-1
-1
0
0
-2
2
1
-1
1
-1
-1
1
-1
0
-1
1
0
0
-1
-1
-1
1
-1
-1
0
0
0
1
-1
1
-2
-1
-1
-1
0
0
-1
-1
-1
-1
0
-1
1
-1
1
-1
-1
-1
0
0
-1
-1
0
0
-1
-1
-1
-1
1
0
0
1
-2
1
1
-1
0
1
-1
1
1
-1
0
1
-1
0
1
1
-1
-1
-1
1
-1
-1
-1
1
-2
1
0
0
-1
-1
1
-2
0
-1
-2
0
-1
-1
-1
0
1
-1
0
0
0
-1
-2
0
-3
0
0
0
0
-1
-1
0
-1
-1
-1
0
-1
-1
0
-1
0
-1
-1
-1
-1
1
0
0
0
0
-2
0
-1
0
-1
1
-1
1
-1
-1
1
-1
0
-1
-1
-1
-1
-1
-1
-1
1
0
1
1
0
-1
-2
0
-2
-1
0
1
1
-1
1
1
0
-1
-1
0
0
0
-1
0
-1
-1
-1
-1
0
1
-1
1
0
1
-1
1
-1
-1
-1
0
1
0
-1
-1
-1
1
-2
1
1
1
-1
-1
1
-1
-1
-1
-1
-1
0
-1
-1
-1
1
1
1
0
-1
1
-1
1
0
1
-1
0
1
1
-1
1
1
-1
0
1
-1
0
-1
0
0
0
1
0
0
-1
1
0
1
-2
-1
-1
1
-1
-1
-1
0
0
-1
-1
0
-1
-2
-1
-1
0
0
-2
0
-1
0
1
-1
-1
0
-1
1
-1
0
0
0
1
1
0
-1
0
-1
-1
0
-1
-1
-1
0
-1
-1
0
0
0
0
0
-2
-2
-1
0
-2
-1
0
0
-1
-2
-1
0
1
-1
-1
1
-1
-1
0
-2
-1
0
1
-1
-1
-1
1
-1
0
0
1
-1
1
-1
0
1
-2
-2
-1
-2
-1
0
0
1
-1
-1
-1
-1
-1
0
1
0
1
-1
0
0
0
-1
0
-1
-1
-1
-1
0
0
-1
-1
-1
1
-1
-1
1
1
0
1
0
-1
0
-1
-1
-2
0
-1
-1
0
-2
-1
1
-2
1
1
0
-1
1
-1
-1
-1
-1
1
-1
-1
-1
-1
0
-1
-1
-1
0
-1
1
-1
1
-2
-1
-1
-1
-1
1
-1
0
0
0
0
0
1
-1
0
-1
-2
-1
0
0
1
-2
1
0
-1
0
-1
-1
1
0
-1
1
-1
0
-2
0
0
-1
0
-1
1
1
-1
-1
1
1
-1
0
-2
-1
-1
-1
-2
-1
-1
-1
-1
1
0
-1
0
0
0
-1
-1
-1
1
1
0
-1
-1
0
0
0
0
1
-1
-1
-1
0
1
1
1
-1
-1
0
0
-1
-1
-1
1
0
-1
-1
1
-1
0
-1
1
-1
0
1
-1
-1
-1
0
1
-1
1
0
0
-1
0
0
-1
-1
-1
-1
-1
1
0
0
-1
-1
-2
-1
1
-1
1
0
-1
-1
0
-1
-2
-1
0
1
-1
0
0
-1
1
-1
-1
1
0
0
-1
-1
0
0
0
0
-1
-1
-1
-1
-1
1
-1
-1
0
-1
-1
-1
1
0
-1
-1
-1
0
0
0
-2
-1
1
-1
-1
0
1
-1
0
-1
-1
0
-1
-1
1
-1
0
-1
-1
-1
0
1
1
-1
0
-1
1
-1
-1
-1
2
-1
0
-1
1
0
1
1
0
0
1
-1
1
0
-1
0
1
0
-1
-1
1
-1
-1
-1
1
1
-1
0
-1
0
-1
-1
1
1
0
-2
0
-1
-1
1
0
0
-1
0
-1
0
-1
-1
-1
-4
1
-1
-1
1
-1
-1
-1
-1
0
-1
-1
-2
-1
1
-1
-1
0
0
-1
-1
-1
-1
-1
-1
0
-3
1
-1
-1
-1
3
1
-1
-1
1
-1
-1
-1
1
-1
0
0
1
-1
-2
-1
1
-2
-1
-1
0
0
1
-1
-2
1
0
-2
0
0
1
-1
0
-1
-1
-2
-1
-1
0
-1
1
2
-1
0
0
-1
0
-1
0
0
0
-1
0
-1
0
-1
1
-1
-1
-1
1
-1
0
0
0
-1
0
0
1
0
0
-1
0
-1
0
0
0
-2
-1
-1
2
-1
-1
-1
-1
-1
0
-1
1
0
-1
-1
0
0
-1
-1
-1
-1
1
1
0
-3
1
-1
1
-2
1
-2
0
-1
0
-1
-1
-1
0
0
0
-2
0
-2
-1
-1
0
-1
0
-3
0
-1
0
-1
1
-1
-1
-1
0
-1
1
-1
0
-2
0
1
1
0
-1
-1
-1
-1
0
-2
0
-1
0
-2
1
0
-1
-1
1
-1
-1
-3
-1
0
0
-4
0
-2
1
1
-1
-1
-1
-2
1
-1
1
-1
0
0
-1
0
-1
0
-1
-2
-1
-1
-1
-1
1
1
0
-2
-1
1
1
-1
1
-1
1
-1
1
0
0
0
1
0
1
-1
-1
-2
0
-1
1
-1
0
0
1
-1
1
-1
-1
1
1
-1
-1
-1
-1
0
1
0
0
0
0
-1
1
-1
-1
-1
2
0
0
0
-1
-1
0
-1
0
-1
-1
-1
1
-1
-1
-1
0
-1
-1
-1
0
-1
-1
-1
-1
0
1
-1
-1
-1
-1
-1
0
-3
-1
-1
1
0
1
-1
1
-1
-1
-1
-1
-1
0
-1
0
-2
0
0
-1
1
0
0
0
-1
0
-1
1
-1
-1
-1
-1
-1
0
-1
-1
-1
0
0
0
-1
-1
0
1
0
-2
-3
0
-1
-1
-1
-1
-1
0
-1
-1
0
0
-1
-1
-2
1
-1
-1
-1
0
0
0
0
-2
-3
-2
-1
1
0
0
0
0
0
-2
0
0
-1
-1
-1
-1
1
-1
-1
1
-1
-1
0
-1
-1
-1
0
0
-1
0
-2
-2
-1
0
-1
0
-1
0
0
1
-2
2
-1
0
0
0
-1
1
-1
-1
1
-1
-1
1
-1
1
0
1
-1
0
-1
-1
-1
-1
0
0
-1
-1
-1
1
-1
0
-1
0
1
0
0
0
0
-1
-1
0
-1
0
-2
1
-1
-1
-1
0
0
1
-1
-2
0
-1
-1
0
-2
0
-1
1
-2
0
-1
0
-1
1
-1
-1
-1
0
-1
-1
-1
0
-1
0
-2
0
-1
-1
-4
1
-2
-1
-1
-1
-1
0
-1
-1
0
1
-1
0
0
-1
-1
0
-1
-1
-1
1
-2
1
0
0
-1
0
-1
-1
-1
1
0
1
-1
1
-1
0
-2
-1
-3
0
-2
0
-1
0
-1
-1
-1
0
-2
-1
-2
-1
-1
-1
-1
0
-2
0
-1
0
0
-1
-2
0
-1
-1
-1
-1
-1
-1
0
-2
-1
-1
-1
1
-1
-1
1
-1
1
-1
0
0
0
2
-1
-1
-1
-1
-1
-1
-2
-1
-1
-1
-1
-1
-1
1
-1
0
-2
-1
-1
-1
-1
0
0
0
0
-1
0
-2
-1
-1
-1
0
-1
-1
-2
-1
-1
0
-1
0
-1
0
-1
0
-2
1
-4
-1
0
0
-1
-2
-1
0
-3
1
-2
0
-2
-1
-4
1
-2
-1
0
-1
-1
1
-3
1
-3
1
-1
-1
-1
-1
0
-1
-2
0
-1
-1
-2
0
-1
0
-2
-1
-2
0
-2
-1
-1
1
-3
0
-1
1
-1
-1
-2
0
-3
0
-1
-1
-1
-1
-1
-1
-3
-1
-1
-1
-1
-1
-2
0
-1
0
-2
1
1
0
-3
0
-3
-1
0
-1
-1
-1
-1
0
-2
-1
-1
-2
-1
1
0
-2
-1
-1
-1
0
-1
1
0
0
-4
-1
-2
-1
-1
0
0
-1
-1
1
-1
0
-1
0
-1
-1
-1
-1
0
-1
-2
-1
-1
-1
-1
0
-1
-1
0
-2
-1
0
-1
0
-2
-1
-1
-2
-1
0
-3
-3
-2
0
0
0
-2
0
-4
-1
-1
-1
0
0
0
0
-2
0
0
-1
0
0
-1
0
-1
-1
-2
-1
-1
-1
-1
-1
-2
0
1
-1
-2
-1
-1
0
-1
1
-2
-1
-1
-2
-1
-1
-1
0
-1
-1
-3
0
-1
-1
-2
-1
-1
0
0
-2
-1
-1
-1
0
-1
-1
-2
-1
-1
-1
-1
1
-1
-1
-1
-1
0
-1
-4
0
-1
0
-1
-1
-1
0
1
-2
1
0
0
0
-1
0
-2
0
-1
1
-1
1
-1
1
0
1
-1
0
0
0
0
1
-1
0
0
0
-1
-1
-1
-1
-1
0
-1
-1
-1
-1
-1
-1
-1
-1
0
-1
-1
-1
-1
-1
-1
-1
-1
1
-1
-1
-1
0
-1
-1
-1
-1
-2
1
-1
-1
-2
-1
-1
-1
-1
-1
-1
1
-1
-1
0
-1
-1
0
-1
-1
-1
-1
-1
-1
0
1
-1
-1
-2
0
0
-1
-1
2
-1
-1
-1
-1
0
-2
0
0
-1
1
-1
-3
-2
1
-1
-1
-2
-2
-2
-1
-1
-1
-2
0
-3
-1
-1
0
-1
-1
-2
0
-2
0
-1
1
0
1
-1
0
0
-359
-46
22
-363
-4
360
-361
18
-360
39
354
-61
351
-82
-347
100
119
339
333
-142
323
-161
178
313
-197
-303
-293
212
-278
230
245
263
-250
260
232
-276
-218
289
-202
301
181
-313
320
161
144
-331
-124
339
-105
343
-353
-84
-356
-63
42
-360
-361
-24
360
-1
19
362
-361
40
-62
-356
352
-83
-103
-348
-123
-339
140
332
-162
-322
312
-180
197
302
214
290
231
276
262
-249
247
-263
232
-276
216
-291
-199
301
181
-311
322
162
143
-335
-123
338
-103
345
-84
350
-62
354
-42
356
21
-361
360
0
-22
-361
-42
-361
-357
63
83
349
-344
103
-125
-340
332
-144
324
-163
-312
180
-198
-302
-215
-291
-231
-279
-260
246
-263
-249
-276
-232
-289
-216
-302
-201
180
-315
323
159
-330
-145
123
-342
-102
343
-351
-84
62
-358
359
38
362
18
2
360
-358
18
358
-45
-354
61
-351
82
104
343
-339
123
-144
-333
-163
-327
-182
-313
199
298
288
-219
-233
-280
-262
245
-247
262
-276
-235
291
211
-305
-197
-314
-180
159
-325
332
138
-122
337
-103
344
82
-354
-356
-62
-41
357
-21
358
-4
-362
358
-28
-45
-361
-65
-357
83
349
105
344
-126
-340
-331
144
163
320
-312
182
198
298
216
288
231
274
-263
249
243
-265
-232
277
-215
291
194
-303
175
-314
-163
324
332
141
338
119
100
-345
78
-351
354
60
357
37
359
17
-4
-359
24
360
358
-45
66
356
-88
-351
-107
-345
-339
127
330
-146
164
320
-185
-312
199
299
-218
-287
274
-233
260
-251
-245
264
-229
277
212
-293
-303
-195
-315
-179
158
-325
-332
-139
-118
339
100
-348
78
-352
-355
-59
-358
-40
-16
358
4
359
25
358
-358
46
66
353
-349
86
108
342
337
-131
146
328
-321
165
-310
182
202
296
-286
216
-235
-273
-260
250
-266
-247
-281
-230
-293
-214
-195
303
313
173
-326
-158
138
-334
119
-344
-346
-101
354
76
-357
-59
-37
357
-17
359
361
-8
25
356
-357
46
68
352
349
-91
107
341
129
335
-329
146
168
317
-186
-312
-205
-302
285
-222
-274
236
-260
248
265
242
-228
277
-212
291
-307
-194
-316
-177
-326
-158
-334
-139
-118
339
346
95
-80
351
55
-358
33
-360
13
-361
5
358
-28
-362
46
356
68
353
347
-92
106
342
-339
128
325
-153
167
318
307
-187
202
296
-287
220
-239
-273
250
257
-243
266
-284
-228
-213
294
-308
-194
-317
-175
153
-328
133
-337
117
-343
-351
-97
-356
-76
354
54
33
-359
-16
361
6
362
30
360
49
358
351
-70
-91
-351
342
-111
-133
-336
-151
-327
-319
170
-187
-308
296
-205
284
-221
238
270
257
-252
240
-267
228
-278
-207
293
307
191
317
171
-154
326
134
-334
-112
344
98
-348
354
75
56
-358
361
33
362
11
-8
-362
362
-30
358
-52
73
353
351
-93
114
341
-131
-338
-327
151
172
314
192
306
-203
-298
-219
-287
272
-243
-255
252
-240
265
-224
280
-206
291
310
187
-171
315
-326
-158
-132
330
-113
337
349
89
-354
-77
-358
-57
31
-365
-10
356
11
356
358
-37
49
351
-76
-358
-353
89
340
-119
-339
129
-156
-332
168
314
-308
185
-211
-299
279
-228
-240
-274
