199
-309
199
-308
198
-304
180
-315
168
-322
149
-332
130
-341
-357
-145
329
106
-105
342
339
65
-371
-58
-45
354
-375
-14
346
-16
18
358
-370
51
59
351
-363
93
-356
112
-146
-335
-339
154
305
-170
-201
-305
197
295
214
284
-252
-269
-268
-254
228
-267
-233
287
-305
-203
180
-304
-322
-170
-334
-151
124
-336
-119
343
343
93
66
-355
-363
-50
24
-360
-13
360
6
361
28
360
353
-54
71
354
-100
-350
110
342
-339
136
151
326
-321
174
301
-193
-213
-297
-284
226
-244
-269
-258
-254
235
-272
282
223
-208
296
184
-310
-173
319
-330
-150
-342
-132
-348
-115
-93
349
353
67
-358
-51
-29
358
361
7
13
357
-361
34
55
356
75
353
-97
-349
-343
114
-336
134
-158
-328
-317
173
304
-193
-297
209
-227
-284
-269
240
255
251
-239
270
-288
-224
203
-298
186
-311
167
-322
-151
328
335
129
108
-346
347
88
354
67
46
-360
25
-362
-364
-6
-363
14
356
-37
355
-57
-355
77
-351
95
-119
-343
333
-138
-327
157
-319
175
303
-194
208
291
279
-229
-245
-267
-253
258
269
235
-288
-223
-206
298
-313
-187
320
166
-149
331
-339
-129
-346
-110
-352
-90
66
-354
45
-358
-1
-1
-2
-1
0
0
-1
-1
0
-2
0
-1
-1
0
-2
0
0
-2
-2
-1
-2
-1
-2
-2
-1
-1
-1
0
-3
-1
-1
-1
-1
-1
-1
-1
-2
0
-2
0
-1
-1
-1
0
-2
-1
-1
-3
-1
-2
-2
-1
-1
-2
-1
-1
-2
-1
-3
0
-4
-2
-2
-3
-1
-1
-2
-1
-2
-1
-2
-1
-1
-1
-4
0
-1
-1
-3
-1
-1
-1
-1
1
-3
-1
-3
-2
0
0
0
0
-1
1
-1
-1
-1
-1
-4
0
-1
-2
-1
0
-1
-3
-1
0
-1
1
-1
-1
0
0
-1
0
-1
-1
-1
-2
-1
-1
0
-1
-2
-1
-2
-2
-1
1
1
0
-1
-1
-1
0
-1
0
-1
-1
-1
-1
-1
0
-1
-1
-1
-1
-1
0
-1
-1
-1
0
-1
-2
-2
-2
-1
-1
-2
-1
-1
-1
-1
0
-1
0
-1
1
-3
-1
-1
-1
-2
-1
-3
-1
-3
-1
-1
0
0
-1
-1
-1
-1
-1
-3
-1
-2
-1
-2
0
-3
-1
-1
1
-1
1
-1
-1
-3
0
-1
-1
-2
0
-2
1
-3
0
-2
1
-2
-1
-3
0
-1
1
-2
0
-1
-1
0
1
-1
0
-2
1
-2
1
-2
1
-1
1
-2
0
-1
1
0
0
-1
0
-1
0
-2
1
-1
0
-1
-2
-1
1
-1
1
0
1
-2
1
0
-1
0
0
-2
-1
0
0
-1
-1
-3
0
-1
0
-1
-3
-1
-1
0
-1
-1
0
-1
-1
0
-1
0
-1
0
0
-1
-1
-1
-1
-3
-1
-1
-1
-2
0
0
-2
-1
-1
-2
-1
-2
-1
-1
-2
-3
-1
-1
-1
-3
-2
-1
-1
-4
-1
-3
-1
-1
-2
-1
-2
-2
-2
-1
-1
-1
-1
-1
-3
-1
-1
-1
-2
0
-1
-1
0
-3
-1
-1
-1
-1
-2
-2
-1
-1
-2
-2
-1
-1
1
-1
-1
-4
-1
-4
-1
-4
-1
-3
-2
0
0
-1
-1
-3
-1
0
-1
-3
-2
-3
-1
-2
1
-4
-1
-3
0
-3
0
-3
1
-4
-1
-2
-2
-4
-1
-2
0
-1
-1
-2
-2
-3
1
-2
1
-1
-1
-1
1
-2
0
-2
0
0
-1
-2
1
-1
-4
-3
-1
-1
-1
0
0
-2
-1
-1
-1
-1
0
-2
-1
-3
0
-1
-1
-1
-1
-1
0
0
0
-4
-1
-1
1
-1
-1
-1
0
0
1
-1
2
-1
1
-1
-1
-1
1
-2
0
-1
0
-1
-1
-1
-1
-1
-1
-1
1
-2
0
0
0
1
1
-1
0
0
0
-1
0
0
0
-1
-1
-1
0
-1
-1
0
-2
-1
0
-1
-1
0
0
-3
-1
-1
0
-1
1
-1
0
0
-1
-1
-1
-1
0
-1
-1
-1
-1
-1
0
-1
0
-1
0
0
-2
-1
-1
-1
-1
-2
-1
-1
1
-2
-2
-1
0
-1
-1
-1
-1
0
-1
-3
-1
-1
0
0
-1
-1
-1
-1
-1
-1
-1
-2
0
-1
-1
-1
0
-1
-3
-3
-1
-1
-1
-1
-1
-2
0
-1
-1
-3
0
-1
0
-2
-1
-2
0
-1
-1
-2
-1
-2
0
0
-1
-1
-1
-2
-1
0
-1
-4
0
-2
-1
-1
-1
-1
-1
-4
-1
-2
-1
-1
0
-2
-1
-2
-1
-1
0
-1
-1
-1
1
-1
1
-1
-1
0
0
-1
0
-3
0
-2
1
-3
1
0
-2
-1
1
-1
-1
-2
-1
0
-1
-1
0
-4
0
-2
-1
-1
-1
0
-1
1
-1
-1
0
-1
-1
-1
-1
-1
0
-2
-1
-1
-2
-1
-1
1
1
-1
-1
-1
-1
-1
-1
-3
-1
-1
0
-2
0
-1
-1
1
0
0
0
-2
-1
-2
-1
-1
-1
0
0
0
0
-2
-1
-1
1
-1
-1
0
-1
0
1
-3
-2
-1
-1
-1
0
-1
-1
-1
-1
-1
-1
-1
-1
-1
-1
-3
1
-4
-1
-1
0
-1
1
0
-2
-3
0
-2
1
-3
0
-1
-1
-1
-1
0
0
-1
-1
-1
-2
-3
0
-1
1
-2
-1
-1
-2
-1
-1
-1
1
-1
-1
-1
-2
-1
-2
-2
1
-1
-1
-3
1
-1
-1
-1
-1
-1
-1
-1
0
0
0
-2
1
0
1
-2
0
1
0
0
0
-1
-1
-4
-1
-1
0
-2
1
-1
-1
-1
1
-1
0
-1
-1
-1
1
-2
0
-1
1
-1
0
-1
0
-3
-1
0
0
-1
-1
-2
0
-1
1
-1
-1
-1
-1
-2
0
-2
-2
1
0
0
-1
0
-1
-1
1
0
0
-1
-1
1
0
-2
-1
-1
1
-1
0
0
-1
-1
-1
0
-1
-1
-2
-1
-1
-2
-1
-2
-2
0
-1
-1
1
-1
-1
-1
-1
-1
-1
-1
0
-1
0
-1
-1
0
-1
0
0
-2
-1
-2
-1
-1
-2
-1
0
-1
-1
0
1
-2
-1
-3
0
-3
-3
0
1
-1
1
-1
0
-1
-1
-1
0
-3
-1
-2
0
-1
-2
-1
-1
0
0
-1
-1
-3
-1
0
0
-1
0
-1
0
-1
-1
-1
-1
1
0
-1
-1
-1
1
-1
0
-1
-1
-1
0
-1
0
-1
0
-1
0
0
-1
-1
0
-2
0
0
-1
0
-1
-1
0
-1
1
-1
-1
-1
-1
-1
-1
-1
1
1
-1
-3
-1
-1
-1
-1
0
0
0
-1
1
-1
0
-1
-1
-1
1
-1
-2
1
1
-1
-1
-1
1
-1
-1
-1
0
-1
-1
-1
1
-1
0
-1
-1
0
1
-1
-1
0
-1
-2
1
-2
-1
0
-2
-1
-1
0
0
-2
-1
0
-1
0
0
-1
0
-1
-1
-1
0
1
0
-1
0
1
0
-1
1
-1
1
-1
0
-1
0
-1
-1
-2
1
0
-1
-1
1
1
-1
-1
-1
-2
1
-1
-1
-1
0
-1
0
-1
0
-2
-1
-1
1
0
0
-1
-1
0
-1
-1
-1
-1
-1
0
0
-1
-1
-1
0
-1
-1
-1
0
-1
0
-1
-1
-1
-1
-1
0
-2
-1
-1
1
-3
-1
-1
1
0
-1
-1
-1
-1
-1
-2
0
0
0
-1
-1
-3
1
-1
0
-1
0
-2
0
-1
1
1
-1
0
0
0
0
-2
1
-2
-1
1
0
-1
0
-1
-1
-1
1
1
-2
-1
0
-1
-1
0
0
-1
0
-1
-1
-1
-1
0
1
-3
-1
-1
0
-2
0
-1
1
-2
-1
2
-1
0
-1
-1
1
0
0
-1
-1
1
0
-1
-1
0
-1
0
-1
-1
0
-1
1
-1
1
1
1
-1
-1
-1
-1
-1
0
0
0
-1
0
0
-1
-2
-1
-1
-1
1
-1
0
-1
0
-2
0
-1
-1
-1
-1
-1
-1
1
-1
-1
-3
0
-1
0
-1
0
-1
0
-1
0
-2
0
1
1
1
-1
0
0
1
-1
-2
-1
-1
-1
0
-2
-1
0
0
-1
0
1
-1
1
-1
1
-1
0
-1
1
0
1
-2
-1
0
1
0
-1
-1
0
0
1
-3
0
-1
0
-2
-1
-1
0
0
0
-1
-1
-2
0
-1
0
-1
1
-1
-1
-1
-1
-2
-1
-3
-1
0
-1
-1
-1
0
1
-1
-1
-1
-1
1
1
-1
0
0
-1
0
-1
0
-1
-1
0
-1
-1
1
0
-1
1
-2
1
0
0
-3
0
0
-1
0
-1
-2
-2
-1
-1
1
0
-2
0
-1
1
-2
-1
-1
-1
0
0
0
1
-1
-1
0
-2
-1
1
-1
1
-1
0
1
-1
-1
-2
-1
-1
0
-1
0
-3
0
-1
-2
-1
1
-1
1
0
-1
0
-2
-1
-1
-1
-1
-1
-1
0
1
0
0
2
0
1
-1
-1
1
1
-1
0
-1
0
1
0
0
-1
0
0
0
-1
0
0
0
-1
-1
-1
0
-1
-1
-1
1
-1
0
0
0
0
1
1
1
-1
-1
1
0
-1
-1
1
-1
0
-1
-1
1
-1
0
-1
-1
-1
0
1
-1
-1
-1
-1
-1
-1
-1
-1
-1
-1
-1
-3
-1
-1
-1
-2
0
1
0
0
-1
-1
-1
0
-2
1
-1
-1
-2
1
-1
1
-2
1
-1
0
-1
0
-1
1
0
-1
-1
-1
-1
0
-1
-1
-1
-1
-3
0
-2
1
-1
1
-3
-2
-1
-1
-1
0
-1
1
-1
1
-2
-1
-3
0
0
-1
-1
1
1
0
0
0
-1
2
1
1
0
-2
-1
0
0
1
0
0
0
-1
1
1
-4
1
0
0
0
-1
-1
0
1
0
0
0
0
1
-1
0
-1
-1
1
-1
-1
-1
0
-2
-1
1
0
0
-1
-1
0
1
-1
-1
-1
-1
-1
-1
0
0
0
1
0
-1
0
1
-2
-1
1
1
-1
-1
0
-1
1
-1
-1
0
0
0
0
-1
-1
1
-2
-1
-2
-1
0
-1
1
-1
0
-1
0
1
-1
0
-1
-1
1
1
-2
-2
-1
0
-1
0
-2
2
0
0
0
0
-2
0
-1
-1
-1
-1
-1
-1
0
1
-1
-1
-1
-1
0
-1
-1
0
-1
-1
0
1
-1
1
-1
-1
1
-2
-1
-1
-1
-1
0
1
1
1
1
0
1
0
-1
-1
-1
1
-1
0
0
-1
-1
-1
0
0
0
1
0
0
1
-1
-1
-1
-1
-1
-2
0
0
0
-1
-1
1
0
-1
1
-1
0
-1
-1
-1
-1
-1
0
0
1
-1
1
-2
-1
0
-1
-1
-1
2
3
0
1
0
0
-1
0
0
0
-1
1
-1
1
0
0
0
0
-1
0
1
-1
-1
0
1
-1
0
0
-1
-1
-1
0
1
-1
-1
-1
-1
-2
-1
0
-1
-1
0
-1
0
0
-1
0
0
0
-1
-1
0
-1
1
-1
0
-1
-1
-1
0
0
1
-1
0
1
-1
1
0
-1
-2
-1
0
1
-2
-1
1
-1
0
1
-1
-1
0
-1
-1
0
-1
-1
-1
-1
-1
-1
1
-1
-1
-1
1
-1
0
-1
-1
0
0
-1
1
-1
1
0
1
-1
-1
-1
1
1
-1
-1
1
-1
-1
-2
1
-1
0
-1
1
-1
0
-1
-1
-1
0
0
0
1
-1
-1
-1
-1
1
-1
0
-1
0
0
-1
-1
1
-1
0
1
0
0
0
-1
-3
-1
-1
-2
1
-1
-1
0
1
-2
1
-1
0
-1
0
-1
-1
-1
-1
-1
-1
-1
0
-2
-1
1
0
2
1
0
-1
-1
-1
0
-1
0
0
-1
1
-1
-1
1
0
-1
-1
0
1
1
1
1
0
-1
1
0
-3
0
1
-1
-1
0
0
-1
0
1
1
0
-1
1
-1
-1
0
-1
0
-1
-1
-1
0
-1
1
-1
0
-3
-1
1
0
-2
-1
0
1
-1
-1
0
-1
-1
0
0
0
-1
0
-2
-3
-1
-1
1
1
1
-1
-1
1
0
0
-1
1
-1
0
0
-1
-1
-1
0
0
-1
-1
0
0
-1
-1
0
-1
-1
-1
1
-1
0
0
0
0
0
-1
0
-1
0
-1
-1
-1
0
0
-1
1
-1
-1
-1
0
-1
-1
0
1
0
0
-1
2
-2
1
0
0
-1
-1
0
0
-1
0
-1
1
-1
-1
-1
0
-1
0
-1
-1
-1
0
-1
-1
1
1
-1
0
-1
-1
1
0
-1
-1
-1
2
-1
0
0
0
-1
0
0
-1
-1
1
-1
-1
-1
1
-1
0
0
-1
0
-2
0
-1
0
0
0
1
-2
-1
-1
-1
-1
-1
-1
1
-1
-1
0
0
-2
-1
1
0
-1
-1
0
-1
-1
0
0
0
-2
0
0
-1
0
1
0
-1
-1
0
0
0
-1
-1
-1
-1
-2
0
0
-1
0
-1
-1
-1
-1
-1
-1
1
1
0
0
-1
-1
-1
0
0
0
-1
-1
-1
0
0
0
-1
-1
0
-1
-1
-1
-1
-1
1
-2
1
-1
1
1
-1
-1
1
-1
-1
-1
-1
1
-1
-1
0
-1
0
-1
1
-1
-1
-1
0
0
-1
-1
1
-2
1
-1
-1
-1
1
0
-1
1
-1
-1
-1
-1
-1
-2
1
-1
1
0
0
1
1
1
1
-1
0
1
0
-1
1
-2
1
1
1
-1
0
-1
-1
-2
1
-1
1
-1
0
0
0
0
1
1
-1
-1
0
-1
-1
-1
1
0
0
-1
1
-1
1
0
0
-1
-1
-1
1
-2
0
-1
0
0
-1
-1
1
-2
1
0
1
-1
1
-1
-1
-3
1
-1
0
-1
1
-1
1
0
0
0
-1
-1
1
1
-1
-1
-1
-1
0
-2
0
-2
-1
-1
-2
-1
0
-2
0
-1
1
-1
0
-1
1
-1
0
-1
0
1
1
-1
1
0
0
-3
-1
-1
-1
-1
-1
-1
1
-1
1
-1
-1
-1
0
-1
1
-1
1
-1
0
-1
0
-1
-1
-1
-1
-1
0
-1
-1
-2
0
-1
0
-1
0
-1
1
-4
-1
0
0
0
-1
-1
-1
1
-1
-2
1
-1
1
-1
0
-1
-1
-1
-1
-2
1
-2
-1
-1
-1
-1
-1
0
0
-1
-2
0
-1
-1
0
-3
-1
-1
0
0
-1
-1
-1
0
0
-1
0
-2
1
-1
0
-1
1
-1
1
-1
0
0
1
1
1
-1
0
-1
-1
-1
-1
0
-1
-1
1
1
1
1
0
-1
0
0
1
1
-1
-1
-1
0
0
-1
1
-2
0
-1
0
0
0
0
0
-3
0
-1
-1
-1
-1
-1
-1
-1
1
-1
1
-3
0
-1
-1
-1
0
0
-1
-1
-1
-2
-2
-2
0
0
2
-1
1
-1
1
-1
-1
-1
-1
-1
1
-1
1
-1
1
-1
0
-1
0
-1
0
-1
-1
-1
-1
0
1
-1
-1
0
-1
-2
0
1
-1
-1
-1
0
-1
-1
1
0
0
-1
-1
0
-1
-2
-1
0
-1
-1
-1
-1
-1
-1
-1
-1
1
-1
-1
-1
-1
-1
-1
0
1
-2
-1
0
1
-1
1
-2
-1
-1
-1
-1
1
-1
0
-2
1
0
0
-2
-1
-1
1
-2
-1
-1
-1
-2
1
-1
-1
0
-1
-1
0
-2
0
-1
1
0
-1
-1
0
-1
-1
-1
0
-1
-1
-1
-1
0
0
-1
-1
-1
-1
-1
-1
0
0
-1
-1
0
-1
-1
-1
-1
-1
-1
-1
0
-1
-1
0
-1
1
-1
0
-1
-1
0
-2
-1
1
0
-1
0
-1
-1
1
-1
1
-2
0
-1
0
-1
0
-1
0
-1
-1
0
1
-1
-1
-1
0
0
-1
-1
1
-1
1
-1
-1
-1
0
-1
1
-1
0
-1
1
-1
-1
-2
-1
-2
0
-2
-1
-1
-1
1
-1
-2
0
-1
1
-1
-1
-1
1
-2
0
0
0
-1
0
0
-1
-1
0
-1
-1
-1
-2
-1
-1
-1
-1
0
0
-1
0
-1
0
-1
1
-1
0
-1
1
0
1
-2
-1
-1
1
0
1
0
-1
-2
-3
-2
-1
-1
-1
-1
0
-1
1
-2
-1
-1
0
-1
-2
-1
0
-1
0
-1
-1
-2
-1
-1
0
-1
-1
-2
-1
-1
0
0
0
-1
-1
-1
1
0
0
-1
-1
-1
-1
1
-1
0
0
-1
-1
-1
-1
-1
0
-1
1
-1
-1
-1
-1
-1
1
-1
-1
0
-1
-1
-2
-1
0
1
-1
-2
-1
-1
0
-2
0
-2
0
-3
1
-1
0
-2
1
-1
-1
-1
-1
-1
1
-4
0
-3
0
-3
-1
-1
-1
-2
0
-1
0
-1
0
-1
-1
-2
1
-2
-2
-1
1
-3
-1
-1
0
-1
0
-3
-1
0
1
-1
-1
-1
0
-1
0
-1
0
0
0
-1
0
-1
-1
-1
1
-1
1
-1
-1
-1
0
-3
-1
-2
-1
-2
-1
-1
-1
1
-1
-1
0
-1
-1
-3
-1
-3
-1
-2
1
-1
-1
-1
0
-1
-1
-2
1
-1
-2
-1
0
-1
-1
-2
-1
-1
0
-2
-1
-1
-1
-4
1
-1
-1
-3
1
-4
-1
-1
-1
-1
0
0
-1
-1
-1
-1
-1
-2
0
-1
0
-2
0
-1
-1
-1
-1
0
1
-3
-1
-1
0
-1
0
-2
-1
-1
-1
-1
0
-2
-1
-2
-1
-3
0
-1
0
-2
-1
-1
-1
-1
0
-1
-1
-1
-1
-3
-1
-1
-1
-1
-1
0
-1
-1
-2
-1
0
-1
-1
0
0
-2
0
-1
-1
-2
0
-1
-1
-1
-1
-1
-1
-1
0
-1
-1
-2
0
-3
-1
0
-1
-1
-1
-1
-1
-1
-1
-2
-1
-1
1
1
0
-2
-1
-1
0
0
0
-2
-2
-1
-1
-1
-1
-1
0
0
-1
-1
-1
-1
-1
-2
0
-1
0
-1
-1
-3
0
-4
-1
0
-1
-2
-1
-3
1
-3
0
-2
0
-1
-1
0
-1
0
0
-1
0
-1
-1
-2
-1
-1
-1
-1
-1
1
-1
-1
-1
-1
-2
-3
0
-3
0
-1
-2
-1
-1
-1
0
-2
0
-1
0
-2
-1
-2
0
-1
0
0
0
-1
-1
-1
0
-1
-1
-1
0
-1
1
-1
-1
-1
1
-3
-1
-2
-1
-4
-1
-1
-1
-1
0
-1
-1
-2
-3
-1
0
-1
0
-2
0
0
0
0
-1
-1
0
1
-1
-2
0
-1
0
-3
-1
0
0
0
-1
0
-1
0
-2
-1
-1
1
-2
-1
-1
-1
-2
-1
-360
-47
23
-363
-3
357
-361
17
-359
38
354
-62
353
-83
-347
100
119
339
332
-143
323
-162
177
313
-199
-303
-292
211
-279
228
245
264
-250
260
233
-276
-218
288
-201
301
182
-312
322
162
144
-332
-127
339
-106
344
-352
-85
-355
-64
45
-359
-361
-23
361
1
21
361
-361
40
-62
-356
349
-83
-103
-347
-123
-340
140
332
-161
-323
313
-180
198
302
214
290
231
276
262
-248
247
-262
232
-276
215
-290
-199
301
180
-312
320
161
144
-334
-124
339
-105
345
-83
350
-63
354
-42
358
21
-361
360
1
-21
-360
-42
-360
-353
62
84
349
-345
104
-123
-339
331
-144
323
-163
-313
180
-198
-303
-214
-291
-231
-277
-261
247
-263
-248
-276
-233
-289
-216
-302
-199
182
-315
323
160
-330
-146
123
-342
-102
344
-353
-86
62
-357
358
39
363
19
0
360
-361
18
359
-45
-356
62
-351
81
104
343
-339
122
-144
-332
-163
-325
-182
-313
199
300
288
-218
-233
-276
-261
245
-246
261
-279
-233
292
211
-303
-198
-313
-181
159
-327
332
139
-122
337
-103
345
81
-354
-356
-64
-40
356
-19
358
-4
-363
360
-24
-45
-359
-68
-358
87
349
106
342
-124
-340
-332
144
163
321
-313
180
198
298
216
286
231
275
-260
249
243
-265
-232
278
-216
292
197
-305
176
-314
-161
323
332
140
339
119
100
-346
78
-353
354
59
357
37
359
16
-6
-361
22
360
356
-45
66
355
-88
-351
-108
-345
-339
126
330
-146
165
321
-184
-311
200
298
-218
-288
274
-235
260
-250
-244
265
-229
277
211
-293
-303
-196
-314
-179
158
-325
-332
-140
-119
339
100
-347
80
-351
-356
-60
-358
-40
-17
359
4
359
25
359
-356
45
68
354
-351
84
108
343
337
-129
147
328
-321
165
-310
184
202
297
-288
218
-235
-274
-259
250
-265
-245
-281
-228
-292
-214
-193
301
315
174
-324
-160
138
-336
118
-344
-348
-99
351
76
-357
-59
-37
358
-18
358
361
-7
25
357
47
356
-354
67
-90
-350
109
341
-338
128
148
326
317
-168
-186
-310
298
-204
-221
-289
271
-239
-259
248
-269
-245
279
225
291
211
-306
-194
314
174
-325
-159
135
-335
-119
338
-99
346
-354
-79
-58
355
32
-360
-16
358
-363
4
23
358
47
355
352
-72
-91
-351
-112
-345
-338
129
-151
-332
166
317
185
307
203
297
-287
219
-273
237
251
257
-245
267
224
-282
207
-294
-308
-193
-318
-175
324
155
-139
334
-344
-118
-350
-97
-78
354
-358
-56
-360
-33
-16
361
-10
-361
29
361
356
-49
351
-69
348
-91
342
-110
129
339
-150
-329
-169
-319
-309
187
-297
205
284
-221
270
-236
-252
-255
243
-268
226
-281
-206
295
305
190
319
173
-154
325
337
135
-340
-115
98
-347
354
74
-54
357
361
33
361
9
-8
-363
-29
-362
-49
-360
-355
70
350
-93
-342
112
135
333
-326
151
173
315
-185
-311
-203
-299
-221
-288
272
-243
-256
252
-240
264
226
-287
-206
290
-190
302
-315
-175
155
-332
-133
330
-342
-118
-95
344
74
-359
-357
-57
-360
-37
-360
-18
362
-16
357
-36
-359
46
-76
-358
346
-99
340
-119
131
332
323
-156
-175
-320
-308
186
-209
-300
281
-228
237
265
