171
81
246
62
286
-8
263
-97
187
-156
93
-163
18
-127
-15
-75
-8
-44
14
-49
28
-83
21
-138
-2
-193
-45
-244
-104
-281
-180
-289
-265
-252
-329
-155
-340
-16
-277
123
-148
221
1
243
113
192
149
114
112
47
42
35
-19
74
-38
132
-21
173
10
182
30
170
42
157
61
153
104
144
168
107
217
31
220
-70
161
-152
67
-167
-9
-105
-21
2
38
93
138
122
218
81
239
0
196
-64
124
-84
65
-62
40
-30
32
-23
6
-37
-52
-40
-128
-1
-173
92
-146
204
-48
271
72
248
144
141
119
6
8
-85
-132
-86
-230
-5
-241
100
-177
162
-91
151
-37
84
-34
8
-66
-35
-88
-37
-71
-18
-23
-18
28
-49
54
-100
45
-144
23
-158
11
-148
15
-133
28
-130
33
-139
23
-143
15
-127
34
-99
89
-86
163
-120
214
-210
202
-323
120
-408
6
-422
-93
-363
-141
-260
-134
-161
-100
-91
-70
-48
-59
-9
-49
36
-23
78
18
92
49
59
33
-8
-37
-57
-135
-54
-195
13
-174
100
-69
133
60
66
135
-95
95
-281
-46
-401
-219
-399
-338
-280
-348
-113
-253
21
-115
73
6
45
64
-20
69
-78
42
-105
15
-109
-7
-107
-30
-104
-61
-105
-98
-95
-131
-73
-150
-49
-161
-36
-174
-30
-197
-22
-220
4
-226
47
-198
86
-145
103
-93
80
-69
35
-78
-5
-104
-11
-110
16
-76
48
-12
52
49
12
76
-55
57
-113
16
-134
-11
-119
-6
-100
18
-105
27
-143
-7
-190
-83
-208
-165
-173
-211
-92
-204
-3
-151
58
-86
75
-41
63
-16
50
5
53
42
61
92
55
140
21
157
-28
138
-66
98
-70
65
-42
57
-4
62
19
61
18
28
13
-22
31
-59
76
-53
127
-6
141
47
90
60
-15
6
-124
-96
-190
-193
-181
-235
-124
-207
-68
-140
-59
-83
-96
-70
-145
-97
-163
-124
-130
-118
-63
-70
-10
-15
0
8
-25
-21
-49
-84
-34
-129
26
-127
100
-70
138
-4
107
24
20
-14
-76
-98
-126
-179
-107
-206
-40
-164
31
-76
60
11
35
58
-23
56
-73
17
-86
-25
-56
-49
4
-47
69
-25
119
2
142
21
141
26
120
13
91
-17
64
-49
52
-73
53
-70
61
-42
55
-4
31
26
-14
33
-62
14
-90
-7
-82
-13
-46
11
-5
53
21
89
20
101
6
87
-1
63
10
52
37
65
59
86
55
100
27
87
-11
51
-35
16
-28
2
-1
14
25
37
31
48
21
34
15
7
37
-2
93
35
157
118
191
218
158
288
56
288
-81
214
-204
91
-266
-33
-255
-112
-186
-129
-100
-94
-33
-37
-2
8
-8
23
-26
8
-34
-25
-14
-51
36
-57
103
-28
163
25
193
85
177
125
118
128
37
92
-45
35
-101
-21
-126
-55
-128
-58
-124
-42
-127
-23
-142
-12
-155
-8
-153
-1
-133
17
-100
46
-66
79
-48
99
-42
95
-40
73
-28
45
5
35
50
47
91
84
107
124
91
151
42
148
-21
117
-74
65
-100
16
-91
-14
-53
-16
-4
9
40
46
65
75
69
86
63
78
61
60
71
51
92
55
107
69
100
74
66
52
15
-8
-28
-89
-37
-165
-1
-209
70
-202
148
-153
209
-86
227
-28
208
4
164
1
115
-24
74
-65
49
-110
40
-151
46
-180
62
-185
76
-171
78
-146
58
-129
13
-134
-37
-162
-72
-192
-70
-196
-35
-153
8
-71
25
13
-9
61
-87
44
-168
-26
-209
-112
-185
-163
-107
-159
-18
-111
43
-54
53
-19
28
-21
2
-38
1
-40
26
-8
57
49
67
108
45
141
10
150
-11
157
-3
187
24
245
42
308
20
339
-40
309
-106
224
-136
123
-100
55
-12
49
83
94
138
143
129
153
66
100
4
8
-20
-76
23
-103
109
-49
190
64
218
192
167
283
50
302
-97
249
-223
146
-289
37
-286
-43
-224
-74
-138
-62
-62
-31
-20
-10
-10
-16
-13
-46
-1
-76
33
-82
80
-57
113
-21
110
-7
72
-38
33
-103
36
-156
104
-146
218
-50
318
103
344
244
269
300
130
249
-2
126
-59
6
-19
-44
74
-16
147
45
148
69
78
21
-4
-79
-34
-165
15
-174
108
-94
172
25
151
107
46
98
-83
8
-157
-100
-129
-148
-21
-103
100
12
159
129
128
183
30
148
-76
52
-134
-57
-123
-129
-65
-148
6
-124
55
-74
67
-19
42
18
-17
26
-95
-11
-171
-87
-210
-177
-184
-235
-96
-218
24
-130
115
-6
129
87
62
100
-38
37
-107
-50
-99
-92
-31
-58
40
30
49
102
-25
95
-141
-1
-225
-136
-216
-234
-117
-250
22
-186
133
-95
179
-30
171
-6
155
2
159
35
177
95
168
163
102
180
-15
124
-132
9
-190
-104
-169
-166
-86
-161
3
-117
60
-82
86
-69
112
-63
168
-23
238
59
284
156
257
204
155
155
26
24
-49
-122
-25
-194
78
-148
185
-13
211
133
127
211
-31
195
-178
129
-250
74
-233
78
-166
133
-107
194
-79
224
-69
214
-42
193
21
192
95
211
144
220
140
182
103
93
71
-8
87
-63
134
-46
163
15
116
48
-11
-2
-163
-135
-252
-281
-217
-341
-71
-263
95
-76
180
120
131
219
-23
173
-186
18
-260
-149
-211
-243
-77
-231
55
-151
114
-69
81
-40
-6
-69
-89
-120
-127
-157
-121
-156
-90
-124
-58
-74
-33
-17
-8
47
18
124
36
205
28
264
-14
277
-81
235
-142
152
-168
62
-153
-8
-103
-46
-47
-59
-3
-62
31
-62
62
-48
98
-13
133
40
151
94
138
121
99
107
55
55
35
-4
51
-44
91
-51
123
-35
122
-26
77
-46
4
-100
-71
-168
-115
-222
-127
-244
-118
-227
-107
-192
-111
-152
-124
-125
-134
-108
-124
-91
-86
-59
-30
-9
27
49
66
99
75
122
60
109
35
64
16
3
13
-58
28
-105
54
-133
85
-144
114
-136
137
-112
158
-72
172
-18
168
33
141
64
95
59
47
24
20
-23
26
-52
59
-52
95
-29
107
-5
78
-12
25
-55
-21
-112
-25
-146
17
-126
81
-47
125
60
118
148
55
176
-29
144
-91
80
-100
22
-54
1
18
16
81
47
107
74
96
79
57
59
6
18
-46
-31
-88
-86
-114
-134
-115
-163
-91
-158
-52
-118
-13
-61
7
-8
7
15
4
10
24
-3
81
7
167
53
244
119
282
170
262
175
205
128
143
51
109
-21
103
-66
106
-81
91
-94
51
-125
1
-170
-27
-205
-20
-203
13
-156
43
-88
42
-28
11
-1
-31
-2
-55
-9
-49
2
-23
35
-8
66
-23
72
-58
45
-88
-2
-91
-37
-66
-43
-38
-31
-35
-33
-64
-74
-100
-148
-107
-222
-63
-252
21
-217
100
-134
132
-47
96
-2
16
-8
-68
-42
-119
-72
-132
-75
-129
-57
-129
-39
-143
-36
-152
-42
-134
-26
-91
22
-47
91
-35
140
-72
129
-129
53
-159
-49
-118
-119
-8
-104
122
-15
198
96
177
151
70
112
-57
-4
-130
-131
-107
-191
-13
-156
88
-49
127
59
79
107
-25
76
-121
1
-154
-66
-118
-74
-45
-28
9
34
8
63
-37
33
-86
-43
-93
-117
-40
-144
54
-111
140
-39
176
23
150
35
86
-10
31
-80
21
-132
57
-139
107
-95
132
-35
105
1
33
-7
-50
-52
-106
-101
-112
-119
-79
-91
-36
-27
-13
40
-24
84
-57
97
-88
86
-100
69
-90
54
-71
38
-55
12
-43
-27
-22
-62
12
-76
53
-57
78
-21
63
-1
2
-23
-78
-95
-138
-187
-132
-250
-52
-237
66
-141
168
1
206
134
168
206
74
199
-21
130
-77
39
-77
-38
-33
-83
28
-103
83
-104
122
-94
146
-75
159
-42
158
-1
140
45
103
80
57
100
11
114
-23
126
-45
137
-64
141
-83
127
-100
91
-104
44
-83
4
-35
-10
23
4
69
33
83
57
69
62
40
56
16
54
8
73
3
111
-15
147
-59
154
-120
117
-167
48
-175
-23
-125
-62
-33
-57
67
-17
144
30
183
60
191
69
187
66
185
64
182
71
168
72
131
53
80
3
37
-66
28
-125
62
-148
123
-122
183
-71
209
-25
195
-12
159
-33
134
-70
143
-85
182
-59
228
3
244
73
212
116
139
113
56
69
-4
5
-20
-48
10
-71
65
-62
123
-33
165
-1
186
23
184
28
165
11
139
-30
117
-83
109
-129
124
-149
152
-129
176
-77
166
-20
114
9
34
-6
-41
-52
-70
-87
-36
-76
40
-3
116
103
141
187
104
204
30
145
-27
44
-25
-45
37
-74
119
-46
168
0
147
15
66
-28
-32
-113
-93
-196
-95
-233
-52
-210
-1
-146
24
-79
16
-37
-7
-22
-14
-20
5
-12
43
6
81
21
105
20
116
3
127
-12
144
-12
155
8
137
28
76
18
-19
-37
-114
-120
-168
-197
-161
-225
-110
-191
-54
-119
-28
-49
-45
-22
-81
-39
-96
-75
-64
-93
6
-71
83
-18
124
31
108
42
52
3
-11
-66
-48
-129
-50
-158
-35
-151
-30
-122
-49
-96
-90
-89
-132
-88
-150
-80
-138
-45
-112
10
-94
63
-100
84
-124
59
-138
-4
-115
-74
-40
-111
71
-98
181
-48
248
8
250
25
197
-12
127
-91
82
-173
82
-216
116
-199
146
-139
138
-76
74
-48
-16
-64
-93
-98
-118
-106
-90
-64
-37
25
-4
117
-16
172
-59
163
-95
116
-82
72
-9
74
93
122
171
185
185
210
137
170
69
76
28
-25
39
-83
83
-82
114
-46
91
-24
9
-55
-91
-132
-153
-215
-142
-245
-64
-197
34
-78
95
61
88
157
24
186
-59
148
-115
81
-118
17
-76
-24
-15
-42
40
-52
77
-59
98
-66
109
-64
107
-51
90
-40
47
-45
-7
-74
-55
-118
-71
-151
-38
-147
34
-85
116
24
166
147
157
237
91
257
0
202
-77
95
-98
-20
-49
-98
51
-117
165
-80
248
-18
283
37
264
63
218
62
170
49
139
39
124
42
115
54
102
63
82
61
63
50
51
36
48
24
49
11
44
-9
31
-42
18
-84
12
-124
20
-146
39
-141
52
-117
50
-81
26
-45
-15
-18
-60
8
-103
33
-139
59
-169
80
-194
93
-210
100
-209
106
-190
118
-158
136
-127
152
-104
153
-91
133
-75
97
-49
60
-11
31
33
15
69
2
92
-12
105
-24
117
-23
129
1
130
40
105
74
50
81
-23
57
-81
22
-103
6
-85
35
-57
93
-57
149
-106
151
-183
85
-239
-19
-230
-103
-145
-118
-23
-55
71
42
83
103
14
87
-87
-2
-158
-112
-158
-185
-100
-194
-28
-154
13
-105
9
-78
-21
-78
-39
-75
-33
-45
-20
6
-32
42
-85
28
-163
-54
-218
-169
-202
-257
-110
-274
18
-210
127
-101
166
-6
132
36
62
28
7
0
-6
-8
23
17
62
69
84
118
86
150
80
165
85
181
106
209
130
252
134
286
103
288
47
253
-11
192
-52
127
-67
77
-69
44
-66
25
-72
8
-76
-1
-72
6
-52
38
-27
97
-16
162
-34
203
-80
198
-134
144
-159
66
-134
2
-57
-15
47
23
128
88
148
136
96
123
-6
34
-105
-105
-151
-241
-119
-317
-26
-305
73
-224
125
-126
103
-66
28
-74
-49
-130
-74
-185
-28
-192
74
-131
174
-25
226
73
207
121
141
101
71
35
33
-42
46
-92
90
-102
142
-76
177
-30
184
25
161
77
110
113
37
119
-47
88
-120
31
-155
-29
-139
-57
-80
-40
-10
13
35
65
36
81
13
52
1
6
35
-8
110
40
186
141
206
239
144
276
13
218
-124
86
-199
-57
-175
-145
-69
-143
59
-66
153
37
178
114
147
139
97
121
66
89
70
69
98
69
124
80
130
79
110
54
74
-1
42
-71
33
-133
52
-164
95
-146
136
-84
146
-1
98
61
-1
66
-124
13
-220
-66
-245
-117
-199
-95
-115
-2
-62
112
-79
183
-167
161
-269
65
-319
-50
-275
-111
-163
-88
-47
-5
6
66
-25
70
-95
4
-141
-81
-109
-108
-11
-45
93
90
132
228
75
297
-53
274
-185
177
-258
66
-256
-16
-201
-58
-136
-83
-85
-112
-49
-148
-10
-177
43
-178
95
-149
127
-113
119
-94
86
-94
53
-100
44
-81
57
-21
66
62
36
125
-36
137
-128
89
-192
10
-196
-54
-139
-76
-52
-54
28
-11
74
30
86
57
76
72
54
83
16
77
-37
42
-100
-27
-144
-116
-137
-180
-67
-177
41
-97
134
30
166
145
123
201
37
186
-40
132
-69
85
-49
78
-17
99
-16
110
-60
76
-129
-8
-179
-107
-177
-175
-127
-186
-61
-146
-21
-95
-25
-66
-59
-73
-88
-95
-85
-102
-49
-79
-5
-37
11
-8
0
-17
-29
-64
-35
-119
0
-143
68
-115
134
-43
158
33
117
68
29
44
-71
-29
-129
-112
-128
-168
-71
-171
11
-127
81
-61
117
-2
124
35
112
47
96
48
86
39
73
23
52
-12
25
-66
2
-131
-1
-182
21
-204
52
-190
74
-156
63
-131
26
-129
-18
-146
-36
-156
-18
-128
27
-54
60
42
48
114
-13
129
-95
83
-153
13
-156
-37
-104
-37
-42
1
-11
30
-38
11
-93
-66
-128
-164
-99
-227
-10
-214
95
-133
160
-32
144
31
64
26
-34
-29
-93
-88
-99
-112
-69
-93
-45
-58
-52
-42
-78
-57
-92
-76
-62
-59
2
16
64
129
75
227
11
260
-101
204
-205
86
-249
-35
-215
-110
-130
-123
-47
-100
-6
-77
-14
-80
-49
-106
-78
-134
-86
-136
-86
-115
-93
-83
-122
-67
-165
-72
-194
-87
-186
-80
-140
-35
-78
47
-35
139
-34
205
-78
219
-141
180
-194
111
-221
33
-216
-35
-192
-86
-165
-127
-143
-160
-122
-176
-95
-163
-65
-113
-52
-38
-74
30
-145
54
-247
11
-337
-86
-364
-189
-294
-229
-144
-169
30
-18
151
168
165
305
71
337
-73
259
-192
124
-228
8
-175
-36
-81
-12
-11
36
-2
55
-45
13
-86
-62
-76
-118
0
-110
109
-29
197
88
218
185
170
224
83
206
4
157
-42
110
-57
74
-58
46
-64
11
-69
-29
-58
-59
-18
-55
35
-11
81
57
90
116
59
144
8
136
-36
117
-55
105
-61
103
-73
96
-105
59
-150
-9
-178
-93
-165
-153
-110
-163
-36
-124
16
-65
25
-17
-4
-4
-45
-16
-69
-28
-66
-25
-52
-8
-47
-1
-59
-23
-78
-76
-71
-134
-22
-162
66
-135
162
-55
224
48
223
132
156
161
52
126
-50
45
-112
-47
-112
-114
-57
-127
30
-82
106
2
136
84
107
126
27
102
-63
20
-121
-82
-119
-159
-65
-182
11
-155
67
-107
79
-68
57
-53
24
-49
3
-35
-2
-4
-13
31
-48
37
-104
-4
-149
-76
-142
-136
-74
-136
30
-66
112
39
120
114
46
107
-68
18
-152
-103
-154
-186
-78
-184
25
-110
91
-13
88
52
33
58
-31
25
-52
-8
-21
-2
37
40
83
87
91
105
67
82
38
29
35
-21
63
-43
103
-33
126
-8
115
8
71
0
11
-30
-38
-71
-64
-103
-60
-117
-30
-105
14
-64
58
-6
88
56
89
96
60
95
17
46
-18
-37
-22
-127
19
-191
88
-211
165
-189
216
-144
229
-98
200
-66
147
-51
86
-45
31
-49
-12
-50
-37
-48
-45
-36
-40
-14
-33
10
-32
24
-43
15
-58
-20
-64
-64
-47
-100
-13
-109
23
-94
39
-78
23
-78
-13
-95
-42
-112
-44
-101
-23
-52
-5
17
-14
74
-54
94
-102
81
-122
65
-98
81
-55
132
-37
180
-85
170
-187
68
-288
-100
-325
-267
-263
-361
-128
-344
11
-251
88
-141
85
-72
37
-47
6
-23
25
42
72
159
96
279
52
333
-49
282
-149
148
-175
5
-100
-73
42
-62
175
3
230
52
194
40
118
-21
57
-82
44
-90
52
-40
32
24
-52
42
-181
-13
-296
-115
-332
-195
-269
-197
-151
-112
-50
9
-23
93
-74
91
-151
14
-185
-83
-144
-135
-41
-110
66
-21
122
79
100
144
14
145
-89
96
-164
32
-190
-18
-171
-37
-132
-30
-95
-20
-78
-30
-74
-71
-67
-132
-33
-190
40
-209
132
-178
209
-108
228
-42
174
-30
64
-90
-49
-200
-100
-299
-64
-318
40
-235
141
-77
173
83
111
175
-13
171
-133
103
-187
31
-162
5
-92
25
-34
55
-23
53
-52
4
-81
-71
-71
-125
-22
-133
39
-91
74
-35
64
7
26
25
-13
35
-33
56
-33
88
-32
119
-41
129
-49
116
-40
98
4
102
62
135
103
168
96
160
48
89
-6
-28
-14
-139
42
-185
137
-157
211
-86
217
-31
149
-41
49
-105
-18
-186
-21
-224
30
-199
87
-132
105
-66
71
-40
8
-54
-46
-88
-69
-112
-60
-115
-45
-101
-33
-84
-22
-60
-8
-21
9
40
13
107
-11
146
-65
134
-116
78
-122
28
-59
34
51
113
146
233
168
325
104
328
-4
241
-78
122
-66
49
20
64
117
148
148
227
86
233
-36
150
-142
23
-171
-74
-122
-97
-45
-58
-8
-15
-32
-19
-91
-77
-127
-145
-101
-165
-23
-107
52
2
66
100
4
136
-103
98
-189
27
-214
-28
-177
-36
-110
-1
-61
40
-45
61
-49
53
-54
36
-42
25
-23
20
-15
4
-25
-36
-40
-93
-36
-144
-1
-157
49
-127
83
-77
77
-42
30
-44
-28
-79
-61
-118
-50
-131
-6
-106
45
-57
73
-7
74
21
56
28
40
23
29
13
23
-1
13
-28
5
-66
11
-98
40
-100
88
-61
128
4
130
62
84
80
7
45
-64
-24
-94
-93
-75
-133
-25
-139
22
-124
47
-117
52
-118
52
-121
60
-107
72
-69
74
-21
49
16
2
30
-48
24
-76
29
-71
57
-53
110
-47
161
-68
179
-110
153
-146
95
-148
40
-108
13
-51
23
-14
44
-23
47
-71
10
-141
-59
-192
-132
-209
-180
-192
-188
-158
-160
-132
-111
-119
-61
-113
-16
-107
23
-88
60
-57
98
-18
139
18
172
42
192
47
190
29
148
-6
65
-37
-47
-45
-161
-8
-232
66
-235
152
-167
205
-55
196
54
121
124
10
141
-95
125
-156
105
-164
104
-138
120
-98
136
-59
143
-14
141
42
153
112
192
170
253
182
304
130
308
30
247
-81
138
-152
30
-160
-33
-116
-31
-64
20
-38
81
-52
117
-83
122
-100
116
-81
127
-33
165
11
205
19
211
-10
155
-47
46
-52
-78
1
-163
103
-182
204
-146
259
-95
245
-70
175
-95
90
-150
36
-199
28
-206
47
-168
62
-104
38
-58
-21
-51
-88
-83
-132
-125
-131
-146
-98
-131
-64
-97
-57
-75
-87
-89
-133
-141
-158
-199
-140
-228
-83
-209
-17
-144
19
-70
9
-23
-34
-14
-78
-35
-91
-43
-66
-18
-29
38
-17
90
-52
98
-122
45
-185
-46
-193
-125
-134
-141
-35
-77
45
35
60
134
-13
164
-135
107
-241
-6
-275
-110
-212
-151
-81
-103
61
14
157
146
174
243
129
270
57
235
2
164
-4
101
36
73
104
89
160
134
174
178
131
185
45
136
-50
40
-117
-74
-129
-162
-83
-199
-6
-175
68
-113
107
-46
105
-1
80
18
53
24
42
33
44
46
45
57
33
48
17
18
15
-14
42
-18
89
18
132
88
130
148
73
166
-23
122
-112
36
-152
-42
-130
-76
-66
-52
-6
-1
16
37
-1
36
-27
3
-28
-30
12
-29
76
13
130
75
141
123
108
136
53
116
6
82
-18
62
-28
55
-35
52
-47
45
-60
35
-56
40
-33
76
-2
137
6
199
-28
219
-98
173
-164
74
-182
-36
-127
-103
-11
-93
117
-21
204
74
211
146
148
162
44
118
-61
35
-133
-59
-161
-141
-146
-189
-100
-196
-37
-161
19
-91
52
-13
46
49
8
70
-42
54
-75
25
-71
12
-40
30
-9
62
-6
78
-40
54
-88
-8
-108
-74
-84
-105
-25
-83
28
-30
37
7
-6
-10
-71
-82
-103
-168
-69
-212
25
-181
127
-91
178
4
148
45
57
6
-42
-93
-90
-197
-65
-255
13
-244
99
-181
155
-99
159
-33
119
3
63
6
8
-17
-28
-56
-38
-95
-14
-115
40
-100
103
-45
147
25
140
66
76
49
-8
-33
-67
-136
-55
-194
30
-163
140
-42
202
119
170
238
45
270
-118
213
-248
113
-300
26
-277
-21
-222
-39
-170
-62
-129
-110
-78
-163
6
-187
129
-153
250
-68
324
23
326
76
270
74
204
46
169
41
163
78
150
142
81
172
-53
117
-209
-34
-310
-220
-294
-353
-159
-373
30
-272
186
-114
240
18
190
69
86
33
-6
-42
-39
-104
-18
-122
21
-107
36
-90
14
-100
-28
-140
-58
-189
-59
-226
-28
-233
18
-210
61
-166
93
-112
107
-57
103
-8
81
18
46
16
13
-13
4
-51
30
-65
86
-43
149
8
177
57
158
64
95
10
28
-92
-2
-199
24
-268
94
-276
168
-236
202
-182
187
-141
131
-128
64
-132
9
-130
-23
-117
-38
-93
-47
-63
-42
-31
-22
13
22
79
75
163
112
243
116
282
88
257
53
173
50
61
101
-31
202
-68
317
-50
397
-8
414
21
363
12
275
-37
190
-99
131
-148
104
-165
95
-151
86
-121
71
-86
58
-52
54
-11
63
44
78
110
83
177
64
218
11
217
-54
163
-118
73
-151
-23
-144
-99
-105
-135
-59
-134
-35
-119
-47
-117
-90
-141
-138
-187
-161
-226
-144
-235
-95
-203
-40
-141
-4
-74
3
-30
-4
-6
-3
11
24
47
64
114
95
192
88
251
36
258
-35
213
-86
146
-84
103
-32
110
39
