88
144
160
131
203
57
189
-42
127
-117
46
-145
-11
-130
-25
-100
1
-88
40
-104
71
-146
77
-196
63
-245
27
-281
-30
-299
-110
-287
-202
-231
-276
-121
-300
28
-255
168
-144
262
-13
272
83
206
103
110
55
25
-23
-1
-86
28
-103
83
-81
129
-37
148
-2
153
25
160
62
178
122
190
201
169
262
103
272
3
216
-83
120
-114
37
-73
13
8
59
72
144
75
209
12
218
-83
163
-157
84
-174
25
-141
4
-92
3
-59
-13
-47
-59
-23
-122
41
-153
155
-117
279
-13
353
109
330
177
214
147
64
25
-44
-128
-66
-239
-4
-264
83
-211
134
-134
115
-83
43
-80
-33
-107
-74
-118
-69
-88
-47
-26
-41
42
-70
82
-120
86
-163
70
-177
60
-167
64
-151
73
-144
69
-148
47
-142
24
-114
30
-71
74
-44
137
-64
180
-143
164
-249
84
-334
-28
-354
-122
-310
-161
-228
-145
-154
-105
-112
-70
-97
-56
-85
-45
-58
-19
-26
21
-15
49
-41
31
-88
-42
-111
-139
-76
-197
25
-171
145
-58
206
81
162
164
11
136
-175
-1
-305
-170
-323
-288
-231
-305
-98
-222
6
-99
28
1
-23
39
-103
20
-165
-26
-187
-71
-177
-101
-151
-127
-123
-151
-95
-173
-57
-184
-16
-174
21
-151
40
-130
40
-121
33
-118
35
-103
52
-66
65
-16
55
23
13
25
-46
-18
-88
-82
-88
-129
-44
-136
11
-107
45
-74
34
-65
-4
-89
-38
-122
-44
-130
-22
-96
-6
-34
-22
17
-81
25
-156
-11
-205
-62
-199
-86
-145
-65
-76
-14
-30
36
-18
59
-24
51
-25
34
-4
32
28
47
45
64
35
57
6
24
-18
-18
-13
-42
17
-33
50
-1
64
25
51
26
33
6
37
-5
73
20
115
79
127
134
78
143
-22
74
-125
-47
-182
-168
-168
-233
-107
-227
-52
-178
-47
-136
-91
-131
-153
-158
-185
-180
-168
-161
-117
-101
-74
-28
-68
11
-95
-4
-109
-57
-81
-95
1
-88
102
-35
167
25
163
45
101
-2
23
-96
-16
-187
5
-223
66
-184
118
-98
121
-8
64
45
-28
49
-114
18
-161
-18
-158
-35
-116
-30
-60
-6
-10
18
25
33
44
30
54
7
59
-32
69
-73
91
-102
122
-102
153
-76
168
-33
148
3
100
20
40
15
-7
6
-26
16
-18
51
-4
100
-7
141
-30
155
-62
136
-78
104
-69
80
-37
76
-6
81
6
77
-6
47
-28
-3
-35
-49
-14
-69
22
-57
52
-29
60
-7
46
-6
35
-13
49
-1
97
57
156
163
187
281
152
363
53
373
-76
301
-192
174
-244
39
-223
-57
-148
-95
-57
-84
11
-54
35
-33
20
-40
-13
-73
-40
-117
-41
-149
-11
-149
39
-110
85
-40
106
42
89
108
39
139
-28
129
-89
96
-119
58
-115
36
-88
35
-59
47
-41
55
-39
49
-47
29
-49
10
-40
3
-26
9
-18
24
-28
29
-52
20
-78
-2
-89
-23
-74
-19
-40
12
-1
70
19
131
15
175
-18
187
-61
165
-94
119
-101
65
-75
28
-25
13
35
22
83
42
110
56
110
54
100
36
95
16
100
10
119
23
134
49
127
69
95
64
44
21
1
-49
-11
-116
18
-154
78
-149
143
-110
183
-55
182
-13
143
-1
81
-21
18
-64
-28
-117
-53
-171
-51
-216
-25
-239
19
-238
70
-211
112
-170
131
-136
122
-124
99
-136
83
-154
93
-149
120
-103
142
-22
124
59
47
100
-82
74
-214
-6
-303
-99
-322
-160
-275
-162
-204
-116
-143
-62
-118
-29
-114
-31
-99
-50
-49
-55
29
-26
111
26
168
78
185
104
173
107
163
109
168
135
177
194
164
264
105
307
1
292
-110
229
-180
151
-180
107
-119
125
-40
189
11
252
4
267
-44
211
-89
106
-86
1
-18
-55
94
-40
199
35
248
123
212
177
107
168
-33
95
-156
-14
-222
-119
-220
-181
-161
-183
-81
-131
-12
-54
24
16
25
56
12
69
9
72
29
89
60
122
76
151
55
146
2
83
-49
-23
-54
-123
10
-163
129
-112
239
0
284
107
235
144
124
84
22
-33
-4
-134
64
-157
178
-93
266
8
269
76
194
66
96
0
42
-62
61
-54
119
31
147
144
93
214
-39
181
-185
63
-269
-74
-243
-153
-124
-134
15
-40
100
62
96
107
25
74
-52
-16
-86
-112
-60
-170
8
-170
80
-128
124
-62
125
4
84
50
7
61
-88
23
-176
-62
-226
-161
-206
-229
-117
-225
6
-146
107
-30
129
59
74
74
-21
14
-86
-64
-81
-95
-21
-49
39
52
33
134
-59
135
-192
45
-291
-91
-293
-193
-196
-216
-52
-165
73
-89
139
-38
160
-29
177
-35
215
-13
264
42
281
106
234
127
126
76
4
-29
-71
-129
-78
-178
-33
-158
11
-103
23
-56
3
-33
-11
-21
12
21
66
104
106
197
88
240
9
185
-83
46
-111
-107
-37
-186
119
-148
276
-20
347
120
293
193
156
173
10
103
-73
44
-80
46
-51
98
-37
161
-62
191
-103
182
-123
166
-101
172
-56
199
-27
218
-34
190
-62
112
-69
21
-24
-26
64
-3
135
62
134
95
47
41
-70
-98
-132
-251
-82
-321
69
-255
230
-80
298
105
225
195
41
142
-154
-16
-262
-185
-244
-278
-136
-263
-25
-179
21
-94
-17
-59
-101
-82
-173
-131
-197
-165
-173
-163
-119
-127
-66
-74
-20
-14
23
57
61
139
88
226
84
295
41
316
-30
281
-99
203
-137
115
-132
43
-95
-1
-49
-26
-14
-45
13
-64
38
-73
74
-57
111
-25
133
14
124
31
91
14
53
-31
37
-78
57
-96
99
-77
134
-33
132
8
82
17
3
-14
-75
-66
-126
-115
-144
-140
-138
-138
-130
-122
-133
-111
-145
-115
-151
-130
-132
-142
-88
-133
-21
-98
47
-46
95
9
113
46
105
55
82
37
62
4
53
-29
60
-55
74
-68
88
-72
100
-69
107
-57
115
-35
115
-7
101
19
72
24
29
1
-11
-46
-25
-96
-3
-119
52
-103
109
-55
141
-3
132
22
93
8
57
-27
54
-46
92
-21
146
52
176
141
148
198
65
194
-41
123
-123
21
-150
-71
-117
-118
-53
-117
9
-87
40
-48
37
-22
12
-8
-22
-8
-57
-16
-81
-29
-92
-42
-82
-43
-49
-23
-4
18
33
68
49
99
44
91
33
51
46
1
95
-25
174
-11
247
32
279
67
259
69
199
26
137
-38
100
-91
91
-110
91
-103
71
-91
26
-102
-29
-129
-65
-154
-62
-148
-30
-104
1
-40
8
12
-13
30
-41
18
-48
3
-21
8
22
36
54
66
53
72
27
45
-3
-2
-13
-36
-1
-45
6
-38
-17
-45
-74
-91
-140
-173
-175
-253
-153
-288
-86
-254
-13
-170
22
-80
-3
-26
-62
-21
-117
-44
-137
-59
-115
-48
-77
-18
-50
6
-41
12
-35
8
-13
17
23
57
52
113
40
148
-25
123
-115
35
-178
-78
-167
-153
-83
-144
29
-52
95
62
73
124
-28
94
-141
-12
-194
-129
-148
-182
-27
-141
97
-31
161
80
129
125
39
92
-49
11
-81
-57
-45
-73
20
-31
63
30
51
58
-10
27
-74
-48
-95
-120
-54
-145
29
-110
107
-37
134
23
104
35
37
-9
-18
-82
-27
-135
12
-141
69
-98
102
-35
86
4
24
-2
-45
-45
-89
-91
-82
-107
-37
-78
16
-17
42
45
35
85
-1
91
-38
73
-60
48
-64
28
-62
6
-62
-20
-66
-54
-59
-83
-38
-88
-4
-57
18
-7
6
31
-46
19
-117
-44
-161
-132
-139
-194
-45
-188
87
-105
202
22
246
134
211
186
117
159
17
74
-46
-30
-57
-112
-23
-157
28
-165
74
-153
105
-124
124
-82
136
-25
137
39
124
103
93
150
51
177
11
189
-18
190
-38
189
-56
173
-76
139
-98
80
-105
13
-88
-43
-46
-69
10
-59
54
-29
69
1
57
17
34
25
17
41
18
76
20
129
7
178
-33
192
-94
159
-144
89
-156
15
-114
-32
-32
-33
59
-4
125
35
156
58
159
60
152
52
153
49
155
53
150
54
125
35
86
-16
57
-86
59
-145
101
-168
168
-141
227
-86
247
-36
223
-17
175
-32
132
-57
124
-62
147
-26
178
45
185
122
149
167
78
164
1
111
-43
36
-40
-33
11
-77
88
-91
168
-83
229
-69
264
-59
269
-62
250
-79
216
-110
178
-146
148
-169
139
-159
140
-107
134
-24
101
62
28
113
-66
113
-146
71
-171
28
-125
24
-28
69
71
141
126
187
119
167
75
74
45
-57
68
-166
143
-206
231
-179
275
-122
242
-87
139
-101
17
-153
-73
-199
-105
-201
-90
-145
-62
-55
-57
31
-77
83
-104
99
-108
93
-80
87
-26
83
32
73
76
45
110
1
143
-40
177
-63
202
-62
193
-55
137
-73
43
-132
-55
-214
-115
-284
-118
-301
-75
-252
-28
-163
-11
-74
-35
-25
-78
-23
-99
-38
-72
-37
-7
1
64
68
97
125
75
141
11
100
-59
23
-104
-55
-112
-104
-98
-117
-88
-113
-101
-116
-130
-134
-153
-158
-151
-168
-115
-146
-64
-98
-23
-45
-8
-16
-17
-28
-25
-73
-2
-117
61
-129
152
-91
235
-15
269
64
233
101
144
75
40
5
-33
-75
-53
-121
-26
-111
8
-65
14
-18
-23
-6
-80
-41
-118
-93
-103
-124
-34
-102
53
-33
113
45
117
84
78
65
35
11
32
-33
78
-29
146
31
187
111
167
160
88
149
-9
85
-67
18
-66
-8
-22
23
18
86
12
124
-48
100
-122
18
-160
-81
-126
-138
-28
-125
85
-51
153
37
148
88
78
74
-13
1
-80
-93
-97
-168
-68
-206
-18
-205
28
-183
58
-148
78
-106
88
-51
91
14
78
70
42
102
-6
97
-49
59
-62
18
-28
3
43
33
122
102
168
178
155
221
85
197
-13
106
-93
-28
-115
-158
-69
-236
34
-245
148
-187
235
-96
273
-7
260
54
218
86
175
100
149
112
137
127
134
141
124
145
108
130
91
101
79
64
76
30
74
-3
66
-40
48
-84
26
-133
11
-171
7
-185
15
-172
16
-133
5
-81
-27
-33
-71
7
-117
40
-154
69
-179
95
-196
110
-204
115
-199
110
-179
102
-140
103
-93
107
-49
114
-24
109
-11
86
-6
52
4
23
22
4
42
-1
52
1
50
1
44
4
38
18
41
50
42
94
24
129
-19
133
-72
103
-107
56
-103
26
-60
40
-10
84
8
124
-29
114
-103
39
-163
-72
-163
-158
-92
-170
12
-99
83
6
74
79
-13
76
-132
1
-213
-95
-218
-159
-158
-162
-81
-115
-33
-66
-25
-42
-41
-48
-47
-53
-28
-33
-2
9
-5
40
-53
21
-127
-64
-180
-178
-166
-266
-78
-276
48
-208
151
-94
182
6
144
49
66
40
4
6
-16
-11
5
5
36
45
53
81
48
101
37
109
41
122
64
155
93
206
105
257
86
280
45
270
1
235
-22
194
-23
165
-11
148
0
133
0
114
-7
88
-11
74
-6
76
1
98
-13
125
-54
130
-124
93
-199
16
-240
-74
-224
-137
-148
-142
-38
-80
57
18
98
106
70
135
-4
88
-76
-13
-96
-120
-43
-178
63
-162
168
-89
218
-10
187
21
95
-23
-4
-119
-54
-214
-32
-255
45
-221
124
-134
161
-41
132
11
61
6
-8
-37
-37
-86
-13
-105
48
-88
117
-38
171
26
195
90
189
142
149
173
85
166
7
119
-64
41
-100
-35
-88
-79
-33
-71
28
-21
62
35
53
59
16
44
-7
16
15
17
77
78
144
188
157
291
88
323
-44
255
-180
105
-247
-60
-212
-173
-93
-194
54
-139
166
-49
209
21
195
48
158
41
135
31
142
40
164
74
179
117
169
148
126
149
66
115
12
53
-19
-10
-17
-56
16
-62
54
-30
71
13
39
35
-40
4
-136
-83
-202
-187
-199
-251
-127
-231
-27
-129
37
9
18
110
-81
127
-205
69
-284
-5
-274
-31
-197
21
-114
120
-90
197
-139
195
-220
111
-260
2
-214
-62
-89
-37
49
60
129
163
112
206
24
163
-75
59
-127
-47
-114
-116
-60
-136
-10
-129
14
-124
14
-127
11
-124
21
-99
33
-54
28
-11
-6
8
-56
-7
-91
-35
-91
-42
-58
-12
-20
39
-13
76
-48
65
-100
3
-129
-79
-106
-141
-30
-151
66
-109
146
-40
183
26
178
80
145
119
98
145
32
151
-50
118
-135
42
-198
-59
-202
-139
-141
-157
-35
-98
62
8
103
107
69
152
-4
133
-69
80
-85
42
-55
47
-12
81
-1
108
-40
88
-104
14
-148
-79
-143
-147
-88
-161
-19
-129
22
-89
18
-74
-18
-91
-49
-121
-51
-133
-22
-109
12
-60
19
-20
-6
-13
-47
-42
-66
-81
-45
-91
15
-52
74
23
93
93
52
118
-30
76
-120
-21
-170
-132
-154
-214
-78
-241
21
-216
110
-163
163
-105
182
-61
182
-30
173
-5
164
18
148
35
121
34
80
10
42
-30
20
-66
20
-83
30
-76
32
-57
4
-55
-48
-85
-102
-134
-124
-177
-103
-180
-52
-132
-4
-53
2
11
-37
25
-97
-12
-132
-69
-109
-99
-40
-76
37
-17
76
35
52
33
-6
-30
-51
-117
-39
-172
30
-156
114
-74
154
25
117
86
16
77
-96
19
-168
-47
-177
-75
-146
-65
-115
-39
-108
-35
-117
-64
-113
-100
-66
-103
17
-46
95
49
116
135
61
159
-47
102
-153
-9
-200
-115
-175
-165
-100
-150
-30
-91
2
-31
-17
1
-59
5
-95
0
-108
8
-108
30
-116
48
-144
42
-183
-1
-206
-56
-197
-95
-148
-93
-85
-51
-40
11
-37
57
-81
65
-144
33
-197
-18
-223
-64
-214
-94
-189
-103
-160
-103
-135
-96
-108
-81
-79
-48
-47
11
-32
85
-55
141
-127
144
-233
74
-329
-54
-361
-186
-298
-252
-153
-216
14
-79
130
99
142
236
48
273
-97
204
-213
83
-244
-18
-185
-50
-85
-15
-7
42
6
64
-30
25
-69
-51
-57
-109
18
-101
126
-22
211
96
228
195
174
241
81
229
-2
185
-51
141
-67
110
-71
79
-76
40
-80
-10
-66
-53
-23
-63
35
-35
83
19
96
67
67
86
18
78
-27
63
-48
59
-57
74
-74
86
-110
69
-158
19
-189
-47
-178
-97
-123
-103
-48
-64
8
-14
21
18
-4
14
-40
-17
-58
-50
-50
-62
-33
-59
-25
-55
-40
-76
-61
-119
-59
-163
-17
-173
62
-125
150
-27
206
91
199
183
128
213
22
174
-79
78
-136
-32
-129
-121
-64
-157
32
-130
120
-59
161
18
139
61
66
49
-22
-14
-82
-91
-86
-141
-40
-136
24
-84
67
-18
66
28
29
40
-14
29
-42
20
-51
19
-60
18
-91
-13
-136
-87
-169
-185
-148
-260
-65
-264
54
-185
148
-57
164
51
94
86
-18
42
-105
-35
-114
-80
-49
-52
42
40
94
140
80
192
11
172
-63
102
-91
27
-64
-17
-4
-21
44
-16
56
-27
39
-71
20
-129
25
-170
62
-173
110
-129
141
-66
136
-5
97
29
42
36
-6
29
-30
18
-27
16
3
29
43
59
82
100
105
136
98
148
60
117
6
37
-41
-74
-55
-185
-25
-264
38
-296
112
-279
163
-234
180
-184
161
-144
121
-117
76
-99
42
-86
17
-73
10
-54
16
-26
30
11
40
52
37
79
16
83
-16
59
-44
21
-51
-10
-40
-21
-24
-12
-26
-8
-54
-25
-93
-64
-116
-106
-105
-122
-64
-100
-23
-56
-6
-19
-22
-16
-47
-38
-52
-55
-21
-33
21
33
27
103
-39
120
-164
49
-291
-85
-356
-221
-316
-285
-197
-243
-67
-130
11
-11
18
60
-11
79
-17
88
29
133
107
224
156
312
132
334
41
251
-59
85
-96
-84
-40
-185
75
-189
174
-132
196
-82
131
-83
28
-129
-48
-167
-64
-146
-48
-64
-49
36
-105
89
-200
64
-277
-11
-277
-71
-186
-62
-46
28
64
142
90
211
25
187
-76
81
-143
-48
-137
-134
-69
-144
6
-88
35
-13
-2
30
-92
21
-187
-30
-243
-90
-243
-127
-192
-126
-119
-94
-54
-57
-13
-38
6
-53
19
-89
49
-127
105
-133
177
-91
226
-18
218
47
138
54
8
-16
-116
-139
-170
-252
-129
-288
-12
-219
111
-76
167
69
131
147
29
131
-73
52
-115
-28
-89
-64
-25
-49
15
-18
4
-20
-50
-64
-104
-130
-119
-170
-91
-161
-42
-101
-10
-23
-13
39
-38
78
-57
105
-51
138
-25
180
3
212
16
215
23
190
42
155
86
140
138
148
166
159
140
129
70
37
-6
-93
-34
-214
4
-264
85
-232
151
-153
153
-86
86
-81
-6
-130
-66
-195
-57
-220
5
-183
75
-107
106
-37
82
-8
28
-23
-17
-57
-33
-85
-18
-89
4
-78
21
-62
33
-35
45
6
59
68
57
136
21
175
-49
158
-120
98
-146
39
-105
30
-15
96
64
199
76
276
6
266
-95
170
-157
45
-124
-28
-9
-5
122
91
189
189
158
218
64
159
-22
58
-42
-17
4
-20
66
32
79
82
18
76
-82
11
-162
-73
-177
-113
-132
-79
-80
4
-76
76
-136
90
-224
33
-282
-52
-269
-112
-187
-118
-75
-78
14
-25
63
11
77
18
81
21
86
28
86
38
62
36
13
8
-42
-43
-78
-89
-77
-103
-51
-77
-28
-33
-33
-5
-66
-16
-100
-59
-103
-109
-57
-133
21
-115
101
-73
152
-32
163
-8
146
-4
117
-12
86
-22
52
-34
12
-57
-26
-89
-46
-113
-35
-108
5
-62
46
10
62
76
37
98
-13
65
-52
-4
-53
-74
-10
-115
59
-124
114
-115
136
-110
128
-116
106
-121
88
-107
68
-69
39
-20
-14
20
-82
36
-142
33
-171
38
-159
66
-122
115
-92
162
-86
173
-98
137
-106
71
-83
9
-30
-23
33
-13
68
10
50
18
-17
-9
-105
-64
-180
-123
-216
-155
-218
-150
-199
-110
-181
-56
-169
-6
-161
34
-148
61
-118
83
-75
103
-26
121
19
136
49
142
56
128
38
83
0
4
-38
-97
-47
-192
-16
-242
59
-222
148
-129
206
1
206
124
141
199
40
213
-55
185
-110
144
-117
118
-94
105
-62
93
-37
74
-9
54
29
59
79
100
117
172
117
246
57
278
-47
252
-153
178
-209
101
-198
61
-131
80
-53
135
-4
189
3
203
-13
177
-21
137
1
111
42
112
72
120
60
104
10
37
-52
-69
-78
-179
-45
-240
42
-229
139
-156
194
-69
188
-12
131
-12
65
-53
30
-100
40
-115
77
-94
102
-58
84
-41
25
-66
-50
-125
-104
-189
-118
-221
-103
-206
-84
-164
-92
-124
-129
-114
-179
-136
-201
-168
-174
-174
-105
-137
-22
-66
35
4
42
37
14
22
-19
-28
-26
-69
-3
-74
25
-44
22
-11
-33
-8
-124
-57
-209
-131
-240
-182
-198
-164
-112
-62
-34
88
-18
221
-81
278
-188
236
-276
127
-285
13
-198
-51
-45
-33
116
45
226
136
250
194
206
188
127
126
61
40
38
-28
60
-49
107
-16
146
57
143
130
90
170
-1
153
-100
86
-163
-5
-168
-78
-112
-108
-25
-85
58
-30
105
25
109
55
85
57
57
47
42
40
38
39
33
38
18
21
-1
-16
-1
-52
32
-61
91
-27
149
40
165
101
126
117
45
73
-33
-9
-69
-82
-47
-105
6
-70
46
-2
42
53
-9
71
-74
54
-110
37
-103
48
-63
96
-23
158
-13
198
-34
197
-63
157
-71
100
-47
53
-1
20
47
-5
83
-30
110
-52
140
-52
174
-13
197
60
178
138
103
181
-23
158
-150
82
-233
-5
-237
-54
-173
-33
-81
45
-13
142
-3
209
-46
214
-113
158
-168
60
-180
-49
-146
-141
-71
-202
24
-216
121
-185
199
-117
234
-37
214
23
145
47
56
32
-24
4
-68
-10
-80
6
-86
38
-108
54
-153
33
-197
-25
-205
-83
-160
-105
-71
-71
12
-5
49
47
27
40
-25
-23
-54
-105
-28
-151
51
-127
135
-50
165
24
115
42
9
-22
-96
-144
-142
-267
-104
-339
-4
-335
112
-269
197
-178
231
-93
218
-31
177
1
124
9
77
0
45
-16
35
-19
47
4
65
57
62
114
17
137
-74
92
-175
-20
-230
-153
-199
-241
-79
-235
74
-129
192
23
215
146
141
186
18
146
-82
67
-123
5
-105
-16
-71
-14
-56
-20
-64
-55
-64
-103
-32
-127
45
-100
131
-24
182
57
176
98
129
88
84
52
83
42
116
79
141
144
112
175
8
120
-127
-29
-216
-218
-202
-357
-78
-387
93
-299
226
-155
256
-38
180
-2
59
-47
-42
-124
-76
-179
-51
-183
-4
-146
26
-101
20
-77
-10
-80
-33
-95
-32
-103
-7
-88
28
-55
54
-15
66
22
62
49
42
56
11
33
-25
-22
-49
-103
-40
-185
11
-237
100
-239
194
-194
255
-137
260
-103
213
-116
149
-168
109
-217
115
-227
150
-178
182
-91
171
1
112
62
18
80
-76
66
-143
42
-174
16
-172
-8
-148
-32
-103
-54
-32
-59
61
-35
161
16
238
75
267
107
247
87
206
18
180
-67
197
-124
255
-125
324
-68
356
12
332
76
250
95
145
69
54
20
4
-23
-2
-40
19
-35
49
-18
72
-3
91
11
115
28
142
57
168
99
170
143
140
163
69
143
-21
76
-107
-23
-163
-124
-170
-197
-144
-228
-100
-214
-72
-185
-75
-162
-106
-165
-139
-185
-149
-202
-122
-190
-69
-136
-15
-58
13
18
10
69
-11
90
-25
100
-12
124
18
173
45
232
40
267
-3
250
-59
185
-92
98
-70
37
3
34
90
