199
-308
197
-306
198
-303
269
190
169
-322
150
-332
-351
-166
111
-349
329
105
-363
-100
-86
346
-372
-59
-46
354
-25
354
-375
8
17
357
-369
50
342
-76
-361
92
-126
-344
-146
-335
-165
-327
305
-173
-319
191
197
297
215
284
-250
-269
-266
258
230
-267
212
-281
197
-293
-317
-187
-323
-170
-333
-151
-343
-132
-118
343
344
93
66
-353
-56
358
25
-359
-13
362
-366
13
356
-32
354
-55
70
353
344
-95
-119
-342
-339
135
150
325
168
315
-310
191
204
294
-286
224
239
268
-260
-253
267
237
281
221
294
202
304
186
-322
-170
-330
-151
-341
-134
-347
-112
86
-351
352
68
-359
-51
359
27
7
-361
12
358
32
358
-356
53
-76
-356
-97
-349
342
-119
-336
134
-156
-328
-317
173
-194
-308
208
293
279
-230
-269
240
-254
257
-239
270
-288
-223
202
-298
187
-310
167
-320
-332
-153
335
129
342
110
-93
346
-71
352
46
-359
-29
358
6
-362
-363
13
356
-37
355
-57
349
-78
-351
95
-119
-342
136
334
-158
-327
-177
-316
302
-194
-294
210
277
-228
-246
-269
-252
256
270
235
285
221
-300
-204
-313
-187
166
-320
327
148
127
-339
-346
-110
-354
-90
-70
356
46
-360
0
-1
-1
1
-1
0
-1
1
-1
0
-1
-1
0
0
-1
-1
0
-1
-2
-1
-1
-1
-1
0
-1
0
-1
-1
0
-1
-2
-2
0
-1
-4
-1
-2
-1
-1
0
-1
-3
-2
-1
-2
-1
-2
-1
-1
-2
-2
-2
-1
-1
0
-1
-1
-1
-2
-1
-1
1
-1
-2
-1
-1
-2
-1
-3
0
-1
0
-1
0
-3
-1
-1
0
-1
-1
-1
-2
-1
0
-1
-1
-1
-2
1
-1
0
1
-2
0
-2
-1
0
0
-1
-1
-1
-1
-1
0
-2
-2
-1
0
-1
-1
-2
-1
-1
0
0
-1
-2
0
0
-1
-3
1
-1
-1
-1
-1
-1
0
0
0
-1
-1
-1
-2
-1
1
-3
-1
1
-1
-1
0
-1
-1
0
-1
-1
-1
0
0
-3
0
-2
-2
-2
-1
-1
-2
-2
-1
-3
-1
-1
-1
0
-1
-3
-2
-1
-1
-2
-1
-1
-3
-4
-2
-3
-2
-1
-1
-3
-1
-3
-2
-3
-2
-2
-1
-2
-1
-4
-1
-1
0
-4
-1
-1
1
-3
1
-4
1
-4
1
-1
-1
-3
1
-1
0
-3
0
-1
-1
-3
-1
-2
0
-2
-1
-1
-1
-1
1
-1
1
-2
-1
-3
1
-1
-1
-3
1
-2
1
-1
0
-2
0
-1
0
-1
0
-2
-1
-2
-1
-1
-1
-3
-1
-3
1
-2
1
-1
0
-1
-1
-1
0
-1
1
-1
0
-1
-1
-1
0
0
-1
-1
-1
-2
-1
-1
-1
0
0
0
0
-2
-1
-1
0
-1
-1
0
0
-1
-3
-1
0
-1
-1
-1
0
-1
-1
-1
-1
-1
-1
-1
-2
-1
0
-2
0
-2
-1
-1
-1
0
-1
-1
-1
-1
-1
0
-1
-1
-1
-1
-1
-3
-2
-2
-1
-1
-2
-2
-1
0
-3
0
-1
-2
-2
-1
-1
-2
-2
-2
-1
-1
-1
-2
0
-1
-3
-3
-1
-2
-3
-1
-4
-1
-2
-4
-1
1
-2
-2
-3
-2
1
-1
-1
-1
0
-3
-2
-2
-2
-2
-1
-1
-3
-2
-1
-2
-1
-3
-2
-2
-1
-2
-1
-1
-2
-4
-2
-1
-2
-3
0
-1
-1
-1
1
-3
0
-1
-1
-1
-1
-1
-2
-3
1
-1
1
-1
1
-1
-1
-1
1
-1
-1
-1
1
-3
-1
-2
-1
-4
-1
-2
0
-3
-1
-3
-1
-1
1
0
-3
1
1
-2
0
-1
1
-1
0
0
0
0
0
-1
0
-1
1
-1
-1
-2
-1
-1
-1
-1
0
-1
0
-1
1
-1
-1
0
0
-2
-1
-3
0
0
-1
-1
1
1
1
0
-1
-1
0
0
-1
-1
-1
-1
-2
-1
0
-1
-1
-1
-1
1
-1
-1
0
-1
-3
0
1
1
1
0
-1
-1
0
-1
0
-1
1
0
-1
-1
-1
-1
-1
-2
-1
0
-1
-2
-1
-1
-1
-1
0
0
0
-1
-1
-1
0
-1
-1
0
-1
-1
-2
-1
0
-4
-1
-2
0
-1
1
-1
-2
-2
-1
-1
-1
-1
0
-1
0
-1
-1
-1
-1
-1
-1
-1
-1
-1
-1
-1
0
-1
-1
1
1
-4
-1
-1
-1
-3
-1
-1
0
-1
-1
-1
0
-1
-1
-1
-1
-3
-1
0
-1
-1
1
-1
-1
-1
0
-2
0
-1
0
-1
0
-2
0
-1
0
-2
-1
-3
1
-1
-1
-3
-1
-1
-1
0
1
-1
-1
-1
-1
0
1
-3
-1
0
-1
1
0
0
-1
-1
0
-1
-1
-1
-1
0
0
0
0
-1
-1
-1
-1
-3
-1
-1
0
-3
0
0
-1
0
-1
-1
1
-1
-2
1
1
0
1
-1
-1
-2
1
-1
-1
-2
0
-1
-1
0
0
-1
-2
0
0
-1
-1
-1
0
-1
-1
0
-2
0
0
-1
0
-1
-1
-1
0
-1
-1
-1
0
-2
0
-3
-1
-2
-1
-1
-1
0
1
-2
-3
0
-1
-1
-1
0
-1
-1
-1
-4
-1
-2
-1
-1
-1
-1
-1
-3
0
0
-1
-2
-1
-1
0
-1
1
-1
-1
-1
-1
-1
0
-1
1
-1
-2
-3
-1
0
-1
0
-1
-1
-1
-4
-2
-1
0
-1
-1
0
-1
-1
-1
0
-1
-1
-1
-1
-1
-1
-1
-2
-1
-1
1
-1
0
1
0
0
-1
0
0
-1
0
-1
1
-1
0
-3
-1
-1
1
-2
1
-1
1
-1
-1
-1
-1
-1
0
-1
0
0
-1
-2
-1
-2
-1
-1
1
-1
1
-1
0
0
-1
0
-1
-1
1
-1
-1
-1
-1
0
-1
0
1
0
0
0
1
0
-1
-1
-1
-3
-1
-1
-1
0
-1
-1
1
-1
0
0
-1
-1
0
-1
-1
-1
1
-1
0
-1
0
-1
-1
-1
0
-1
0
-3
1
-1
-1
0
-1
-1
-1
0
0
-1
1
0
-1
-1
0
-4
-1
0
0
-1
0
0
0
-2
1
0
-1
-1
0
-1
1
-1
-1
-1
1
-1
-1
-3
-1
-1
-1
-1
-1
-1
0
0
-1
-2
1
-1
-1
-1
-1
0
-1
-1
-1
-1
-1
-2
-1
-1
0
-1
0
-1
1
-1
-1
0
0
-1
-1
-1
0
-1
-1
0
0
1
0
-1
0
0
-1
-1
0
-1
-1
-1
1
-1
-1
-1
0
0
1
-1
0
-1
1
-1
0
-2
1
-1
-1
-1
-1
0
0
-1
-1
0
0
-1
-1
-2
-1
-2
-1
0
0
0
0
-2
1
0
0
1
-1
-1
0
-1
1
0
1
0
0
-1
1
-1
0
-1
1
-1
-1
-1
0
-2
0
-1
1
-1
0
-1
-2
-1
0
-1
0
-1
-1
-1
0
-1
-1
-1
-1
0
-1
1
0
-1
0
1
1
-1
0
-1
-1
-1
0
0
-1
-1
-1
-1
0
-1
-1
0
-1
-2
0
-1
0
-1
-1
-1
0
-1
-1
-1
0
-3
-1
0
-1
0
-1
-1
0
-2
-1
-1
1
-4
0
-1
0
0
-1
-2
0
-1
-1
-2
0
-1
-1
0
0
1
0
-1
-1
-1
-1
0
0
-1
-1
-2
-1
-1
0
0
0
-2
-1
-1
0
-1
0
0
-1
-1
-1
0
-2
0
0
-2
-1
-1
0
-1
0
0
0
-1
-1
-1
-1
-1
0
1
-1
1
0
0
1
-1
-2
0
1
-1
-1
-1
0
-1
-1
-3
-1
0
1
0
-1
0
0
-1
-1
0
-1
-1
-1
0
0
-1
1
0
-1
1
-1
0
0
-1
0
-1
0
-1
-1
-1
0
-1
-1
0
0
-1
-1
-1
0
-1
-1
-1
-1
0
-1
-3
-1
0
-1
-1
-1
-1
-1
0
-1
0
-1
1
0
-1
-1
-1
-1
-1
-1
1
-2
-1
0
0
-1
0
0
-1
1
-1
1
-1
-1
-1
-2
-2
1
1
0
-1
-2
-3
0
-1
-1
-1
0
0
0
0
-1
-1
-1
-1
-1
-1
-1
0
1
-1
-1
-1
-1
0
1
0
0
0
0
-1
-1
0
-1
0
0
-2
-1
0
0
0
0
-1
-1
-2
-1
-1
0
-2
-1
-1
-1
0
-1
0
0
-4
-1
-1
-1
0
-1
-2
0
-1
1
-1
-1
-2
-1
-1
-1
-1
-1
-1
0
0
0
-2
1
-1
-1
-1
-1
-3
1
0
-1
-1
-1
1
-1
-3
-1
-1
-1
-1
-1
0
1
0
-1
1
1
-1
1
-1
1
-1
-1
-1
-1
1
1
1
-1
-2
-1
-1
1
-1
-1
-1
0
-1
0
-1
0
0
-1
0
-1
0
0
0
-1
-1
1
0
-3
-2
-1
0
0
0
1
-1
-2
1
-1
-1
-1
0
-1
-1
0
1
1
0
-2
-1
-1
-2
-2
-1
-1
1
0
0
1
-1
0
-1
-1
1
-1
-1
0
-1
-1
0
-2
0
-1
-1
1
1
-1
-1
-2
-2
-1
0
-2
0
-2
-1
-1
1
-3
0
-2
-1
1
1
1
0
-1
-1
0
1
-1
1
1
1
-1
-1
1
-1
-1
-1
1
-1
0
0
-1
1
-1
-1
0
-1
-1
1
-1
-1
-1
-3
-1
-1
0
-1
0
-1
0
0
0
-1
0
-1
-1
-2
-1
-1
-1
-2
1
-1
1
-2
1
-1
1
-1
-1
1
0
0
-1
0
2
-1
-1
-1
1
0
1
-1
0
-1
1
0
1
-1
-1
-1
-1
-1
-1
-2
1
0
-1
-1
-1
-1
0
-1
0
0
1
0
-1
-1
-1
-1
1
0
1
-1
0
0
0
-1
-1
1
-1
1
-1
0
1
-2
0
0
-1
-2
-1
-1
-1
1
-1
-1
0
0
-1
-1
0
-1
-1
-1
-1
0
0
-1
1
-1
-1
0
-1
-1
0
-1
0
1
-1
1
-1
-1
-1
-1
0
0
0
1
-1
0
-1
-1
-1
-1
-1
0
-1
0
-1
0
-1
-1
-1
1
1
0
-1
-1
1
-1
0
1
-2
1
-1
-1
1
-2
-1
1
-1
0
0
-1
0
1
0
-1
-1
1
-1
0
0
-1
-1
-1
1
-2
1
-1
-1
0
-1
-1
0
0
0
-1
-1
0
-1
-1
1
0
1
-1
0
-1
1
-1
-1
1
-1
0
0
-1
-1
1
1
-1
0
-1
1
-1
0
-1
0
0
0
1
-1
-1
0
0
-2
-1
1
-1
1
-1
0
-2
1
-2
1
-1
0
1
0
-1
0
0
0
2
0
-1
-1
0
0
1
0
1
-1
-2
0
-1
-1
-1
1
0
1
-1
1
1
1
1
0
1
0
1
1
-1
-1
0
1
-1
0
0
-1
0
0
-1
0
-1
-1
-1
-1
0
-1
0
0
-1
-1
-1
-1
1
1
-2
-1
-1
-1
1
-1
-1
-1
-1
-2
-1
1
1
-1
-1
-1
-1
-1
0
0
2
0
-1
-1
-1
-1
0
-1
1
0
-1
0
1
1
0
-1
-1
-2
-1
1
1
1
-1
-1
-1
0
0
-1
-1
0
-1
1
0
0
0
1
-1
-1
0
1
0
0
1
-1
0
-1
-1
-1
1
0
-2
-1
1
-3
1
-1
1
-1
1
-2
-1
-1
-1
-1
-1
0
0
0
0
0
-1
0
0
-1
0
-1
-1
-4
1
-1
-1
1
0
0
1
-1
0
0
0
-1
-1
0
-1
-1
1
0
-1
-2
1
1
0
-1
0
0
-1
-1
-1
-2
0
-1
0
-1
-1
-1
1
-1
0
0
-1
-1
-1
-2
1
-2
1
0
-1
1
1
-1
-1
-1
1
-1
0
0
0
0
1
-1
-1
-1
0
-1
-1
-1
0
-1
0
-1
-1
-1
-1
-1
-1
-1
-1
-1
1
0
0
1
-1
-1
1
-1
-1
0
-1
-2
1
0
-1
1
-1
1
0
-1
1
-1
0
-1
0
-1
0
-1
-1
1
-3
-1
-1
-1
1
-1
0
-1
1
0
-1
0
1
-1
0
-2
-1
0
-1
1
-1
0
1
-1
-2
0
0
-1
1
0
0
-1
-1
-2
-1
-1
0
0
0
-1
1
-1
0
0
-1
0
0
-1
0
-1
-1
0
-1
1
-1
0
0
0
-1
-1
-1
0
0
0
0
1
2
-1
1
-1
1
0
1
1
0
-1
-1
-1
-1
0
-1
-3
0
-1
1
-1
0
0
1
-1
1
-1
-1
-2
1
0
0
1
-1
0
0
0
1
-1
0
-1
-1
0
-1
-1
-1
0
1
0
1
0
-1
-1
1
-1
-1
-2
-1
0
-1
-1
-1
-1
-3
-1
-1
0
1
1
-1
-1
-1
-1
-1
-1
-1
-1
0
-2
-1
0
0
0
0
0
-1
-1
-1
0
0
0
-1
-1
-1
-1
0
-1
-1
0
-1
-1
0
1
-1
1
1
0
0
-1
0
-1
-3
-1
0
0
-1
0
0
-1
-1
-1
1
-1
1
-1
-1
0
1
-1
1
0
1
-1
0
0
-1
-2
0
0
0
1
0
-1
0
-1
-1
1
0
-1
-1
1
-1
-1
-1
-1
0
1
1
-1
0
-1
-1
0
-1
-1
-1
0
-2
1
-1
-1
-1
-1
1
0
-1
1
-1
-1
-1
-1
-1
-1
-1
-3
0
0
1
0
-1
-1
1
0
-1
-1
-1
-2
-1
-1
1
1
0
1
0
-1
-1
-1
1
-1
1
-1
0
0
1
-1
1
-1
-1
-1
1
0
-1
-1
0
-2
1
1
1
-2
0
0
0
-1
0
-1
1
0
-1
-3
0
-1
0
1
2
0
-1
-1
0
-1
-1
-1
0
-2
-1
0
1
-1
0
-1
1
0
-1
-1
1
1
0
0
0
-1
0
-1
2
-1
-1
-1
-1
-1
-1
0
-1
-1
-1
-4
2
-1
-1
-1
-1
-1
-1
-1
-1
0
1
-1
0
-2
0
0
1
-1
-1
-1
-1
-2
1
-1
-1
-1
1
-1
1
-1
1
-2
0
-1
0
-1
-1
1
0
-1
1
-1
1
-4
1
-3
-1
-1
-1
-1
-1
-1
0
-1
-1
-1
0
-1
1
-1
-1
0
0
-1
0
-1
1
-1
1
0
-1
-1
-1
0
-1
0
1
-1
0
-1
-1
-2
-1
-1
0
-3
1
-1
1
0
3
-1
1
0
1
-1
1
0
-1
-2
1
-1
-1
0
1
-1
-1
1
1
1
1
0
1
0
0
0
1
-1
1
-1
-1
0
0
-1
1
-1
1
-1
0
1
1
-1
1
-1
1
-1
1
0
1
-1
1
-2
-1
-1
1
1
1
-1
0
1
1
-1
-1
-1
1
-1
1
-1
-1
0
0
0
0
-1
0
-2
-1
-1
1
-2
0
0
-1
-2
0
-1
-1
-1
-1
-1
0
-3
-1
-1
0
-1
0
-1
0
-1
0
-1
0
0
-2
-2
1
-1
0
-1
0
0
1
-1
0
-1
-1
-3
0
-2
0
-1
-1
-1
1
-1
-1
-4
0
-1
-1
-1
-1
0
0
-1
1
-1
-1
-1
-1
-1
0
-1
-1
-1
-1
-1
-1
-2
-1
-1
0
-1
-1
0
-1
-1
1
-1
0
-1
-1
-1
0
-1
0
-2
-1
-1
-1
0
1
-2
-1
-1
-1
-1
-1
-1
0
1
-1
-1
-2
1
-1
-1
-1
0
-1
-1
-1
1
-2
1
-1
-2
-1
-1
1
-1
0
0
-1
-1
1
-1
0
-1
-1
-2
1
-1
-1
-1
0
-1
-1
-1
-1
-2
0
-1
0
-2
0
0
1
1
-1
-1
-1
-2
-1
0
-1
-1
-1
0
0
1
1
1
-2
-2
-1
-1
0
-1
1
-1
-1
-1
-1
0
1
-1
0
0
0
0
0
-1
0
0
1
-1
0
-1
-1
-1
0
-1
1
-1
1
0
0
-1
0
-1
1
-1
1
-1
0
-1
0
-1
-1
-1
0
-2
0
0
-1
-1
-1
-2
-1
-1
-1
-2
-1
-1
0
-2
0
0
-1
-1
-1
-1
1
-1
-1
-1
-1
-1
-1
-1
-1
-3
0
-1
-1
0
-1
1
-1
-1
-1
-2
0
-1
1
-1
0
-1
0
-2
-1
-2
0
-3
-2
-1
-2
-2
1
-2
-1
-1
0
-1
-1
0
-1
0
1
-1
-2
-2
-2
-1
0
-1
-1
-1
0
-1
0
-1
0
-1
0
-3
1
-1
0
0
0
-1
1
1
0
-1
0
-1
-1
-1
0
-1
-1
-1
0
0
-1
-2
0
-1
-1
-1
1
-1
-1
-2
0
-1
-2
-1
-1
-1
-1
-2
-1
-2
0
-4
0
-1
0
-1
1
-1
0
1
1
-2
1
-1
1
0
-1
-1
1
-1
-1
0
1
-1
-1
-1
0
-1
-2
-1
1
0
0
-1
1
-1
0
0
-1
0
-1
-2
-1
-1
-1
-1
-1
-1
0
-1
-1
-3
-1
-2
-1
-2
1
-2
0
-2
-1
0
-1
0
0
-2
1
-2
0
-1
-1
-2
1
-2
-2
-1
-1
-1
1
-2
-1
-2
-1
-1
0
-1
0
-2
-1
-1
-1
-1
0
-2
1
-2
0
0
1
-1
-1
-1
1
-1
-1
0
-1
-1
1
0
-1
-1
-1
-1
0
-2
-1
-1
-1
-1
0
0
-1
-1
-1
-2
0
-1
-1
-2
0
-1
0
-1
-1
0
0
-2
0
-1
-2
-1
-1
-1
-1
-3
-1
-2
-1
-2
-1
-1
-2
-1
0
-2
0
-1
-1
-1
-1
-1
0
-2
-1
-1
-1
-2
-2
0
1
-1
1
-1
-1
-2
0
0
0
-3
-1
-1
-1
-1
-1
-1
0
0
-1
-1
-1
-1
-1
-1
1
-2
0
0
-1
-3
-1
-1
-1
-2
-1
-1
-1
-1
-2
1
-1
-1
1
-1
-1
-1
0
-3
0
-2
-1
-1
0
-1
-4
0
0
-2
-3
-1
-1
-1
0
-2
0
-3
0
-1
-1
-1
-1
-1
-1
0
-1
-2
-1
-2
0
-1
0
-2
1
-1
-1
0
-1
-1
-1
-1
0
-2
-1
-1
1
-3
-1
-2
-1
-1
0
-1
1
-1
0
-1
0
-1
-1
-1
-1
-1
0
-1
0
-2
0
-1
0
-1
-1
-2
0
-2
-1
-1
0
-1
-1
-1
0
-1
0
-1
-2
-1
1
-1
-1
0
-1
-1
-1
-1
0
-2
0
-1
0
-1
0
0
-1
-1
1
-2
-1
-1
-1
-1
-1
-1
0
-2
0
0
0
-1
-1
-1
-1
0
1
-2
-1
-1
0
-1
-1
-1
-1
-1
-1
-2
-1
-3
-1
-3
-1
-3
-1
-1
-1
-1
-1
-1
-1
-1
-1
-3
0
-1
-1
-1
0
0
-2
-2
-361
-47
23
-361
-4
360
-361
17
-359
38
356
-62
350
-83
-349
101
120
339
331
-142
322
-162
176
313
-197
-303
-291
214
-278
229
246
262
-251
260
231
-276
-218
287
-199
300
181
-312
320
162
142
-332
-126
337
-105
344
-352
-86
-357
-64
42
-359
-361
-23
360
1
19
361
-359
39
-62
-355
351
-83
-104
-346
-124
-342
139
332
-163
-325
312
-180
197
301
214
291
231
276
262
-248
247
-263
232
-277
216
-290
-199
301
180
-313
321
163
144
-332
-124
337
-104
346
-83
349
-63
356
-43
358
21
-361
360
0
-21
-361
-42
-358
-355
62
84
350
-345
102
-125
-340
334
-145
323
-163
-311
178
-199
-302
-214
-291
-232
-278
-261
246
-263
-250
-277
-235
-290
-216
-301
-198
180
-313
323
159
-331
-144
122
-341
-102
344
-351
-84
62
-356
359
40
361
20
2
358
-361
19
358
-47
-354
61
-350
83
105
343
-339
122
-143
-334
-164
-323
-181
-312
198
298
288
-219
-233
-279
-262
246
-247
262
-276
-234
291
211
-303
-199
-313
-182
158
-327
332
138
-122
337
-103
344
81
-353
-355
-64
-40
357
-19
356
-3
-363
360
-25
-45
-358
-66
-356
85
349
104
342
-125
-339
-333
143
164
318
-312
181
198
298
217
287
233
272
-262
248
243
-264
-231
278
-213
289
193
-304
176
-314
-161
323
332
139
338
120
100
-346
78
-354
356
58
358
38
360
16
-4
-361
25
359
357
-47
64
355
-88
-351
-107
-345
-339
127
330
-146
165
321
-186
-310
201
298
-218
-289
274
-235
260
-250
-245
264
-229
279
212
-293
-303
-195
-315
-177
157
-326
-334
-139
-119
340
98
-347
78
-354
-357
-59
-359
-37
-16
359
4
359
27
359
-358
45
66
352
-349
85
107
344
337
-129
146
328
-321
164
-310
183
202
298
-287
218
-236
-275
-258
249
-265
-245
-280
-231
-293
-213
-194
303
315
175
-325
-159
137
-334
119
-343
-347
-102
354
75
-357
-58
-36
358
-16
359
361
-6
26
357
-49
-361
-68
-356
88
346
108
342
-337
127
329
-152
320
-170
-185
-311
204
295
284
-223
271
-239
-259
250
-244
263
280
226
-293
-214
-307
-194
174
-317
323
154
-336
-139
-117
339
-349
-99
75
-355
-359
-60
33
-360
-16
358
6
358
26
358
46
356
-358
67
-350
88
-112
-346
-339
128
-152
-330
168
318
185
305
201
297
220
285
236
270
256
-255
-244
267
-284
-228
208
-295
-194
305
-317
-175
153
-327
-138
334
115
-344
-350
-95
73
-354
356
55
-35
359
-16
362
-11
-360
28
360
-358
50
350
-69
349
-91
110
345
-337
133
-151
-329
318
-170
-187
-308
-298
205
284
-221
-238
-271
253
256
242
-267
226
-280
210
-295
-305
-192
-172
317
-154
327
136
-336
-114
344
350
95
354
75
54
-357
-358
-35
362
11
-7
-361
32
360
357
-52
-70
-356
349
-93
-110
-346
135
333
-151
-328
173
315
190
303
-203
-298
-282
219
272
-242
257
-259
269
235
283
220
-208
291
191
-310
-170
313
-149
324
-132
330
343
110
349
90
-74
349
-358
-58
31
-366
12
-366
-363
5
358
-37
49
351
-75
-358
-351
88
341
-119
-338
130
325
-156
315
-175
-308
185
-298
204
280
-227
-272
237
