-310
199
-281
234
-251
264
-323
-226
-326
-206
-192
305
132
-340
315
120
100
-350
-107
342
59
-361
-372
-59
346
25
-5
-367
-375
6
-374
29
-65
-360
62
351
-107
-351
103
342
-347
133
142
325
306
-171
298
-191
284
-209
214
284
-279
243
245
257
-249
274
-233
287
288
208
-197
311
313
170
321
150
-340
-132
338
110
-99
349
-360
-72
-362
-51
-365
-31
-364
-10
-16
-363
28
358
51
358
70
353
-354
95
339
-115
-339
134
-330
155
313
-173
302
-192
-214
-297
-286
226
238
269
-260
-255
-243
271
218
-286
295
205
-191
308
-174
317
325
148
333
130
-348
-114
346
88
351
69
-360
-52
358
27
7
-363
-361
14
33
358
-359
52
351
-77
347
-98
115
340
-334
137
-327
154
172
315
192
304
-212
-295
279
-228
-245
-269
-261
-256
-274
-239
218
-286
-300
-206
-311
-189
317
166
148
-332
129
-339
109
-345
347
88
67
-356
353
47
26
-363
-363
-6
13
358
34
358
-58
-357
351
-79
-352
99
339
-119
136
333
-327
157
174
315
-194
-307
291
-211
-230
-281
266
-243
-255
258
272
236
-222
286
-301
-205
-188
310
-322
-167
-148
330
-129
337
-110
344
-89
349
-356
-69
46
-358
-1
-1
-1
-1
0
-1
0
-1
-1
-1
-1
-1
-1
0
-1
-1
-1
-1
-1
-1
-1
0
-1
-1
-1
-2
-2
1
-1
-2
-2
-1
0
0
-3
0
-1
-1
-3
-1
0
-2
-2
-1
-4
-1
-2
-1
-3
-1
-1
-1
-2
-1
-3
-1
-2
-1
-1
-3
-2
-1
0
-1
-1
-1
-2
-3
-3
0
-1
1
-2
-1
-1
-1
0
0
-1
-1
-1
0
-1
1
-2
-1
-1
-1
-1
-1
-1
-1
-2
-1
-2
-1
-1
-1
-1
-1
1
0
0
-2
-2
-1
-3
-1
-1
0
-2
-1
0
0
-1
1
-1
-1
-1
0
-1
-2
0
-1
0
-1
-1
-1
-1
0
-2
-1
-2
0
-1
-1
-1
-2
-1
-1
-1
-1
0
-1
-1
-1
-3
-1
-1
-1
-3
0
0
-1
0
-1
-1
-1
-1
0
0
-2
-2
-1
-2
-1
-4
1
-3
-2
-2
0
-1
-1
-3
-2
-1
-1
-2
-1
-4
-1
-1
0
-1
-1
-2
0
-1
-1
-3
-1
-3
1
-2
-1
-4
0
-2
0
-2
-1
-1
0
-1
-1
-1
-1
-1
1
-2
0
-1
-1
-1
1
-1
1
-3
-1
-1
0
-1
0
-1
1
-1
2
-3
1
0
0
-1
0
-2
1
-2
-1
-2
-1
-2
2
-1
-1
-1
-1
-1
1
0
0
-1
0
-1
0
0
-1
-2
0
-1
0
-3
-1
-1
1
-1
-1
-1
3
0
1
0
-1
-1
-1
-1
0
-3
-1
2
0
-1
-2
-1
0
1
-2
0
-1
-1
-1
0
-3
-1
0
1
-2
-1
-2
0
-1
-2
-2
-1
-1
0
-1
-1
-1
-1
-1
-1
-1
-1
-1
0
-1
-1
-2
0
-1
0
-1
-2
-1
-1
-1
-2
-1
-1
-1
-2
-2
-2
-1
-1
-1
-1
-2
-3
-2
-2
-1
-3
-3
-1
-1
-3
-1
-4
-1
-1
-1
-1
-2
-1
-1
-1
-1
-1
0
-3
-1
-1
-1
-2
-3
-3
-1
-4
1
-3
-1
-3
-1
-1
-1
-1
-1
-3
-4
0
-1
-1
-1
0
0
-4
-1
-3
-2
-2
-2
-1
-1
-2
0
-3
0
-4
-3
-1
1
-1
-2
-1
0
-1
-1
-1
-1
-3
1
-2
0
-2
1
-1
0
-1
-1
-1
-1
-1
1
-2
0
-1
0
-3
0
-1
0
-2
1
-1
-1
-1
1
-1
1
-2
-1
-2
1
-1
0
-1
-1
-2
0
-1
0
-1
1
1
1
-1
0
0
-1
-1
0
-1
1
-1
0
0
0
-3
-1
-1
0
-1
0
-2
-1
-1
0
0
1
-1
-1
-1
0
-1
0
-2
0
-1
-1
-1
-1
-3
0
0
0
0
1
0
0
0
1
0
-1
0
-1
-1
0
0
0
-1
-1
-1
-1
-2
-1
0
-1
0
-1
-1
-1
1
-1
-1
-1
1
-1
-1
-1
-1
-1
-2
0
-1
0
-1
-1
-3
-1
-2
0
0
-1
-1
0
-2
0
-1
-2
-1
-1
-1
-1
0
0
0
0
0
-1
-2
-3
-1
-1
0
-1
-2
-1
-1
-1
-2
0
-1
-1
-1
-1
-1
1
-3
-1
-1
-1
-2
-1
-2
0
-2
-1
-3
-1
-1
-1
-2
0
-1
-1
-2
-1
-1
-1
-1
0
-3
-1
-1
-1
-1
-1
0
0
-1
-1
-1
1
-1
0
-2
1
-2
0
0
0
-1
-1
-4
0
-1
-1
-1
0
-2
-1
-2
0
-2
0
-1
0
0
0
-1
-2
-1
-1
-4
0
-4
-1
1
0
-1
-1
-1
0
-1
-1
-1
-1
-1
0
-1
-2
-1
0
0
-1
-1
-1
0
-1
-1
0
-1
0
-2
-1
-2
-1
0
0
-1
1
1
1
-1
0
0
1
-1
-1
-3
-2
-1
-1
-1
0
-1
0
-1
-1
-2
1
-1
0
0
0
-1
0
-1
0
0
-2
0
0
1
1
-2
-2
-1
1
-1
-1
-1
-1
-2
-1
-1
-1
-2
-1
-3
-1
-1
0
0
-1
0
1
-3
-2
1
0
0
-1
-1
1
0
0
-1
-1
-1
-2
-1
-1
-1
-1
-1
0
1
-2
-1
0
-2
1
-1
-1
-1
-1
-1
0
-1
-1
-1
0
-1
0
-1
1
-1
-1
-1
-1
0
0
-1
0
-1
-1
-1
-1
-1
0
-2
0
-1
0
-1
2
-1
-1
1
-1
-2
0
1
-1
-1
-1
1
0
0
0
-1
-1
0
0
-1
-1
-1
-2
-1
0
-1
-1
-1
1
-1
-1
0
0
0
-1
-1
0
-2
-2
-1
0
-1
0
0
0
-1
0
-1
0
-1
0
-1
-1
-1
1
0
1
-1
1
-1
1
-1
-1
-1
0
-1
-1
-2
1
-1
-1
-1
-1
-1
-1
-1
0
0
-1
-1
1
0
0
-2
-2
-1
0
0
1
0
-1
0
-1
-1
-1
-2
1
1
-1
-1
0
-1
-1
-3
-1
-1
1
-2
-1
-1
-1
-2
-1
-1
0
-1
1
-1
-1
-1
-1
-1
0
-1
0
-2
-2
-1
-1
-1
-1
0
0
0
0
-1
0
0
-2
-1
1
-1
-1
-2
1
0
1
-1
-1
-2
-2
0
-1
-1
-1
0
-1
-1
1
-1
-1
0
-1
-1
1
1
-1
-1
1
-1
-1
0
-1
-2
0
0
1
0
1
-2
0
-1
1
0
0
-1
1
-1
-1
-1
-1
-1
1
0
-1
-1
-1
0
0
-1
-1
-1
-1
-1
-1
-2
1
-2
-1
-1
1
-1
0
-2
0
1
0
0
-1
-1
-1
-1
-1
-2
1
0
-1
-1
0
-2
-1
-1
0
-1
0
2
0
-1
0
-1
-1
-1
0
0
0
-1
1
-1
1
0
-1
1
0
-2
-1
0
-1
-1
-1
0
1
-2
1
-1
0
-2
-1
0
-1
0
-1
-1
1
-1
-1
0
1
-1
1
-1
-1
-1
1
-1
-1
-1
1
0
-1
-3
-1
-1
1
-1
-1
-1
-1
-1
0
0
0
-1
-1
-2
0
-1
0
-1
-2
-1
0
0
-1
0
0
0
-1
0
1
-1
-1
0
1
-2
1
0
-1
-1
-1
-1
-1
0
-1
-1
-2
-1
-1
1
0
-1
0
-1
-1
-3
1
-1
0
0
-1
0
0
0
0
-1
1
-1
0
-1
-1
0
0
-1
0
-1
1
-1
-1
0
-1
-1
0
-1
-2
-1
1
-3
-1
0
-1
-1
0
-1
-1
-2
-1
-2
0
-1
1
-1
-1
-1
1
0
0
-1
0
0
-1
0
1
0
-1
0
1
-1
-1
0
-1
0
-1
-1
0
-1
-1
-1
0
1
0
0
-1
-1
-1
-2
0
-1
0
0
-1
-1
-1
0
-1
-1
-1
-2
-1
0
1
-1
1
0
-1
-1
1
-1
0
-1
2
-2
-3
-1
0
0
1
-1
1
-2
1
0
0
1
-1
1
0
-1
0
-1
0
0
1
-2
-1
-2
0
0
-1
-1
-1
0
-1
-1
1
-1
1
-1
1
-1
-1
-1
2
-1
-1
-1
3
-1
-2
0
-1
-1
-1
0
0
-1
0
-1
1
0
1
-1
-1
0
-1
0
0
-1
0
1
0
-1
0
1
1
-1
-1
0
0
-1
-1
-1
0
-1
0
-1
-1
-1
1
0
-1
0
0
-1
-1
-1
-1
-1
0
0
-1
-1
1
0
0
-2
-1
-1
-1
0
0
-1
0
-1
-1
-1
1
-1
1
-2
-1
0
-1
-2
0
0
-1
-2
-2
0
0
-1
-3
-1
1
-1
0
-1
-1
-1
0
-3
1
-1
-1
0
-1
0
-1
-1
-1
-1
-1
0
-2
-1
-2
-1
-1
0
-1
1
0
-1
-1
-1
0
-1
0
-3
-2
-1
0
-1
-1
-2
-1
1
-1
0
-1
-1
-1
0
-1
-1
-1
-1
-2
-1
0
1
0
-1
0
0
-1
-1
-1
1
-1
0
-1
1
1
-2
0
-1
-1
-1
-1
-1
-1
-1
-1
0
-1
-2
-1
1
1
2
-1
-3
-1
0
-3
1
1
0
-1
-1
-1
-1
0
-1
0
1
-1
-1
1
-1
-1
0
1
-1
-1
0
-1
-1
0
-1
1
1
-1
-3
0
-1
-1
0
0
-1
1
-1
3
-1
-1
-1
-1
-1
1
0
0
-1
0
0
-1
-1
1
0
-1
0
-1
-1
1
-1
0
-1
0
1
0
-1
1
-1
-1
0
-1
-1
-1
-2
0
-1
0
-1
0
1
1
-1
1
-1
1
0
-1
-1
1
0
0
-1
1
-1
1
1
1
-1
0
-1
1
0
1
-1
1
-1
-1
-3
-1
1
0
-1
-1
1
0
-2
0
0
1
-1
-1
-1
-1
-1
-2
-1
-1
1
-1
-1
1
-1
1
-1
-1
1
-1
-1
-1
-1
0
-1
1
-1
-1
0
0
0
-1
-1
0
-1
-1
-1
1
1
-2
0
-1
-1
-1
-1
0
-1
0
0
-1
0
-3
1
-2
-1
1
-1
-1
1
-1
0
-1
0
-1
-1
0
1
0
-2
-1
-3
-1
1
-1
-1
-1
-1
0
-1
1
0
-2
1
-1
-2
-1
-1
-1
-1
-1
-1
1
-1
0
-1
-1
0
-1
0
-1
-1
-1
0
0
1
-1
-1
1
1
-1
0
1
-1
0
0
2
0
0
0
0
1
0
-1
-1
0
0
0
0
-1
1
-1
0
-2
-1
1
0
0
0
-1
1
1
1
-1
0
-1
0
-1
-1
-1
1
1
1
-1
1
-1
0
-1
-1
1
-1
0
1
-1
0
-1
0
1
0
0
0
1
1
-1
-1
1
0
1
-1
1
1
-1
0
-1
1
0
-2
-1
-1
1
0
-1
1
-1
1
-1
-2
1
-1
1
0
0
0
1
-1
-1
0
1
0
-2
0
0
0
-1
-1
1
-2
-1
-1
0
0
-1
-1
1
-1
-1
-1
0
-1
-1
-1
1
0
-1
-1
0
1
1
0
0
0
0
-1
1
-1
0
-1
1
0
0
0
0
-1
-1
0
0
0
-3
-1
1
-1
-1
-1
0
2
0
-1
-1
-2
-1
0
0
0
0
0
-1
-1
1
0
-2
1
0
-1
0
-2
-1
-1
1
-1
-1
-1
-1
-1
1
-1
0
-1
-1
-1
1
-1
-1
-1
0
0
0
-1
-4
0
0
0
0
-1
-2
-1
-1
0
-1
-1
-1
-1
1
-2
1
-1
1
-1
-1
-1
1
0
1
0
0
-1
1
-1
-1
-1
-1
1
-1
-2
0
-1
-1
0
1
-1
-1
-1
0
0
0
-1
1
-1
0
-1
-1
-1
-1
-1
-1
-1
0
1
-1
0
0
-1
-1
-2
0
0
0
-1
1
-1
0
1
-1
-1
-1
-1
1
1
-2
1
1
-1
-1
0
0
-1
0
-1
-1
-1
-1
-1
0
0
-1
1
0
0
0
-1
-1
0
1
0
-1
-1
-1
1
-1
-1
1
-1
-1
-1
0
-1
0
-2
-1
-1
-1
-1
1
0
0
-1
-1
-1
1
-1
1
-1
-1
-2
-1
-1
-2
-1
-1
-1
1
1
-1
-1
-1
-1
-2
-1
0
1
-1
-1
0
-1
1
-3
1
-1
0
-1
-1
-1
1
0
-1
0
1
1
-1
-1
1
-1
-1
1
-1
-1
-1
-1
0
0
-1
0
0
-1
0
0
1
1
-1
1
-1
-1
-1
0
0
-1
0
-1
1
-1
1
-1
1
-1
0
0
-1
-1
0
-1
1
1
0
0
-1
2
0
0
-1
-1
1
-1
-1
0
0
-1
-1
-1
0
0
-1
-1
-1
0
-1
-1
0
0
1
-1
-1
-1
1
-1
0
-1
0
-1
-1
-1
-2
-1
0
-1
-1
0
0
-1
-1
0
1
1
0
-1
0
0
-1
0
1
1
-1
-1
-3
0
-1
-1
1
-1
1
-1
0
-1
0
0
-1
-1
-1
1
0
1
-2
-1
0
0
-1
-2
-1
0
1
-3
0
-1
1
-1
0
-1
0
-1
-1
-1
1
1
-1
0
-1
0
-1
-1
0
0
-1
0
0
-2
-1
-1
-1
0
0
-1
0
-1
0
-1
-1
0
1
0
-1
1
-1
0
1
-3
1
-1
0
0
-1
-1
0
-2
0
0
-1
-1
0
0
-1
-1
0
0
0
-2
1
1
-1
0
0
0
1
-1
-1
-2
2
1
-1
0
0
-1
1
-1
1
-1
-1
-1
-1
0
0
0
0
0
1
-1
-1
0
-1
-1
1
-1
0
0
-1
-1
0
-1
-1
-1
1
-1
-1
0
1
0
0
0
-1
0
0
-1
-1
0
1
-2
1
-1
1
-1
1
0
-1
-1
0
0
0
-1
1
0
0
-1
0
0
1
-2
-2
-1
0
-1
0
-1
2
-1
0
0
-1
-1
0
-1
0
0
1
-3
1
-1
-1
-2
0
-1
-1
0
1
-1
0
-1
1
-1
-1
-1
-1
-1
-1
-2
0
0
-1
-1
1
1
-1
-1
-1
0
0
-2
-1
-1
-1
-1
1
-1
0
-1
-1
-2
-1
0
0
-1
-1
-1
-1
-2
-1
-1
-1
-2
0
-1
-1
-1
1
-1
-1
-3
1
-4
1
-1
0
-1
1
-1
0
-1
1
1
0
0
0
-1
-1
0
0
0
-1
0
0
-1
-1
-2
0
-2
-1
-2
1
0
1
-2
0
1
0
-1
-1
0
0
-1
0
-1
-1
0
1
-1
1
-1
1
-1
0
-1
-1
0
-1
-1
1
-1
0
-1
-1
-1
1
0
-1
0
0
1
0
-1
1
-1
1
-1
0
-1
1
1
-1
-1
0
-1
-1
-1
0
-1
1
-1
-1
-3
0
-2
0
0
1
-1
1
-1
-1
0
1
0
0
-2
1
-1
0
-1
0
-2
1
-2
-1
-1
-1
-1
0
-2
-1
-2
0
0
1
0
-2
1
-1
-1
-1
1
0
-1
1
-1
0
0
0
-2
1
-1
0
-2
0
-1
-2
0
1
-1
1
-1
-1
-1
1
1
-1
0
-1
-1
0
-1
1
-2
-1
0
1
-1
-1
-1
-1
-2
-1
-1
0
-1
1
-1
-1
-1
-1
-1
0
0
0
0
-1
-1
-1
-1
-1
-2
0
-1
0
-1
-1
0
0
-1
-1
-1
0
-1
-1
-1
1
-2
0
0
0
0
0
-1
0
-1
-1
-1
-1
0
-1
-1
-1
0
0
-1
1
0
0
-1
-1
-1
0
0
-1
0
0
0
-1
-1
0
0
2
-1
0
-1
0
-1
-1
-1
1
-1
0
-1
-1
-1
-1
-1
0
-3
1
-1
0
-1
3
-1
0
0
0
-1
-1
-1
0
-1
0
-2
1
0
-1
-1
0
-2
0
1
1
-1
-1
-2
0
0
1
-1
0
-1
1
1
-1
-1
1
-1
-1
-2
1
-2
0
-1
-1
-2
-1
-1
0
-1
0
1
-1
-1
-1
-1
-1
0
1
0
1
-2
-1
2
-1
-1
0
0
0
-2
0
0
0
-4
-1
0
1
0
-1
-1
0
-3
0
0
1
0
0
-1
-1
-1
-1
-1
-1
-2
0
-1
1
-1
-1
0
-1
-1
-1
-1
-1
-1
0
-1
-1
-2
-2
-1
-2
-1
-1
-1
-1
-1
0
0
0
-1
2
-1
-3
-1
0
-1
-1
-1
-1
-1
-1
-1
-2
-1
1
-2
-2
-2
-1
-1
1
0
-1
-1
0
-1
0
0
-1
-1
0
-1
0
-2
-1
-2
1
-1
-1
0
1
-1
-2
-2
0
-1
0
-1
-1
-1
0
-3
0
-1
0
0
-1
0
-1
-1
0
-2
-2
-1
0
-1
-1
-1
1
-4
1
-1
-1
-1
0
-1
-1
-2
-1
-1
-1
-2
0
-1
-1
-1
-1
0
-1
-1
-2
-1
0
-1
-1
-1
-1
0
0
-1
0
-1
0
-1
-1
-1
1
-1
0
-1
0
-1
-1
-1
-1
-1
-1
0
-1
-2
-1
-1
0
0
0
-1
-1
-2
1
-1
-1
-1
-1
-1
-1
-2
-1
-1
0
-1
-1
-2
-1
0
1
-1
1
-3
0
-2
0
-1
1
-1
-2
-1
-1
-3
-1
-2
-1
-1
1
-2
-1
0
0
-1
0
-2
-2
-2
0
0
-2
-1
-1
-1
-1
-1
-1
-1
-1
-1
0
-1
1
-1
-1
0
0
-1
-1
-2
0
-2
-1
-1
1
-2
-1
-1
0
-1
0
-3
1
-1
-1
-1
-1
-3
-1
-2
0
-1
-1
1
1
-1
-1
-2
0
-1
-1
-1
0
-1
0
-1
-1
-1
0
-1
-1
-1
0
-2
-1
-1
-1
-1
0
-2
-1
-1
-1
-1
0
-3
0
-1
-3
-2
0
-2
-1
-1
-1
-1
-1
-3
-2
-1
0
-1
0
-1
1
1
0
-1
-2
-1
-1
-1
-1
-1
-1
-1
-1
-1
-1
0
-1
-2
1
-1
0
-1
-1
-2
0
-2
-2
-1
-1
-1
0
-1
-1
0
0
-3
0
-1
-1
-2
0
-1
1
-4
-1
0
0
-1
1
-1
-1
-1
-1
0
-1
0
-1
-1
-1
-1
1
-1
-1
-1
-2
-1
1
-1
-1
-1
-1
-2
0
0
0
-2
-1
-2
-1
-1
1
-1
1
1
-1
-1
0
0
-2
-1
1
-1
0
-1
-1
0
0
-1
0
-1
-1
0
-1
-3
-1
-1
0
-3
-2
0
-1
-2
1
1
1
-1
-2
-1
0
-2
0
-1
0
0
-1
-1
0
-1
1
-2
0
-2
0
0
-1
0
1
-1
-1
0
1
-1
-1
-2
1
-1
0
-1
1
-1
0
-1
-1
0
0
-2
1
-1
0
-2
-44
356
-362
-25
-362
-4
-360
18
357
-40
-62
-356
80
352
346
-104
121
337
-142
-334
161
322
-315
178
303
-199
-214
-293
-280
228
-267
245
248
-262
231
-277
-290
-218
-200
299
312
180
-165
320
-146
330
340
124
103
-345
-87
350
355
61
40
-361
-23
359
-363
-2
-362
20
-42
-358
-62
-357
353
-84
-104
-349
339
-125
142
332
321
-163
-314
179
-199
-302
288
-216
276
-233
-249
-264
-264
-248
-231
276
-288
-216
-199
300
-182
311
162
-324
143
-334
123
-339
-346
-103
83
-354
-356
-63
357
41
-21
361
1
-361
-21
-363
41
360
62
354
83
351
345
-105
339
-124
-144
-332
-320
163
181
313
-197
-303
216
288
-233
-278
250
261
249
-264
232
-279
216
-291
199
-304
181
-315
162
-325
330
139
-339
-123
-345
-105
354
80
356
59
-359
-44
-19
360
-362
-1
-361
21
43
357
64
353
-351
83
105
342
124
337
331
-146
323
-165
-313
180
-200
-303
-288
215
275
-234
-249
-264
264
243
276
230
-291
-216
-197
301
-313
-181
-324
-162
333
139
340
119
346
98
-83
352
356
57
358
37
-363
-21
-361
1
361
-26
-358
42
-64
-357
-352
83
-346
105
124
336
-146
-332
-165
-324
311
-185
-203
-302
-290
216
-237
-276
-251
-262
-265
-246
-280
-230
212
-293
194
-305
-180
314
-159
322
331
139
340
120
344
100
-81
351
356
58
38
-361
-362
-18
2
361
360
-26
358
-45
65
354
349
-88
-346
107
-339
125
146
330
-166
-322
311
-185
-300
199
-218
-288
235
273
-261
248
-246
264
279
229
-293
-212
-194
304
-177
315
325
158
140
-335
340
119
-348
-99
351
78
-57
355
-37
358
17
-362
4
359
-361
25
47
357
-355
67
-350
87
106
343
339
-130
-146
-331
167
319
-185
-312
-300
200
287
-221
-274
235
-253
-262
-267
-246
281
228
-293
-213
194
-306
-176
313
157
-327
136
-335
-342
-120
-349
-98
-77
351
-356
-59
37
-362
361
13
6
361
-361
26
47
355
354
-71
349
-92
-110
-346
-337
127
-148
-332
-322
166
-185
-312
298
-206
220
283
-238
-276
252
256
-245
266
-229
280
293
209
-194
304
174
-320
-158
325
334
134
-344
-120
95
-349
-354
-79
55
-358
-36
356
360
11
-364
4
28
359
-359
47
69
351
-351
88
344
-114
335
-132
-331
149
-322
167
-189
-310
-205
-298
283
-223
-274
234
255
-256
-269
-243
279
224
-211
293
-307
-194
170
-320
152
-328
134
-335
-342
-117
93
-347
-77
353
52
-358
33
-360
-362
-13
-11
-361
-362
29
47
358
-355
71
90
349
111
344
129
335
-330
151
317
-170
187
308
205
298
284
-222
271
-239
-256
-257
268
243
-282
-224
-209
295
306
192
-317
-172
326
155
136
-336
342
116
-349
-95
-354
-74
54
-358
-360
-33
-359
-11
8
360
32
358
-356
50
356
-74
94
347
113
342
337
-134
-327
151
173
317
308
-191
301
-209
-221
-286
272
-243
-256
-260
271
237
226
-286
-205
292
192
-312
-318
-174
328
150
-334
-138
-115
339
-350
-98
-73
349
52
-361
-32
356
361
6
362
-16
358
-35
-359
49
-357
69
344
-98
339
-118
332
-138
-330
149
-320
169
-192
-311
-210
-300
-226
-286
-243
-272
