-414
-54
319
-57
-385
23
-383
46
-371
69
-367
89
317
-135
-356
131
312
-172
300
-188
-315
191
276
-223
262
-238
-277
243
233
-269
-246
275
204
-293
186
-305
167
-317
149
-327
-153
332
-135
339
92
-347
72
-351
49
-356
29
-358
-30
361
-9
363
-30
-359
-53
-357
-74
-353
-92
-349
-111
-345
119
339
139
330
158
322
-189
-313
194
301
-221
-291
229
276
244
263
262
247
273
230
286
214
-306
-197
-319
-182
320
161
328
141
336
121
-351
-102
347
79
351
59
354
39
-366
-22
359
-4
357
-25
-363
42
-361
64
-354
85
342
-107
-344
124
-336
144
-326
163
-4
-1
0
-1
-1
-1
0
-3
-2
-1
0
-2
-1
-1
-3
-1
-2
-1
-97
-350
116
339
135
334
153
325
-175
-319
-193
-308
207
291
226
281
242
267
-255
256
-240
270
220
-286
296
203
-311
-189
168
-320
329
148
335
128
-112
342
-93
349
354
68
-361
-50
-361
-30
4
-363
13
360
33
356
54
356
-78
-354
-350
96
-342
117
334
-137
323
-158
173
315
-305
193
-296
209
279
-227
243
266
256
252
272
235
218
-285
-301
-204
-311
-187
165
-321
327
148
-340
-129
-345
-110
87
-350
-358
-68
-361
-47
0
0
-1
-1
-2
-1
1
-1
-1
0
-1
1
-1
-2
-1
-1
0
-3
-1
0
-1
-1
-1
0
-2
-2
-1
-1
-1
-1
-1
-2
-1
-1
-1
-1
-3
0
-1
-2
0
-2
-1
-1
-2
-1
-2
-1
-1
-1
-1
-1
-2
-2
-1
-1
-2
0
0
0
-1
-2
-1
-1
-3
0
-3
0
-1
0
-1
0
-1
1
-1
0
-3
-1
-3
-1
-1
0
-3
-1
1
-1
-1
-1
-1
-1
-1
-1
-1
-1
-1
-3
-1
0
0
0
0
0
0
-1
-2
1
-1
-1
-1
1
-1
-1
-1
0
-2
-1
-1
1
-1
-1
-3
0
-1
1
-1
0
0
-3
-1
-1
-1
0
-1
-1
0
0
-1
-1
-1
-1
-2
-1
0
0
0
1
0
-1
-2
-2
-1
-3
-2
-1
-1
-2
-1
-1
0
-1
-3
-1
-3
-1
-4
-2
-3
-2
-2
1
-3
-4
-2
-1
0
0
-3
-3
-2
0
-2
-1
-2
-1
-4
1
-2
0
0
0
-4
-2
-1
-1
-1
-1
-2
-1
-1
-1
-2
0
-4
1
-3
1
-2
-1
-2
-2
-1
0
-1
-1
-2
0
-1
0
-3
-1
-2
-1
-2
0
-1
-1
-1
0
-1
1
-1
2
-1
-1
-1
0
0
0
-2
-1
-2
-1
-2
0
-2
1
-1
-1
-2
-1
-3
-1
-1
1
-1
-1
-1
1
1
-1
0
0
0
-1
-2
1
-2
1
0
-1
-1
0
0
1
-1
-1
-1
-1
0
0
-1
-1
0
0
-2
0
-2
-1
-1
-1
-2
0
-1
-3
0
0
-3
-1
-1
-1
-2
0
-1
0
0
-2
-1
-2
-4
-1
-1
-2
-1
0
-1
-1
-1
0
-1
-1
-1
-1
-3
-2
-1
-1
-2
-4
-2
-3
-2
-1
-1
-1
-1
-1
-2
-2
-1
-1
-1
-2
-2
-2
-1
-1
-1
-1
-1
-1
-1
-1
-1
-1
-4
-2
-1
-2
-2
-1
-2
-1
-1
-4
-2
-1
-2
-1
-2
-1
-2
-1
-1
-1
-3
1
-1
-1
-3
-1
-1
-2
-2
-1
-3
0
-2
-3
-3
0
-1
0
-4
-3
-3
-1
-1
0
-1
0
-2
-1
-1
-1
-1
0
-3
-1
-2
-1
-3
-1
-3
-1
-3
-1
-1
-1
-3
0
-2
0
-1
1
-1
0
-1
-1
-3
0
-3
0
-2
0
-1
1
-2
1
-1
1
-1
0
-2
0
-2
1
-2
1
-2
1
0
-1
-2
1
-1
-1
-3
-1
-2
1
1
-1
-1
1
-2
0
-1
-1
-2
1
-1
-2
0
-1
-1
-1
-2
1
-1
1
-1
-1
-1
1
0
0
0
0
-1
-1
0
-1
-1
-1
-1
0
-1
-1
0
-1
-1
-1
0
-1
-1
0
-1
-2
-1
-1
-1
-1
-1
-1
1
0
0
0
-1
0
-1
0
-1
0
-1
-1
-2
0
-1
-1
-1
0
-2
-1
-1
-1
-2
1
-1
0
-1
-1
0
-1
-2
-1
-1
-1
-1
0
0
-1
-2
0
0
0
-1
-1
-3
-3
0
-1
-3
-1
-1
1
-1
-1
0
1
-1
-1
0
0
-1
-1
-2
-1
-4
-1
-3
0
-1
0
-1
-2
-1
-1
-1
0
-1
1
-1
1
-3
-1
0
-1
-1
-1
-1
0
-2
-1
-2
0
0
0
-1
-1
0
-1
-1
-1
-1
0
-2
-1
0
1
-2
0
1
1
-3
0
-1
-1
-2
-1
-1
-1
-1
-2
-2
-1
0
-1
0
0
-2
0
-1
1
-2
0
-1
-1
-3
-1
1
-1
-1
1
0
-1
-2
-2
-1
-1
-1
1
0
-1
-1
-1
-1
0
-1
0
-2
-1
-2
0
-1
-2
-1
1
-1
-1
-1
-1
-1
0
0
-1
-2
-1
-1
-1
0
0
-1
0
-1
-1
0
-1
-1
0
-1
-1
-1
-1
0
1
-1
0
-1
-1
-2
-1
-1
0
-1
-1
-1
-1
-1
1
0
-1
-1
-1
0
-1
-1
-1
-1
-1
-2
-1
-2
0
-1
-1
0
-1
-1
1
0
-1
1
-1
0
-1
-1
0
-1
0
1
1
-1
0
-1
-1
0
0
-1
1
-1
-1
-1
-1
-2
-1
-2
-1
-1
-1
-1
0
0
-1
-1
1
-2
0
-1
0
-1
-1
-1
-2
-1
0
-1
-1
-1
0
0
0
-1
-1
-1
-1
-1
-1
-1
-1
-2
-1
-1
0
0
0
0
-1
-1
1
-1
0
-3
-1
-1
0
-1
0
-2
-1
-1
-1
-1
-1
0
-1
-2
0
-1
-1
-1
-1
1
0
-2
-1
-1
1
-1
-1
-2
-1
0
0
-1
-2
-1
0
-1
-1
-1
0
-1
0
0
1
-1
-1
-1
0
0
-1
-1
-1
-1
-1
-1
0
1
-1
-2
1
-2
-1
-1
-1
0
-1
-1
-1
-1
0
-4
-1
-1
-1
1
-1
-1
0
-1
0
-1
-1
-1
-2
-1
-1
0
-1
-2
-1
-1
-1
-1
1
-1
0
-1
0
-1
-1
-2
-1
0
0
-1
-1
0
1
1
-1
-4
-1
0
-1
0
-1
-2
-1
0
0
-1
-1
-1
-1
0
1
-1
0
-1
-2
1
1
0
-1
-1
-1
-1
-1
-1
0
-1
0
-1
0
-1
-1
-1
1
-1
-1
0
-1
0
-1
0
-1
-1
1
-1
-1
0
1
-1
0
-1
-1
0
1
-2
0
-1
0
-2
-1
-1
-1
-1
-1
-2
1
-1
0
-1
1
0
0
-1
0
-1
-1
-1
-1
-1
0
-1
-1
-1
1
-2
-1
-1
-1
-2
1
-1
0
-3
0
-1
-1
1
-1
-1
-1
-1
-1
-1
0
-1
0
-1
1
0
-1
-1
0
1
1
0
-1
-1
-1
-1
0
0
0
-1
1
-1
-1
-2
0
-1
0
-1
1
-1
-2
-1
0
-1
-1
0
0
-1
-1
-1
0
-1
-1
-2
1
0
1
-1
-1
-1
-1
0
-1
0
0
-1
0
-1
0
-2
-1
-1
0
-1
-1
0
0
-2
0
-1
1
-2
-1
0
-1
0
0
-1
0
0
1
-2
-1
-1
0
-1
-1
-1
0
-1
1
0
0
0
0
-1
-1
-1
0
-1
-1
-1
-1
-1
0
-2
1
0
-1
0
-1
-1
-1
-1
1
-1
0
-3
-1
0
0
-2
0
-1
1
0
0
-1
0
0
1
1
-1
-1
1
0
0
0
0
-1
-1
1
0
0
-1
1
0
-1
-1
0
0
-1
1
0
1
0
1
-2
-2
-1
0
-1
1
-1
-1
0
-2
-1
0
-2
0
-2
1
0
-1
-1
-1
-1
0
1
-1
-2
-1
0
1
-1
-1
-1
0
-1
1
-1
0
-1
-1
0
-2
0
0
0
-1
0
0
-1
-1
0
-1
-1
-1
-2
-2
-1
1
0
0
-1
1
-1
-2
-1
-1
-1
0
-1
1
-1
-1
1
-1
-1
-1
-2
1
1
0
-1
0
-1
-1
-1
0
-1
0
-1
0
-2
-1
0
-2
-1
0
-1
0
-3
1
0
1
-1
-1
-1
0
-1
1
-1
1
-1
0
0
0
-1
1
-2
-1
0
-1
-1
0
-1
-1
-1
1
0
1
-1
0
1
-1
-1
0
0
-1
-1
0
-2
1
-1
-1
-1
-1
-1
0
-1
0
-2
-1
-1
0
0
0
-1
1
1
-1
-1
0
0
0
-2
-1
-1
0
-1
-1
-1
0
-1
-1
-1
1
-1
-1
0
0
-1
1
1
1
-1
0
-1
-1
-1
1
-1
1
-1
0
1
-1
1
0
1
-1
0
1
0
-1
-1
0
1
1
-1
0
0
-1
-1
-1
-3
0
-1
1
-1
0
-1
1
-1
1
-1
-1
0
-1
-1
-1
1
-1
-1
0
-1
-1
-1
-1
0
1
0
-1
1
-1
1
-1
-1
1
-1
0
1
0
-1
-1
-1
1
0
1
-2
0
0
1
-1
0
1
-1
0
1
-2
1
-1
1
-1
-1
0
0
-1
-1
0
0
-1
1
1
-1
-1
-1
-1
-1
1
-2
-1
-1
-1
-1
-2
1
-2
-1
-1
-1
0
-3
-1
-2
1
-1
-1
1
0
1
-1
-1
-1
-2
-1
1
-1
0
-1
-1
-1
0
-1
0
-1
1
0
-1
-1
1
-1
1
-2
-2
0
1
-2
-1
-1
1
-1
1
-1
0
0
-1
-1
0
0
-1
-2
-1
0
-1
1
0
1
-1
-1
-1
-1
0
0
1
0
0
0
0
-3
0
0
0
0
1
0
0
-1
-1
-1
-1
0
0
0
-1
0
-1
-1
-1
1
-2
1
-1
1
-1
-1
-1
-1
0
-2
0
1
-1
-1
-1
-1
-1
1
1
0
1
-1
-1
0
0
-1
1
1
-1
0
-1
-1
-1
-1
1
0
-1
-1
-1
-1
-1
0
0
-1
-1
1
1
-1
0
1
-1
-1
0
0
0
0
0
0
-1
-1
-1
-1
0
0
-1
-1
-1
-1
0
0
1
1
0
-1
-1
0
-1
0
0
-1
0
0
-1
0
0
-2
-1
0
0
-1
-1
2
0
-1
0
-1
0
-1
0
1
0
-1
1
-2
-1
-1
1
1
-3
1
0
-1
1
-1
1
1
1
-1
0
1
-1
-1
1
1
-1
2
1
1
0
-2
-1
0
-1
0
-1
-1
-1
-1
-1
0
1
-1
0
0
0
0
1
-1
-2
-1
0
-1
-3
0
-1
-1
-1
-1
1
-1
-1
1
0
-1
-1
-1
0
-2
0
0
1
1
-1
1
-1
0
-1
0
0
0
-1
0
0
-1
-1
-1
1
0
-2
0
-1
0
-1
0
-2
-1
1
-1
-1
-1
1
-1
0
-1
-1
0
0
-1
0
0
-1
-1
0
0
-1
-1
1
0
0
1
-1
-2
0
1
-1
1
-1
-1
-1
0
0
-1
0
1
-2
-1
0
0
-1
0
-2
-1
0
-1
0
0
0
0
2
0
0
1
-1
0
0
-1
-2
-2
1
-1
0
-1
-1
1
-2
0
-1
2
0
0
1
0
1
-1
-1
0
-1
-1
-1
1
-1
1
0
-1
-1
-1
-1
0
1
0
0
0
-1
-1
-1
0
-1
-1
0
-1
-1
0
-1
1
1
-1
-1
-1
-1
0
-1
-1
-1
0
-1
-1
0
0
-1
1
0
1
-1
-1
0
1
-3
-1
0
-1
0
-1
-1
-1
1
-1
1
-1
-1
0
0
0
-1
-1
0
-1
-1
0
-1
-1
-1
-1
-1
0
-1
-1
-2
1
-1
0
-2
0
0
-1
1
0
-1
0
0
-1
-1
1
-1
-1
0
-1
1
1
-1
0
-1
-1
-1
1
-1
0
-1
-1
0
0
-1
0
0
0
-1
0
0
-1
-1
1
1
0
1
0
-1
-1
-1
-2
0
0
-3
-1
-1
1
0
-1
-1
-1
-1
-1
-1
-1
-1
1
0
-2
0
-1
0
1
-2
-1
1
0
0
-1
-1
-1
1
-1
-2
0
-1
-1
-1
1
-1
-1
-1
1
-1
0
-1
-1
0
-1
0
0
0
-1
1
1
-1
1
-1
1
0
0
-1
1
-1
-1
1
-1
-1
-1
-1
0
0
0
1
1
-1
-1
-1
-1
1
0
-1
-1
0
-2
0
-1
1
-1
-2
0
0
-1
0
0
-1
-1
-2
-1
-1
-1
0
-1
0
-1
-1
-1
-1
1
0
-1
0
1
1
0
0
0
-1
1
0
0
-1
0
0
-1
-1
0
-1
0
0
-1
0
1
-1
1
-1
-1
-2
-1
-1
1
-2
0
-1
-1
-1
-1
-1
-2
0
-1
-1
1
-1
0
-1
-1
-1
-1
-2
-1
-1
0
-1
-1
-1
0
-1
0
0
0
0
-1
1
0
-1
1
0
-1
0
-1
0
1
-2
-1
-1
-1
-1
-1
-1
-1
-2
1
-1
-1
0
-1
-1
1
0
-1
0
0
-1
0
0
1
1
0
-1
1
-1
0
0
-1
0
0
-1
0
0
-1
-2
0
-1
-1
0
-1
-1
1
-2
-1
1
-1
1
0
0
-1
0
-1
-1
-1
0
1
-1
-2
-1
-2
-2
0
-2
0
0
1
-2
0
-1
1
-1
-1
1
0
-1
-1
0
0
-1
-1
0
1
0
-1
1
0
0
-1
-1
1
0
0
-1
-1
0
-2
-2
0
1
0
-1
-1
0
0
0
1
1
0
0
1
1
-2
1
-1
-1
-1
0
-1
-1
2
-2
0
0
0
-1
1
-1
0
-1
-1
-1
0
0
-1
0
-1
0
-1
-1
1
-1
1
-1
-1
-1
0
-1
0
-1
0
-1
0
-1
0
-1
0
-1
0
-2
0
-1
-1
-2
0
0
-1
1
0
-1
0
-1
1
-1
0
-1
-1
1
0
0
1
-1
0
-1
0
-1
2
-1
1
-1
-1
-1
0
-1
1
0
-1
-1
-1
-1
1
-1
0
-1
-1
0
1
0
0
0
0
-1
-1
-2
0
-1
0
0
1
-1
0
0
-1
-3
1
0
0
0
1
-2
-1
-1
-1
-1
1
-3
0
-1
-1
0
-1
-2
0
-3
0
-1
0
-1
0
-1
0
-2
0
1
-1
1
1
-1
-1
-1
-1
-1
1
0
-1
-1
0
-2
-1
-1
0
-1
1
1
1
-2
-1
-1
-1
-1
1
-1
1
-2
0
-1
-1
-1
-1
-1
1
-1
0
1
-2
-1
1
0
-1
-1
-1
-1
-1
-2
0
-1
1
-1
1
-2
-1
-3
-1
-1
1
1
0
-2
1
-1
0
0
0
0
0
-1
0
-1
-1
-1
0
-1
0
-1
0
-1
0
-1
1
0
1
-1
-1
-1
1
-1
-1
0
-1
-2
-1
-2
1
0
-2
-1
1
-1
1
0
0
-1
0
-2
-1
0
-1
0
1
-1
0
0
0
0
0
-1
-1
0
0
-1
-2
0
-1
0
-1
-1
0
-1
-1
0
-1
-2
0
-1
1
-1
-1
-1
1
-1
1
-1
0
-1
-1
0
-1
-1
0
0
0
-1
-1
1
-1
-1
-1
-1
-1
-1
-1
-1
-1
1
1
-2
2
0
0
-1
-2
-2
-1
0
-1
-1
0
-1
1
1
-1
-1
-2
-2
1
-1
-1
-2
1
-1
0
0
-1
0
1
1
0
0
0
-1
0
-1
0
-1
-1
-1
-2
-4
-1
0
-1
-1
-1
-1
-1
0
-1
0
-4
-1
-1
-1
1
-1
1
-1
0
-3
-1
1
0
0
0
-1
1
1
-1
-1
-1
-2
1
-3
1
0
0
-1
0
-1
1
-1
-1
-1
0
-2
-1
-1
-1
0
-1
1
-2
0
0
0
-1
1
1
0
-1
-1
0
0
-1
-1
0
0
0
-1
0
-1
-1
-1
1
-3
1
0
-1
-1
0
0
1
-1
1
-1
-1
0
0
-1
1
-1
0
0
1
0
0
0
-1
-1
1
-2
-1
-1
0
-1
-1
-1
-1
-1
0
-2
0
-1
0
-1
0
-2
0
-1
-1
-2
-1
-2
-1
-1
0
-1
-1
-1
-1
-1
1
1
0
-3
0
-1
1
1
1
-1
-1
0
-1
-1
0
-1
0
-1
1
-2
0
-1
1
-1
-1
-1
-1
0
1
-2
-1
0
1
-1
-1
-2
1
-1
-1
1
0
0
-1
1
0
-1
-1
-1
-1
-1
0
-1
0
-1
-1
-1
-1
1
-2
-1
-2
0
0
-1
1
-1
0
0
-1
0
1
0
-1
-1
-1
1
0
-1
-2
-1
0
-1
0
-3
-1
-3
-1
0
1
-2
0
-1
-1
-1
1
-2
-1
0
-1
0
-1
0
-1
-3
-1
-3
-1
-1
0
-1
0
-1
-1
-1
1
-2
0
-1
0
-3
0
-2
-1
-1
0
-2
1
-2
0
-1
1
-1
1
-1
-1
-1
0
-2
1
-3
0
-2
-2
-1
-1
-1
0
-1
-1
-2
-1
-2
-1
-1
0
-2
-1
-2
0
-2
-1
-1
1
-1
-1
0
-1
-1
-1
-1
0
-1
0
-2
-1
-1
1
-1
0
-3
0
-3
1
-3
0
-1
2
-3
0
-2
-1
-1
-1
-2
0
-2
0
0
-1
-2
1
-1
-2
-1
-1
-1
1
0
-1
-1
1
-1
0
-3
-1
-2
0
-2
0
-3
-1
0
-1
-1
-1
-3
-1
-1
0
-1
-1
-1
1
0
0
1
-1
-1
-1
0
-2
-1
1
-1
0
0
0
-1
-1
1
0
-1
0
-1
0
-1
-1
-3
1
-2
0
-1
-2
-2
-1
-2
0
-1
1
0
-1
-1
-1
-2
-1
-1
-1
-1
0
-1
1
-1
0
-2
1
-1
0
0
-1
-1
-1
-1
0
-2
0
-1
0
-1
-1
-1
0
-1
-1
-4
1
-1
-1
-1
-1
-1
-1
-1
-1
0
-1
0
-1
-1
-1
-2
0
-2
-1
0
-1
-1
-1
-1
-1
0
0
0
1
-2
-1
-1
-1
-1
-1
-1
0
-1
0
-3
1
-1
-1
-2
0
0
1
0
-1
0
-1
-1
1
-2
-1
-1
-1
-1
-1
-1
0
-1
-1
-1
-1
-1
-1
-1
0
0
-1
-1
-1
-1
0
0
0
-2
-1
-1
0
-2
-1
-2
-1
-1
-1
-2
-1
-3
-1
-1
-1
-2
0
-3
0
-2
0
-1
0
0
-1
-1
-1
0
0
-2
0
-1
-1
-1
-1
-1
0
-1
-2
-3
-1
-1
-1
-1
1
-1
0
-2
1
0
-1
-1
-1
-1
0
-1
1
-2
-1
0
-1
-2
0
-1
-1
-1
-1
-1
-1
-1
-1
-1
-1
-1
1
-3
0
-1
-1
-1
0
0
0
0
1
-1
-45
356
21
-362
361
2
18
359
37
356
-62
-356
-82
-354
-348
100
-341
119
-334
140
-161
-324
-180
-315
-304
195
212
289
228
276
262
-247
-250
261
274
232
288
217
-302
-202
312
180
320
162
-146
330
339
124
-344
-105
350
83
-66
356
42
-359
359
21
-4
361
-21
-361
-43
-359
61
356
-83
-353
103
345
340
-124
141
330
-325
161
-314
178
301
-199
288
-216
233
278
-249
-264
-249
261
-231
275
-216
288
-301
-201
181
-312
-324
-165
-332
-144
337
124
103
-346
-350
-84
-356
-64
-42
358
-21
360
360
0
21
359
-41
-359
63
355
85
349
-345
103
-124
-341
332
-144
-162
-322
180
311
-201
-303
289
-217
-274
228
-260
245
-247
262
231
-278
-290
-216
-301
-200
-180
311
162
-325
142
-334
-122
339
346
102
83
-354
356
59
41
-361
-21
358
0
359
23
357
-357
41
-354
62
-351
82
105
343
-124
-342
144
328
-321
161
-180
-313
-302
197
-288
214
233
275
260
-252
246
-267
231
-279
291
212
302
194
-313
-183
-161
321
-332
-145
121
-341
-348
-105
-353
-83
59
-358
-40
354
359
17
-363
0
23
359
43
356
355
-66
85
349
103
344
-337
124
147
330
163
320
182
309
296
-201
218
288
-276
233
260
-251
263
245
-231
280
-216
291
-199
302
-178
313
158
-324
-141
333
119
-341
346
100
-80
353
-61
355
357
37
16
-361
360
-3
-360
25
357
-45
352
-66
-89
-350
-108
-347
337
-129
329
-147
321
-167
-311
181
-201
-301
-288
217
-235
-275
-251
-262
245
-267
-228
277
-292
-212
305
195
-314
-177
157
-325
333
139
121
-342
-348
-101
-352
-80
357
58
357
35
360
16
-360
3
25
361
46
356
-355
66
349
-90
108
343
-339
128
332
-149
-165
-322
-185
-312
-201
-302
-221
-288
273
-238
259
-253
-245
264
231
-281
293
209
-194
302
315
175
-325
-159
-138
330
-119
338
-347
-100
-78
351
-356
-59
-37
356
15
-362
-6
-363
-359
24
358
-49
66
351
-351
86
-110
-348
-337
127
148
327
-167
-322
-310
182
-204
-301
219
284
-275
235
-258
250
243
-269
-229
278
-294
-212
-306
-194
315
173
-327
-160
-334
-141
339
116
-349
-99
-354
-78
-358
-57
-361
-38
13
-364
359
-7
-361
28
-360
46
67
353
347
-92
341
-111
-338
129
326
-153
317
-170
-312
185
202
296
-289
220
-239
-274
255
-255
-269
-243
-228
281
292
211
192
-306
314
172
153
-326
-139
337
339
115
0
-1
-1
0
-1
0
-1
-1
-1
-1
-1
-1
-1
-1
-1
-1
298
200
311
183
322
164
330
144
338
127
345
105
351
83
355
65
356
43
360
22
-361
-1
361
-20
358
-40
356
-61
352
-81
346
-102
-341
121
332
-142
325
-160
314
-181
-303
196
293
-216
-278
232
264
-246
-250
262
233
-277
219
-291
-199
301
-181
310
165
-325
145
-334
126
-341
-105
344
-83
351
-62
354
45
-362
-19
357
1
-364
21
358
-40
-365
-62
-361
-83
-356
-103
-349
-123
-342
-141
-335
-161
-328
180
308
197
298
-217
-293
-233
-281
-247
-268
262
244
-278
-238
287
211
299
196
311
178
320
159
328
140
337
120
344
100
349
81
-358
-66
356
40
-363
-23
