199
-309
198
-308
-250
264
-234
278
169
-322
150
-332
130
-341
-156
322
328
105
-362
-99
-366
-80
38
-365
-45
355
-23
356
-4
356
-375
29
-369
51
342
-77
335
-96
330
-114
-146
-336
144
328
307
-171
180
307
196
294
-235
-280
-253
-268
245
255
229
-268
-294
-221
-305
-203
181
-305
-324
-170
-158
328
-139
335
-117
344
342
93
-360
-71
45
-356
354
30
-15
362
356
-12
355
-34
-362
54
69
353
342
-96
-346
115
330
-134
150
326
313
-174
303
-192
206
296
-285
226
-245
-268
-257
256
235
-272
281
221
201
-299
305
186
315
168
-331
-151
-135
336
-115
342
345
88
353
69
356
47
360
29
-11
361
13
358
-359
34
-55
-359
74
350
-98
-350
-117
-344
333
-139
323
-158
-318
172
192
303
207
291
280
-229
-268
241
-255
255
-238
271
284
218
202
-298
307
185
166
-322
147
-331
334
128
-111
341
-350
-92
-356
-71
46
-360
358
26
6
-361
-363
13
354
-36
54
356
76
352
-99
-349
-119
-343
134
331
154
325
315
-177
303
-194
-213
-295
-229
-282
241
266
-253
257
272
236
-288
-221
-206
298
-310
-185
-320
-167
326
148
-337
-129
-346
-110
349
88
354
69
46
-359
-1
-1
0
-1
-1
-1
-1
1
0
0
-1
-1
-1
-1
-1
-1
-1
-1
-1
-1
-2
-1
-1
-2
-1
-1
-2
-1
-1
-1
-2
0
-1
-2
-1
-1
-1
-1
-1
-1
0
1
-3
-1
-3
-1
-1
-1
-2
-1
-2
-1
-2
-3
-3
-2
-2
-1
-1
0
1
-1
-1
-1
-3
1
-2
-1
-1
-1
-3
-1
-1
-1
-1
-1
-1
-1
-1
-1
-1
-1
-1
0
0
-2
-1
-1
-1
-1
-1
1
0
1
0
-1
-1
0
-3
0
-1
0
-1
-1
-2
-1
-1
-1
-2
-1
-1
-1
-2
-1
0
0
-1
0
0
-1
-1
0
1
1
-1
-1
0
-1
0
1
1
0
-1
-2
-1
0
-1
0
1
-2
-2
-1
-1
0
0
0
-1
-1
-1
0
-1
-1
-2
-1
-2
-1
-1
-1
-1
-1
-3
-1
-3
-1
-1
-1
-2
1
-3
0
-1
-3
-3
-2
-2
-1
0
0
-3
-2
-1
1
-1
-3
-2
0
-1
0
-4
-1
-1
-1
-1
0
-3
-1
-2
-1
-2
-1
-2
0
-2
-1
0
-1
-1
-1
-1
1
-1
1
-3
-1
-2
-1
-3
-1
-1
-1
-1
-1
-1
-1
-2
1
-1
-1
-4
-1
-1
1
-2
-1
-1
0
-1
0
-1
1
0
0
-1
1
-1
0
0
3
-1
-1
-1
1
-1
0
0
0
-1
1
-1
1
0
-1
-1
-1
-3
-1
-1
0
0
-1
-1
-1
-1
-1
-1
0
0
0
-1
-1
-2
0
0
-1
0
-1
-1
-1
-1
0
-1
-4
-2
-2
0
-1
-1
-1
-1
-1
-2
-1
-2
-1
-2
0
-2
-1
0
-1
-1
-1
-2
-1
1
-1
-2
-1
-1
-2
-2
-1
0
-1
-2
-1
0
-1
-1
-2
-3
-2
-2
0
-3
-2
-1
-1
0
-1
-1
-2
-1
-2
-1
-1
-2
-3
-1
-4
-1
-1
-1
-1
-1
-1
-1
-2
-1
0
-1
-1
-1
-1
-4
-2
-3
-1
-1
-1
-3
-2
-1
-3
-3
-1
-3
-2
-3
-2
-4
-1
-3
-1
-2
0
-1
-1
-2
-1
-1
0
-3
-1
-3
-3
-1
0
-2
-1
-1
1
-4
1
0
0
-3
-1
-1
-2
-2
0
-1
0
-1
1
-1
-1
-3
-1
-1
0
-2
0
-4
-1
-1
0
-1
0
-1
-1
-4
-1
-1
0
-3
-2
-1
0
-1
-1
-1
-1
-2
1
-1
1
-1
0
-2
0
0
0
-4
1
-2
-1
-1
0
-2
0
-1
1
-1
-1
-1
-1
-1
-1
-1
-1
-1
0
-1
0
0
0
-1
-1
0
1
-3
0
-1
-2
-2
-1
0
0
-1
1
-1
0
0
-1
-1
-1
0
1
-1
-2
-1
-1
-1
0
1
1
1
-1
-1
0
-1
0
0
0
-1
-2
0
-1
-1
1
1
-1
-1
-1
-2
-1
-2
-1
-2
-1
-1
1
-2
0
-1
-1
-1
-1
-1
-1
-2
-1
-1
0
-1
-2
-1
0
-2
-1
-1
-1
-2
-1
-1
-1
-2
-1
-1
-1
-1
-1
-1
0
-1
0
-1
0
-1
-1
-1
-1
-1
0
-1
-1
-2
-1
-1
-1
-1
-1
-1
0
-1
-2
-2
0
-1
-1
-1
-1
-1
-1
-2
0
-1
-1
-2
-1
-1
0
-1
-1
0
0
-1
-1
-1
-1
-1
0
0
0
-1
-1
-1
-1
-2
-1
-1
1
-1
1
-1
-1
-1
-1
-1
-2
-1
0
0
0
-2
-1
-1
-1
-3
0
-2
-1
0
-1
-1
-1
-1
-2
-1
-1
0
-1
0
-1
-1
0
-2
1
-1
0
-1
-1
-2
1
-1
-1
-1
1
0
-1
-1
0
-1
-1
-1
1
-3
0
-1
-1
-2
-1
-1
-1
0
-1
0
-1
-1
-1
-1
0
-1
-1
-1
1
-1
-2
-1
-1
0
-1
-1
-1
-2
-1
-1
-1
0
1
-2
-1
0
1
-1
0
0
0
0
-1
0
-1
-2
-1
-1
0
-2
-1
-1
-1
0
-1
-1
-1
-3
1
-1
0
-1
-1
-1
-1
-1
-1
-1
-1
-1
-1
-1
0
-2
-1
0
1
-2
0
-1
-1
-1
-3
-1
-2
-1
-1
-2
1
-1
-1
0
-1
-1
-1
-4
-2
0
0
-2
1
-1
-1
-1
0
0
0
-1
0
-3
-1
0
0
-1
1
0
0
-1
-1
-1
-1
-2
-1
-1
-1
-1
1
-1
0
-1
-1
-2
-1
-1
-1
-3
-1
1
-1
-2
0
-3
-1
-1
-1
-1
-1
1
0
-1
-1
-1
0
-1
1
-2
1
-3
-1
-1
0
0
-1
-3
0
-1
0
0
-1
-1
-1
-1
-2
0
-1
-1
-3
-1
0
-2
1
-3
-2
-1
1
-1
0
-2
-1
-1
-1
-1
0
-4
1
-1
0
-2
-1
-1
-1
-1
-1
-2
-1
-1
-1
-1
-1
-1
-1
-1
1
0
0
-2
-2
-1
1
-2
0
-1
-1
-2
0
-1
-1
-1
0
-1
-1
-1
0
-1
1
-1
3
-1
1
-1
-1
-1
-1
0
0
-1
-1
-1
-1
-1
0
-1
0
0
-1
-2
-1
1
-1
0
-1
1
-1
-1
-1
-2
1
0
0
-1
0
-1
-1
0
-1
-1
0
-1
-1
-1
-1
-2
0
-1
0
-1
-1
-1
-1
-1
0
-1
-1
-1
0
-2
0
-3
0
-1
0
-1
1
1
0
-1
0
-1
-1
1
-1
-1
0
0
0
-1
1
-1
0
-1
-1
0
0
-1
1
-1
-1
0
0
-2
0
-1
1
0
0
-1
-1
0
2
0
0
-1
-1
0
0
1
0
-2
-1
-2
0
-1
-1
-1
-1
-1
0
-1
1
-1
1
0
-1
-1
-2
-1
1
-1
0
-1
0
0
-1
-1
0
-1
-1
0
-1
-4
0
0
0
-2
-1
0
1
-2
1
-1
1
1
-2
-1
-1
0
-1
-1
-1
-1
-1
0
-1
-1
-1
-1
0
-2
0
0
-1
-2
1
-1
1
-2
-1
-1
0
-1
1
-1
-1
-1
0
0
-1
-1
1
-1
-1
-1
-1
-1
1
-1
0
-1
1
0
1
-1
-1
-1
1
-3
-1
0
-1
-2
-1
0
-1
-3
0
-1
1
0
0
1
0
0
0
0
0
-1
0
-1
-1
0
1
1
0
0
-1
-1
0
0
0
-1
0
0
0
-1
-1
-1
0
-2
-1
-1
-1
-1
-1
-1
0
0
0
-1
-1
-1
0
-1
0
-1
-1
-1
1
-1
-1
0
1
0
0
-1
-1
-1
1
-1
0
1
1
0
-1
1
-1
1
1
-1
1
-1
-1
0
1
0
-1
0
0
0
0
-1
-1
0
-1
-1
0
-1
0
0
-2
0
-1
0
-3
0
0
-3
-1
-2
-1
-2
-2
-1
0
-1
1
-1
-1
-1
-1
-2
-1
-1
1
0
-1
-3
-1
0
-1
-1
0
0
0
0
1
-4
-1
-2
1
-1
0
0
-2
-1
-1
-2
-1
-2
0
-1
1
0
-1
-1
0
-2
-1
-1
0
-1
1
1
0
0
0
-1
0
0
1
-1
-2
-1
-1
-2
-1
-2
0
-1
-1
-1
-1
1
-1
-1
-1
-1
1
-2
-2
0
-2
-2
-1
-2
-1
-1
0
-1
-1
-1
-1
-1
-1
-1
-1
-1
1
-1
1
-1
-1
-1
-1
-1
-1
1
-1
0
0
0
-1
-2
1
-3
-1
-1
1
-1
0
-1
-1
1
0
-1
-1
-1
0
-3
-1
-1
-2
0
1
0
-1
-2
-2
-1
0
-1
1
-3
-1
1
-1
-1
0
-1
-1
0
-1
0
1
-1
-1
-1
-1
-1
-1
-1
-2
-1
-1
-1
0
-1
-1
-3
-1
-1
-1
0
-1
0
-1
0
-1
-1
-1
-1
0
-1
1
-1
-2
1
0
0
1
0
-1
-2
-1
1
0
-1
1
-1
0
-1
0
0
1
-1
1
0
-1
0
-3
-1
0
-2
0
-1
-1
0
-1
1
-1
0
0
-1
-1
0
0
-1
0
-1
-1
-1
0
-3
-1
1
-1
0
1
-1
-1
1
-1
0
-1
-1
-1
1
-1
-1
0
-1
0
-1
-1
-1
-2
-1
-1
-2
0
0
-1
-1
0
-1
-1
0
-1
1
-1
-3
1
-1
-1
-3
1
-1
0
-1
0
1
0
0
1
-2
1
1
1
0
-1
-1
0
0
-1
-1
1
-1
0
-1
1
-1
-1
-1
-1
-3
-1
-1
0
-1
2
-1
0
-1
1
0
0
0
1
0
-1
1
-1
-1
-1
0
-3
-1
-1
0
-1
-1
0
0
-1
-1
-1
-2
-1
0
1
-1
1
-1
0
-2
-1
0
1
-1
0
1
1
0
1
0
0
0
0
-2
-1
-2
1
-1
-1
0
-1
-1
-1
-1
1
-1
-1
-2
1
-1
1
0
1
1
-1
1
1
0
0
0
1
-1
-1
-1
0
-1
-1
0
-1
1
-1
-1
-1
0
0
-1
1
-1
1
0
-1
-1
-1
-1
-1
-1
0
1
1
-1
-1
-1
-1
-1
0
-2
-1
-1
-1
-1
-1
-1
1
-1
0
-1
-1
0
0
-2
-1
-2
1
1
0
-1
1
1
-1
0
0
-1
-1
1
1
-1
0
-1
-1
0
-1
1
-1
0
-1
0
0
0
0
-1
-1
1
-1
0
0
-2
-2
0
0
0
0
-1
-1
1
-1
-1
0
-2
-1
-1
0
-1
1
-1
1
0
-1
-1
0
1
1
-1
0
0
1
-1
-1
0
0
-4
-1
1
1
0
-1
-1
-1
0
0
1
1
-1
0
0
0
1
0
0
-1
-1
-1
0
0
-1
1
-1
0
1
0
-1
0
0
-1
0
-1
1
-1
0
1
-1
1
0
-1
0
0
-1
-1
1
1
0
0
1
-1
-2
-1
1
0
0
1
1
0
-1
-2
0
0
-1
-1
1
0
-1
-1
-1
0
0
-2
-2
-1
-1
-2
1
-2
1
-1
-1
-1
-1
0
-1
2
-2
-2
-1
0
1
-1
-1
1
1
2
-1
0
1
-1
0
-1
0
-1
0
1
1
-1
0
-1
0
-1
-1
-1
-1
1
-1
0
-1
-1
1
-1
-1
-3
-2
0
-1
-1
1
-1
0
-1
0
-1
-1
-1
0
-1
0
-1
0
-1
0
-2
0
0
-1
-1
-1
0
1
-1
-1
1
1
1
1
-1
-1
0
-1
-1
1
-1
-1
1
1
-1
-2
0
-1
-1
-1
0
1
0
-1
-1
0
0
-1
-1
1
0
0
1
-2
1
1
-1
0
0
0
-1
0
0
1
-1
1
1
1
-1
-1
-1
0
0
-1
-1
0
-2
0
0
0
0
-2
-1
0
-1
-1
0
1
-1
0
0
1
1
-2
0
1
-1
0
-1
-2
-1
0
-1
-1
-1
0
0
-1
1
-3
-1
1
-1
-1
-1
-1
1
-1
0
0
-2
0
-3
1
-1
0
-1
-1
-1
-1
0
-1
1
1
0
-1
0
-1
-1
-1
0
-1
-1
-1
-1
-1
0
1
-1
1
0
0
0
-1
-1
1
-1
-1
-1
0
-1
0
-1
0
-2
1
0
-1
1
-1
-1
-1
-1
1
0
-1
-1
0
0
1
0
-1
-1
0
0
1
0
-1
1
0
-1
1
-1
1
-1
-1
-2
-1
-1
0
-2
1
-1
1
-1
0
-1
-1
-1
1
0
-1
-1
-1
-1
1
-1
-1
-1
-1
0
1
1
-1
0
0
-1
-2
-1
0
-1
-1
-1
1
0
0
0
0
-1
1
-2
-1
-1
0
-1
1
1
0
-1
-1
1
-1
-1
1
-1
-1
-1
-1
-1
-1
0
-1
-1
1
0
-1
-1
1
-1
0
-2
-2
-1
-1
-1
-1
0
-1
-1
-2
0
0
-1
0
0
1
1
1
0
-1
0
1
-3
0
0
1
-1
1
0
-1
-1
0
-1
-1
1
0
-1
-1
0
0
1
-1
-2
0
0
1
0
0
-2
-1
-1
0
-1
-1
0
0
-1
0
0
-1
-1
-1
0
-1
-1
0
-1
-1
-2
-1
-1
-1
0
0
1
0
0
-1
0
1
1
-1
1
0
-2
-1
-4
0
-1
-1
-1
1
-2
-1
1
-1
0
0
0
1
1
0
1
0
-1
0
-1
-1
-1
1
-1
-1
0
1
0
1
-1
-1
0
0
-1
-1
-1
1
-1
1
-1
-1
0
1
-1
0
-1
1
1
0
-1
-1
0
0
0
0
0
-1
0
1
1
-1
-1
1
-1
-1
-2
0
0
0
-1
0
-1
0
-1
-1
-1
1
-1
-1
-1
0
-1
1
0
0
-1
1
-1
0
0
1
-4
0
-1
-1
-1
-1
-1
1
-1
2
-1
-1
-1
-1
-3
-1
-3
0
-2
0
-1
0
-1
0
-2
-1
-1
1
-1
0
-1
-1
-1
1
-2
0
-1
-1
1
0
-1
1
-1
0
-1
-1
-1
0
-1
0
-1
-1
0
1
-1
1
-1
0
-1
0
-1
-1
-1
1
0
0
0
-1
1
-1
0
0
0
-1
-1
-1
-1
-1
0
1
-1
-1
0
-1
-1
-3
0
1
1
-1
-1
-1
0
0
-2
1
-1
1
-1
1
0
0
0
1
-2
0
-2
-1
0
0
-1
1
-1
1
-1
-1
-1
1
-1
0
-1
-1
-1
0
0
1
-1
-1
-1
1
0
0
-1
-1
0
-1
-2
0
0
-1
-1
1
-1
0
-1
1
0
-1
0
-1
0
0
-1
1
-1
-1
-1
-1
0
1
-2
-1
-1
-1
0
-1
-3
1
0
0
-1
0
-1
1
-1
1
-1
0
-1
1
-1
1
-1
0
-3
-1
-1
1
-1
1
-1
-1
-1
-1
-1
0
-1
0
0
0
-1
-1
-1
-1
1
0
0
0
-2
1
-2
1
-2
-1
-1
-1
0
0
-1
-1
-3
0
-1
0
-1
-1
-2
-1
-1
-3
-1
1
-1
1
-1
0
0
0
0
-1
0
0
0
-1
-1
0
0
0
0
0
-1
0
0
1
-1
0
-1
0
-1
0
-1
-1
-1
-1
-1
1
-1
-1
0
-1
-2
0
-3
-1
-1
-1
-2
-1
-1
0
-1
-1
-1
0
1
-1
0
-1
-2
-1
0
-1
1
-1
-1
-1
-2
-3
-1
0
0
-1
-1
0
-1
-1
-1
-1
-1
0
-1
-1
-1
-1
-2
0
1
0
-1
-1
0
1
-1
-1
0
-1
-1
0
0
0
-1
-2
-1
1
-1
0
0
-1
-1
0
-2
0
-2
0
-1
-1
-1
1
0
0
0
0
-1
-2
-1
0
0
0
0
-1
-1
1
-1
0
-1
0
-1
-1
-1
-1
0
1
-1
1
0
0
-1
-1
0
-1
-1
1
-1
0
0
1
-1
0
-1
-1
-3
-1
0
0
1
1
-1
0
-1
-1
-1
0
-2
0
-2
1
-1
-1
-1
0
-1
1
-1
2
-1
1
-1
1
-1
-1
0
0
-3
1
-1
1
-1
0
-1
-1
-1
1
-1
0
-1
-1
-2
-1
-2
0
0
-1
-1
0
-1
-1
-1
0
-1
0
-1
0
-1
0
-1
-1
-1
-1
-3
-1
-1
-1
-1
-1
-1
0
-1
1
-1
1
-2
-1
0
-1
-1
-1
-3
0
-1
-1
-1
-1
-1
0
-1
0
-1
0
0
-1
-1
-1
-4
0
-1
-1
0
1
-1
1
0
-1
-2
0
-1
1
-1
-2
-1
1
-1
1
-2
0
-1
0
0
1
0
1
0
0
0
0
-1
0
-1
-3
-1
-1
-1
-1
-2
0
-1
1
0
0
-2
-1
-1
-1
-1
-1
-1
0
-1
0
-2
1
-1
0
-2
0
-1
-1
-1
1
-1
-1
0
-1
-1
-1
-1
-1
-2
-1
-1
-1
-1
2
0
0
-1
1
-2
-1
-2
0
0
1
-1
-1
0
-1
-1
0
-1
0
-1
-1
-1
0
-1
1
-4
-1
-1
0
-1
-1
-1
0
0
1
0
1
-1
-1
-1
0
-1
-1
-1
-1
0
1
-1
0
-1
-1
-2
-1
-1
1
-1
-1
-2
0
-1
-1
0
-1
-1
0
-2
-1
-3
0
0
-1
-1
-2
-1
0
-1
1
0
-1
-1
-1
-1
0
-1
-1
-1
-1
-1
-2
-2
0
-1
-1
-1
0
-1
-1
-1
0
-2
-1
-1
0
-1
-1
-2
-2
-1
0
-1
0
-2
-1
-1
-1
-1
-1
-1
-1
-1
0
-1
-1
-2
0
-1
1
-1
0
-2
-1
-1
-1
-2
0
-2
-1
-1
0
-1
-1
0
-2
-1
0
-1
-1
-2
-1
-1
-1
-1
-1
-1
-1
-1
-1
1
-1
-2
0
-3
0
0
-1
0
-1
-3
0
0
-1
-1
-1
-2
-1
-1
0
-1
0
-2
0
-1
0
-1
-2
-1
0
-2
-1
-1
-1
-1
-1
0
0
-1
-1
0
-1
0
0
-1
-1
-2
0
-1
1
-1
-1
-1
-1
-1
1
-1
-1
-1
0
-1
0
-1
-1
0
1
-3
1
-1
-1
-2
-1
-2
-1
-1
1
0
1
-1
-1
-1
-1
0
-1
0
0
-1
0
0
-1
-2
-1
-1
-1
-1
-1
0
-1
-2
-1
-1
0
-2
-1
-2
0
-1
-1
-1
-1
-3
-1
0
-1
-1
-1
0
1
-1
-1
0
0
0
-1
-1
-2
-1
-1
0
1
-2
-1
-2
0
0
0
0
0
-2
-1
0
-2
-1
0
-1
1
-2
1
-2
0
0
0
-1
-2
-2
-1
-1
0
-1
-1
-3
-1
-1
-1
-1
0
-2
-1
-1
0
-1
-1
0
-1
0
0
-1
-359
-47
23
-361
-4
359
-363
16
-361
38
355
-64
351
-83
-348
100
119
338
332
-141
321
-160
179
312
-198
-303
-292
214
-279
231
247
263
-250
260
233
-276
-217
288
-201
301
180
-313
322
163
144
-331
-125
339
-107
343
-353
-85
-356
-66
42
-359
-361
-23
360
1
21
360
-361
39
-61
-354
351
-83
-103
-346
-124
-341
141
331
-162
-325
313
-180
197
301
214
290
231
275
262
-248
248
-263
231
-277
216
-290
-198
301
179
-311
322
162
143
-334
-123
339
-104
346
-84
349
-63
354
-42
357
19
-361
358
0
-21
-361
-41
-358
-355
62
85
349
-344
102
-123
-341
332
-144
324
-163
-313
180
-198
-303
-214
-290
-232
-279
-260
246
-262
-250
-276
-232
-289
-216
-301
-199
181
-314
324
161
-330
-144
122
-341
-103
344
-353
-85
62
-358
360
39
360
18
1
358
-360
18
358
-44
-355
62
-350
82
103
343
-337
122
-143
-332
-163
-324
-182
-313
200
297
288
-219
-233
-277
-262
245
-248
260
-278
-235
290
212
-303
-199
-315
-181
161
-326
332
139
-122
339
-103
346
81
-354
-357
-64
-41
356
-18
358
-3
-363
360
-25
-44
-358
-66
-358
86
348
104
344
-127
-339
-332
144
164
320
-312
181
199
298
216
285
233
274
-263
249
243
-264
-231
279
-215
291
194
-303
177
-315
-161
324
332
140
339
121
100
-347
79
-351
354
58
357
37
358
16
-4
-361
23
359
356
-47
65
354
-88
-349
-107
-346
-337
127
330
-146
165
320
-183
-311
201
300
-218
-286
274
-236
260
-251
-247
265
-228
278
214
-293
-303
-197
-313
-178
158
-326
-333
-140
-119
340
99
-346
80
-354
-356
-59
-358
-38
-18
359
5
359
26
358
-360
46
68
353
-350
86
107
343
337
-129
148
328
-320
165
-310
182
204
297
-288
217
-235
-273
-262
250
-266
-246
-279
-231
-292
-213
-194
304
313
172
-326
-158
139
-334
118
-344
-347
-100
352
76
-358
-59
-37
358
-15
361
361
-6
27
357
358
-49
68
354
-88
-352
108
343
129
337
329
-152
-320
165
-186
-310
-301
202
218
283
-272
233
-260
248
241
-269
-281
-229
-293
-212
-307
-194
313
173
-327
-158
-136
331
-118
339
-349
-99
-354
-78
-358
-59
32
-361
13
-364
361
-9
26
356
47
354
351
-71
-91
-351
-347
111
-338
129
-331
148
316
-169
186
310
202
296
-223
-288
236
270
249
256
-245
267
225
-281
209
-293
-194
305
-318
-175
-157
326
-139
334
-119
342
-351
-96
352
77
354
55
-361
-35
-16
362
-10
-361
27
360
-50
-358
351
-69
-350
91
-344
113
129
337
-151
-329
168
319
-309
187
205
297
284
-221
271
-240
257
-254
240
-267
228
-280
-209
295
-305
-192
320
173
-153
325
336
136
116
-342
-346
-97
354
75
357
53
-360
-33
13
-362
-8
-362
-361
29
51
357
-353
70
349
-93
-342
110
134
334
-328
148
173
315
310
-191
-203
-299
224
281
273
-243
-252
-260
271
237
283
221
-206
291
-305
-194
-170
315
-153
321
-134
332
-115
339
-347
-100
-74
349
-357
-58
-361
-37
361
4
9
356
358
-36
356
-57
-356
68
-95
-354
339
-118
334
-137
-156
-331
314
-175
-309
185
204
293
280
-228
-272
235
