-27584
5265
9206
-32178
-19455
-5040
18302
-2886
-8256
-24721
-16367
-2198
6143
8112
-32063
-20209
31342
-24396
-29893
-9371
24249
23514
-27669
594
-29724
2876
22142
-823
-25200
-14668
-21364
-25784
-10790
20868
8148
31665
29982
29370
28731
-25846
1044
30469
22126
-25211
-4063
-25863
-30988
25996
-19941
9284
26908
-32444
-12596
27486
21222
-10431
10680
-3069
-3831
11160
30262
10651
8863
-12276
-16626
31301
23133
-21051
-21242
10005
-24469
8914
15476
-16790
-16323
29003
1860
-12900
19295
13215
22839
8283
25869
19709
-4517
1249
-17983
-7734
-2219
19370
9282
-23546
23454
21057
819
20987
15797
-3657
-9459
-753
28279
8431
-32229
6213
29560
25444
-22443
31541
-18407
-21285
-29097
15049
-29968
6362
-7240
4977
-829
-21568
3059
32051
18935
-25593
-22142
8616
28983
-32300
27481
-30104
32681
-3196
28615
-21426
22299
4034
-9205
-31543
-12074
-15213
21156
17035
7075
16098
-27516
-24964
31362
17077
17047
-23157
-8991
-31464
-18622
-15910
-27086
-20923
-18104
19487
-24583
-24564
4180
-4205
24345
27625
-4403
15055
2460
-14304
8641
30434
1687
9415
-21195
-5506
16526
-29967
-29544
17964
19617
22094
8545
16366
32282
24388
6546
27366
-12164
-26849
31943
-7490
7818
21897
31292
-9794
-10556
-28518
-13040
24803
2246
-7388
5670
19675
-31727
-27996
15665
5561
-3955
8503
-30790
12551
3298
-10950
-11223
-21931
319
-27739
-7231
-23569
-4281
31025
18755
21834
-9195
-3811
9061
-11451
27602
22276
-23105
-29891
-32170
27515
576
851
-20481
1933
-28163
-4813
-15724
10114
12586
4887
-18537
9760
-30713
-6962
-25676
4533
18437
-15988
19939
-17890
11898
-14193
7886
4348
10493
5033
13079
-11589
-7747
-12280
18154
-30850
8484
-30580
27044
-26810
-15499
-20003
25998
-21173
23167
9172
-7039
19867
600
-31710
31268
22012
19137
-15787
-4338
-25871
-22136
-13651
-26410
26462
13229
16774
9687
17558
-18426
-7988
-24109
11406
-14489
-853
20631
-14149
23931
-12247
29938
4949
6070
16239
8067
13268
31486
21848
-4538
7691
29081
-26853
20597
-354
-23695
-23391
21894
-852
-30622
-14950
31197
-7974
-26066
-18015
-27378
-1818
-1733
4670
13334
-31450
-22209
651
-6700
9263
20658
-15582
-7632
1989
26071
-13279
25329
-8488
30885
-3576
-12482
-13814
-19532
-327
-11078
-1984
-5304
27406
-22247
31519
-15047
-29661
-23441
-26444
15610
28902
-4045
7553
-23151
28459
-5671
30667
8888
29748
6384
-2695
13708
-7799
21161
22535
-27079
-1652
-22358
-13475
-186
2810
28589
10158
-17908
-29865
24528
14689
-18118
-15207
-24049
-6109
-5307
8222
2414
11643
-26518
5973
-30357
23393
4429
3724
25302
-7337
-13544
21497
19977
15741
-648
-17421
3464
29125
510
20147
-31992
2806
27192
18434
-7673
23092
27100
4935
-11607
23256
17047
-17069
-4162
-4784
-21582
-25854
-17810
592
10239
13470
5542
27468
19513
-7668
-1897
-25642
-11219
14711
23124
2378
-1192
3476
-12723
-6126
-10260
20893
3907
10601
-19703
-9172
17701
20591
-6896
-16591
-31983
-11081
8970
-18933
16513
-28902
19340
-13286
7156
29569
22796
25971
21027
1414
19292
-507
5904
-20808
13403
-19756
13990
25136
30124
-30946
-25600
23733
-29375
766
-29039
1260
23032
-9718
-9070
-31368
26639
-1522
12004
-22949
22739
-23503
-30402
-2019
-2427
29119
-10871
-22226
30606
-29165
2595
-10541
-30837
29691
8757
11502
23733
-29030
-6009
7834
-27668
31571
796
5895
15140
25880
3083
-16318
5281
-9491
-24054
16295
-26233
-12368
-21667
24363
-4916
-4456
-20624
-12471
-13317
262
-26325
-14705
30526
-22792
1375
-27046
26516
26309
-31481
13999
-8343
13976
-30775
-460
-23720
6391
-30611
-10865
-3795
-25900
23578
-3422
19477
-5575
17621
6907
-3834
-29148
20373
25301
15204
11149
13689
12373
-26981
-16245
24419
-16908
17814
-5470
-9532
-13510
-30032
16668
16937
-12152
19366
-24533
16198
3170
-1921
-31772
-6079
-2317
-29374
23301
-11969
3075
-26038
-28895
20824
14082
8875
-29642
16623
19631
8392
13698
32707
-12735
-26695
-6377
-16804
12644
7289
-20185
-3610
-16563
14233
28840
-154
-7354
9679
26360
18716
-12036
-32459
5115
-21678
19955
-11512
-9541
-26839
17201
-2987
-26329
-15874
31113
24032
14978
32011
-6233
5431
-22091
-11029
28378
-21325
20597
-7956
10494
-30623
-18624
-159
-20521
22451
6469
14591
1111
29016
-27252
8490
-1585
9654
31800
6992
20650
-32587
-6785
28087
-30832
678
12108
-12971
-10904
-2618
-307
-23781
30120
-19133
12595
26695
365
-31537
-24729
8933
22919
-4139
26402
-4632
86
-23951
-415
31158
-12753
19397
-1640
5523
-30248
11448
23048
-22894
-18685
-7146
-29075
-8816
-29844
-14086
19093
-17930
-22384
19045
11478
28404
32448
12781
-206
-7125
7595
6631
15336
-12543
-25870
841
24445
-21467
-2991
-31032
-14077
17122
14273
26651
18426
-31356
25657
-25732
-24123
24316
-26122
2248
-5474
3334
-25758
11799
-2467
-20155
-13378
-17801
-17156
15463
3105
21895
11466
3758
-19747
13012
-12537
4794
20240
18821
18069
8964
651
26606
16459
-29661
24074
-4034
26908
9903
8701
10436
5977
27967
-7777
-4153
-6518
29361
-26765
20082
30345
-14901
15866
3717
26192
27544
-28930
-22744
-4140
23708
23878
20272
-28563
1758
-28270
-9133
3280
9573
-3103
-6891
-9297
5057
23303
11791
-32395
-24514
-7685
-30652
4928
13149
14471
12439
-21163
19085
4047
-20172
8359
6600
-17130
28945
-837
-16508
2880
-12695
-26396
-17838
16922
19574
-20892
28079
-6070
11631
25754
12398
26553
25126
2112
13495
-14162
29028
-6561
29157
25406
-23192
3498
-5434
22330
8282
-948
-27167
12269
16118
-19227
-28001
29112
11694
-18647
-23823
848
-22227
-8752
32748
-4070
-24763
-27042
21435
22378
-2870
-11113
-1055
-23976
5654
31765
15620
11905
-9354
-26182
-20992
-14430
-23785
6803
3764
20374
-22954
-29844
29084
-1892
-5140
-27228
12788
-24967
-4260
-30027
-18313
-10931
-7099
-18026
-10069
10742
9912
7768
-26837
-25763
-7013
-7975
-15099
26123
-27327
-21620
31362
12185
-19681
6690
-15143
13346
-8956
-3057
-27056
-6675
20513
27998
29057
8186
-23475
1421
-18673
26883
12390
-4748
-24818
23259
27022
-15196
22512
-712
8064
-19105
-15156
12343
-24225
4308
803
-23661
-22086
29273
5718
32101
-4894
8356
21148
19757
8621
15414
16321
-31854
23727
21170
8722
-32137
16976
9210
28326
-21329
21821
-27921
-18039
20509
644
2418
15381
25734
3938
-28143
-31091
-5774
-13761
-26245
21966
-31532
-28487
22102
-16267
-3197
8291
31830
32109
3616
7337
2182
-7641
12448
-5568
18161
-28471
-30076
8082
-405
22458
-12149
-20625
32639
28470
-20466
18722
27080
-4605
-3649
-25859
-26801
-18702
5756
-32699
-27924
13081
-28130
22473
-28744
4625
-17731
-1199
27757
8606
-7702
13252
-15997
15751
1194
14656
4536
