-35
170
-29
213
3
233
45
219
83
174
103
105
97
28
66
-42
18
-90
-35
-106
-71
-90
-76
-57
-43
-34
7
-44
39
-91
26
-148
-35
-174
-110
-132
-141
-24
-93
98
45
182
215
165
339
51
354
-101
254
-226
86
-247
-69
-161
-148
-4
-135
152
-61
251
25
275
83
243
99
187
91
130
78
76
62
17
37
-54
-10
-122
-76
-167
-146
-167
-196
-124
-205
-54
-171
18
-106
72
-35
94
25
84
58
51
55
6
13
-36
-58
-56
-139
-44
-199
1
-216
59
-182
98
-111
95
-37
40
11
-49
19
-138
2
-200
-18
-224
-25
-222
-18
-211
-12
-204
-23
-193
-54
-170
-92
-124
-121
-63
-127
-1
-117
40
-101
51
-91
41
-83
17
-75
-16
-60
-54
-42
-106
-30
-161
-28
-208
-35
-233
-34
-228
-14
-204
20
-180
53
-170
60
-167
35
-147
-9
-96
-35
-11
-20
82
40
139
115
129
161
50
142
-62
59
-156
-58
-195
-161
-165
-212
-91
-199
-8
-139
49
-61
67
5
49
39
18
42
-12
24
-25
-2
-23
-28
-11
-52
-5
-78
-6
-114
-16
-163
-23
-218
-14
-259
17
-266
62
-233
98
-173
100
-117
64
-91
8
-101
-33
-132
-35
-144
10
-111
73
-37
109
46
101
96
47
91
-11
50
-33
10
-3
10
56
61
102
134
99
187
49
188
-23
141
-72
74
-78
23
-43
3
-1
5
26
4
30
-8
28
-28
33
-30
49
-6
55
40
32
81
-29
93
-111
71
-182
29
-218
-6
-214
-18
-185
-10
-149
4
-115
12
-81
13
-40
13
8
14
50
9
78
-16
98
-59
122
-103
164
-119
214
-91
245
-34
221
13
134
8
13
-54
-86
-137
-121
-187
-90
-166
-32
-87
-7
-2
-37
31
-99
1
-136
-57
-102
-72
-4
-8
99
110
132
211
64
217
-64
108
-163
-56
-157
-180
-33
-180
144
-63
269
105
276
217
170
218
32
121
-47
4
-23
-53
78
-18
177
69
208
143
152
145
49
80
-36
-11
-64
-71
-45
-73
-21
-34
-35
0
-98
-5
-180
-51
-238
-109
-241
-141
-194
-125
-124
-68
-70
0
-47
51
-57
69
-78
50
-90
9
-81
-37
-43
-66
16
-66
83
-28
135
35
150
99
113
135
37
117
-51
51
-107
-33
-103
-93
-35
-93
65
-30
151
66
185
151
161
192
101
179
41
134
8
87
8
61
28
59
42
73
41
87
23
93
-4
93
-30
88
-52
83
-64
76
-72
71
-75
66
-76
64
-81
52
-97
26
-122
-23
-146
-93
-151
-160
-124
-193
-69
-171
-8
-95
25
10
4
104
-69
156
-165
161
-244
144
-272
136
-250
163
-202
210
-167
246
-163
231
-178
154
-179
34
-132
-90
-25
-171
116
-194
247
-171
327
-136
345
-121
320
-127
284
-127
264
-92
261
-4
249
124
194
244
84
312
-61
304
-192
230
-262
132
-245
53
-156
20
-39
19
62
21
123
-5
155
-66
183
-138
228
-182
292
-170
345
-107
350
-19
284
51
157
74
6
56
-124
18
-197
-2
-213
18
-190
78
-162
153
-151
209
-161
223
-180
187
-182
117
-146
38
-71
-21
33
-43
134
-30
204
-2
218
11
177
-11
102
-71
33
-144
-5
-195
-2
-199
21
-151
33
-82
6
-32
-53
-26
-110
-58
-124
-91
-74
-77
21
-6
119
110
165
217
141
269
69
253
-9
189
-48
123
-44
86
-15
83
-1
83
-18
58
-57
4
-85
-64
-74
-108
-24
-102
43
-47
88
27
88
89
49
122
-10
125
-66
112
-109
93
-136
66
-149
37
-143
8
-111
0
-47
31
27
103
84
190
95
253
61
266
3
222
-40
148
-42
78
-1
35
56
13
103
-2
132
-24
146
-49
163
-56
181
-39
184
-7
149
7
76
-18
-10
-83
-68
-148
-69
-168
-27
-124
12
-44
-6
11
-84
-10
-187
-109
-244
-235
-204
-308
-74
-279
81
-160
183
-16
180
78
89
83
-30
25
-111
-47
-133
-90
-119
-95
-115
-98
-134
-129
-157
-183
-145
-220
-74
-187
32
-77
108
71
102
182
4
193
-132
105
-224
-23
-215
-108
-115
-99
13
-14
89
88
73
134
-12
96
-105
2
-150
-88
-127
-134
-69
-127
-15
-100
0
-76
-12
-74
-28
-68
-33
-45
-35
-1
-61
35
-127
23
-218
-44
-288
-144
-296
-219
-231
-224
-124
-150
-37
-34
-16
69
-64
115
-150
98
-223
47
-247
2
-223
-16
-171
-13
-117
2
-74
13
-34
27
11
51
55
88
79
125
72
141
35
123
-17
76
-57
21
-79
-22
-91
-57
-111
-102
-146
-171
-173
-260
-161
-333
-86
-340
34
-257
153
-102
206
62
163
161
42
161
-97
73
-178
-39
-167
-112
-77
-108
32
-46
101
24
106
59
62
37
16
-13
3
-57
33
-60
81
-23
115
30
111
73
78
88
35
81
6
72
0
77
8
99
16
127
7
146
-18
148
-51
129
-81
98
-103
59
-109
18
-103
-24
-82
-56
-43
-69
16
-54
83
-3
144
75
180
160
176
227
134
252
71
226
8
155
-23
62
-6
-21
62
-64
161
-57
260
-4
325
73
334
141
284
173
190
163
78
110
-18
37
-83
-37
-106
-93
-88
-113
-39
-88
26
-17
83
86
112
190
95
263
35
274
-38
224
-87
136
-81
57
-16
23
78
45
155
92
173
122
127
100
44
27
-29
-69
-58
-142
-44
-168
-17
-153
-11
-132
-36
-130
-74
-151
-92
-171
-71
-158
-16
-99
34
-13
48
58
13
82
-47
54
-95
-1
-107
-47
-87
-65
-64
-72
-63
-96
-91
-155
-119
-237
-112
-304
-55
-314
32
-262
108
-165
132
-74
93
-25
23
-29
-36
-54
-51
-63
-23
-31
21
33
42
100
23
136
-30
128
-84
85
-119
28
-117
-21
-86
-46
-37
-46
12
-26
52
10
67
45
53
65
14
49
-36
-1
-74
-71
-73
-128
-25
-145
47
-113
115
-46
146
21
136
67
96
88
54
99
22
118
-5
146
-47
158
-112
132
-186
64
-231
-20
-218
-73
-144
-62
-45
11
31
107
52
182
21
205
-24
190
-42
166
-21
168
25
193
59
218
63
210
49
163
46
100
78
57
143
53
208
78
235
93
211
66
161
-1
124
-76
126
-119
161
-107
190
-63
176
-23
110
-29
23
-81
-36
-139
-34
-160
21
-121
90
-35
132
57
124
116
84
127
47
109
40
87
66
84
103
95
131
108
139
107
130
95
116
81
103
72
81
69
47
57
-2
31
-55
-6
-98
-42
-121
-66
-129
-81
-133
-91
-137
-112
-136
-138
-112
-154
-65
-144
-6
-107
37
-67
49
-49
33
-66
16
-105
25
-131
69
-115
122
-59
147
5
119
34
47
7
-30
-59
-63
-123
-38
-143
22
-108
73
-46
81
0
37
2
-29
-37
-83
-93
-104
-138
-104
-165
-102
-191
-109
-228
-112
-269
-89
-288
-28
-252
47
-160
107
-37
113
71
63
129
-13
135
-72
115
-91
103
-77
106
-54
112
-43
99
-40
66
-21
39
26
51
86
112
115
190
74
226
-40
177
-173
47
-251
-101
-224
-178
-100
-139
49
1
131
161
99
245
-28
210
-162
78
-221
-71
-161
-153
-12
-139
156
-43
267
71
293
146
248
167
178
139
117
87
83
30
74
-25
86
-72
124
-100
186
-88
264
-29
330
64
349
153
305
196
211
175
108
100
36
11
15
-54
41
-73
79
-49
103
-6
98
46
72
98
31
150
-24
194
-93
213
-174
193
-247
127
-285
40
-261
-30
-177
-61
-62
-46
52
-11
129
15
171
21
194
15
220
21
244
54
242
103
193
135
88
120
-46
54
-168
-40
-243
-121
-256
-163
-228
-158
-187
-123
-156
-80
-133
-42
-106
-2
-75
42
-44
86
-28
112
-32
104
-40
64
-30
23
11
13
74
50
122
112
119
160
59
158
-27
104
-91
34
-98
-5
-48
18
19
87
53
161
36
191
-16
166
-57
110
-51
66
1
64
69
99
112
138
107
147
68
121
28
82
9
55
9
54
2
62
-30
47
-82
1
-124
-66
-122
-115
-69
-110
17
-50
83
37
98
101
62
115
6
81
-34
34
-36
2
-13
-6
8
-8
5
-24
-16
-66
-33
-117
-20
-144
23
-133
67
-88
88
-40
74
-17
39
-22
14
-34
21
-23
50
22
73
79
62
116
12
107
-50
54
-87
-8
-81
-45
-40
-44
-1
-20
6
-10
-20
-30
-52
-76
-56
-105
-18
-89
42
-17
78
76
59
142
-13
148
-103
99
-161
34
-154
-3
-103
5
-41
40
-11
63
-20
42
-44
-18
-41
-80
9
-101
90
-64
159
13
170
81
114
98
18
59
-65
-4
-98
-40
-74
-19
-30
56
-9
144
-39
195
-103
189
-164
136
-173
83
-115
70
-11
107
91
172
149
221
156
222
132
177
116
114
127
74
161
70
182
94
161
107
92
82
-1
18
-70
-51
-89
-82
-52
-51
-1
30
25
123
1
177
-57
171
-110
124
-119
76
-76
59
-6
76
45
97
47
85
8
18
-39
-85
-53
-177
-20
-221
46
-200
98
-138
110
-70
74
-26
16
-9
-35
-1
-57
16
-55
49
-51
74
-56
78
-65
52
-59
13
-22
-8
38
4
93
43
113
77
81
77
16
37
-49
-21
-80
-66
-70
-71
-37
-32
-9
25
-2
71
-14
97
-21
107
-8
117
22
132
54
139
68
118
64
53
59
-41
80
-128
136
-175
209
-166
260
-118
255
-67
183
-51
71
-77
-40
-124
-110
-155
-128
-141
-115
-81
-99
0
-110
68
-146
100
-189
95
-218
70
-218
38
-200
12
-178
-15
-170
-57
-178
-119
-190
-200
-192
-277
-170
-330
-124
-342
-70
-316
-28
-264
-5
-204
-3
-148
-10
-101
-14
-59
-11
-18
-1
19
12
45
19
52
26
39
43
19
74
11
115
28
150
62
157
100
120
115
47
88
-41
20
-107
-64
-131
-135
-107
-172
-54
-172
2
-152
47
-131
76
-115
105
-100
140
-71
177
-23
202
37
192
86
143
103
64
80
-14
25
-73
-38
-92
-85
-76
-103
-38
-90
7
-51
52
5
85
71
105
137
108
193
93
226
64
235
34
224
12
206
-2
187
-13
166
-30
135
-53
88
-76
30
-77
-21
-52
-43
-8
-33
33
-4
48
18
37
9
18
-26
21
-62
63
-66
132
-23
192
53
205
122
157
147
67
115
-27
45
-85
-25
-100
-66
-87
-74
-75
-69
-76
-68
-86
-76
-85
-80
-62
-62
-30
-21
-10
20
-25
28
-69
-16
-112
-99
-118
-185
-71
-233
19
-220
113
-156
170
-74
170
-6
123
26
57
27
-4
13
-42
-1
-54
-11
-50
-14
-28
-8
8
14
49
52
83
94
92
118
73
106
42
55
23
-9
42
-54
95
-55
163
-6
208
64
207
123
160
147
92
136
35
106
6
77
6
58
25
46
49
34
76
23
111
25
153
48
184
90
180
127
127
127
32
75
-72
-21
-144
-119
-162
-182
-129
-184
-81
-134
-53
-71
-63
-28
-95
-21
-115
-35
-90
-33
-17
9
81
95
158
194
181
262
147
264
78
199
21
94
9
-3
48
-52
110
-45
154
-6
148
28
89
21
4
-23
-60
-78
-70
-98
-25
-57
42
40
87
156
78
242
21
264
-50
228
-91
172
-77
132
-24
127
35
144
57
148
33
106
-18
16
-55
-94
-52
-182
-4
-222
61
-211
107
-174
114
-139
81
-124
32
-130
-14
-147
-44
-161
-54
-164
-46
-153
-29
-122
-8
-71
7
-7
-3
50
-44
75
-109
54
-169
2
-190
-47
-158
-50
-90
8
-32
103
-32
177
-105
181
-216
101
-305
-25
-316
-130
-238
-161
-117
-111
-13
-26
23
35
-10
35
-63
-17
-90
-79
-62
-105
3
-88
62
-45
81
-19
62
-33
31
-74
25
-110
62
-108
118
-62
162
9
166
69
124
93
62
77
4
37
-22
-6
-14
-35
25
-39
81
-11
141
45
188
122
208
202
182
257
116
267
27
231
-56
163
-110
93
-132
30
-134
-23
-134
-78
-127
-142
-100
-195
-33
-204
71
-143
170
-21
222
107
187
184
79
172
-45
82
-123
-24
-121
-90
-59
-88
13
-40
39
1
11
6
-41
-22
-71
-44
-62
-22
-30
44
-25
115
-69
143
-146
108
-203
42
-195
1
-113
24
-3
110
72
201
78
236
24
194
-27
100
-25
20
37
-1
121
35
165
81
133
81
44
11
-45
-98
-81
-187
-44
-209
31
-157
95
-66
107
16
71
67
18
88
-26
103
-50
115
-70
118
-102
91
-137
26
-155
-59
-129
-122
-58
-134
27
-98
84
-44
81
-16
32
-35
-32
-87
-66
-136
-54
-150
-16
-122
20
-75
30
-34
18
-14
6
-6
11
15
29
49
45
83
37
94
8
64
-17
8
-10
-40
37
-49
105
-16
153
35
157
65
115
56
61
17
28
-17
31
-15
47
23
34
59
-34
45
-138
-45
-231
-181
-252
-303
-177
-347
-40
-287
92
-158
151
-30
115
30
16
5
-76
-71
-98
-129
-44
-116
49
-30
113
79
99
148
8
131
-99
40
-162
-67
-139
-126
-49
-102
56
-12
112
91
93
153
21
156
-57
123
-98
94
-88
103
-54
143
-33
190
-39
211
-66
204
-83
182
-74
172
-45
184
-29
194
-49
162
-101
68
-153
-74
-154
-214
-82
-292
40
-287
156
-216
209
-142
173
-120
79
-167
-16
-257
-55
-336
-28
-360
46
-318
121
-233
158
-142
152
-73
117
-35
83
-21
63
-17
62
-13
78
-4
107
16
141
55
170
104
172
146
135
151
62
98
-18
-7
-59
-125
-35
-202
53
-203
161
-127
231
-17
223
62
139
76
25
26
-66
-47
-103
-99
-88
-107
-61
-85
-54
-64
-78
-66
-117
-93
-142
-122
-138
-134
-116
-117
-89
-81
-74
-38
-75
6
-82
54
-96
107
-117
151
-155
174
-201
156
-234
115
-220
85
-151
103
-46
181
42
286
68
355
18
342
-68
234
-124
80
-100
-49
8
-100
155
-64
266
11
296
69
241
68
144
13
49
-65
-8
-129
-35
-170
-56
-202
-83
-242
-110
-288
-110
-326
-72
-316
-6
-248
52
-146
65
-51
14
-6
-76
-26
-160
-89
-196
-149
-172
-168
-110
-136
-52
-76
-30
-22
-48
-1
-83
-15
-101
-40
-85
-44
-36
-14
16
40
41
88
29
96
-8
59
-40
-9
-34
-69
18
-88
92
-59
148
-7
149
24
97
1
23
-68
-23
-142
-8
-168
52
-118
110
-15
106
78
19
98
-117
25
-232
-101
-260
-203
-182
-213
-50
-125
57
6
77
101
10
110
-84
42
-129
-39
-86
-61
22
3
128
116
169
218
133
252
52
216
-11
152
-22
107
10
100
42
108
35
88
-8
21
-54
-77
-60
-158
-21
-186
37
-163
62
-132
33
-135
-33
-187
-83
-257
-74
-289
-4
-245
85
-135
136
-7
115
76
30
88
-66
36
-124
-33
-122
-78
-80
-89
-34
-86
-13
-98
-13
-134
-15
-181
6
-216
54
-216
105
-181
141
-134
142
-97
114
-88
75
-106
48
-135
49
-158
84
-158
145
-122
215
-46
270
58
288
163
249
238
158
250
36
197
-70
98
-127
-6
-121
-74
-65
-95
1
-81
52
-57
79
-42
91
-37
105
-33
125
-16
141
4
141
14
119
-1
89
-41
71
-79
77
-95
97
-85
107
-63
90
-54
50
-73
16
-100
15
-107
53
-67
103
21
129
118
104
182
33
185
-49
139
-100
76
-95
35
-52
36
-6
62
12
83
-9
74
-48
33
-75
-11
-65
-32
-20
-3
40
81
81
197
74
309
7
380
-113
373
-253
284
-370
124
-409
-46
-347
-164
-190
-182
4
-93
156
54
206
178
137
218
-6
148
-147
11
-214
-121
-185
-184
-87
-156
19
-61
76
47
71
128
19
161
-47
153
-96
119
-117
72
-110
25
-77
-11
-23
-22
37
-2
79
37
76
64
16
45
-81
-28
-173
-132
-220
-218
-211
-245
-175
-213
-163
-162
-198
-144
-270
-177
-328
-238
-323
-269
-249
-230
-148
-127
-84
-21
-86
33
-141
8
-179
-54
-152
-84
-52
-32
65
92
123
220
83
281
-33
246
-149
145
-202
54
-169
31
-98
77
-52
142
-74
171
-151
136
-233
66
-271
4
-260
-18
-226
-8
-209
5
-216
-10
-226
-40
-203
-54
-137
-22
-49
57
14
143
26
189
5
180
-11
144
15
120
80
142
146
187
165
213
126
180
54
96
4
-1
5
-54
41
-47
66
-4
36
20
-48
-6
-142
-68
-191
-118
-177
-107
-123
-35
-88
54
-112
99
-180
70
-240
-10
-235
-77
-151
-78
-27
-4
70
98
91
168
33
168
-56
104
-122
21
-130
-34
-93
-41
-40
-8
-3
42
10
97
3
149
-16
196
-51
221
-103
206
-158
141
-191
49
-165
-26
-75
-42
50
13
152
105
183
175
136
175
45
105
-23
8
-29
-64
23
-69
92
-23
135
39
125
76
83
82
38
72
15
71
11
86
6
101
-15
98
-45
71
-63
41
-56
28
-27
45
-6
71
-10
80
-41
55
-74
8
-78
-30
-47
-30
-2
1
17
30
-11
17
-65
-50
-105
-140
-88
-197
-8
-181
89
-95
144
8
118
70
31
59
-66
-5
-109
-64
-76
-62
5
13
74
127
86
219
28
243
-62
191
-131
99
-138
16
-82
-25
6
-21
81
8
118
30
107
22
68
-23
25
-91
6
-153
21
-185
67
-164
120
-90
149
15
128
110
50
156
-66
137
-175
69
-235
-13
-229
-67
-167
-79
-86
-62
-14
-40
39
-28
84
-18
142
17
206
88
248
177
234
235
151
218
35
119
-51
-21
-50
-124
45
-130
182
-38
284
98
286
197
191
202
55
119
-44
4
-58
-70
-2
-73
71
-18
107
42
83
66
23
49
-23
23
-30
23
-6
66
13
122
-1
156
-46
147
-82
110
-78
91
-24
121
47
190
87
262
64
279
-3
226
-62
128
-61
51
10
49
110
124
166
223
126
270
-1
211
-153
59
-247
-116
-225
-228
-104
-225
49
-124
150
9
149
98
64
96
-41
23
-99
-64
-78
-104
2
-72
85
2
118
70
85
86
14
41
-44
-33
-52
-88
-5
-93
66
-42
120
37
127
104
81
132
9
117
-57
75
-95
22
-96
-23
-68
-50
-19
-62
46
-51
117
-16
182
40
223
97
228
135
199
136
151
105
112
62
100
41
105
51
103
88
66
118
-18
106
-131
45
-227
-44
-268
-112
-242
-122
-174
-64
-109
33
-84
119
-109
160
-154
151
-180
119
-159
101
-99
110
-26
142
25
165
42
165
42
140
46
117
67
119
90
153
81
192
22
197
-83
139
-194
30
-262
-86
-250
-156
-172
-151
-70
-83
4
4
20
64
-9
75
-45
52
-52
30
-19
42
28
89
51
137
24
151
-42
109
-112
26
-144
-54
-117
-89
-47
-64
23
1
54
70
35
102
-20
86
-71
36
-91
-18
-71
-51
-26
-61
15
-58
40
-60
44
-76
40
-93
35
-109
33
-115
23
-117
4
-124
-23
-140
-40
-156
-35
-151
-4
-113
37
-45
65
35
63
100
32
130
-11
124
-42
103
-49
83
-40
71
-30
60
-34
34
-49
-12
-59
-63
-45
-91
-7
-74
34
-12
41
57
-8
90
-106
54
-210
-39
-264
-146
-233
-206
-123
-179
12
-69
107
67
115
161
39
170
-69
97
-142
-11
-136
-79
-55
-70
51
16
116
131
98
207
7
208
-114
134
-206
24
-228
-71
-179
-119
-91
-116
-3
-86
59
-54
95
-33
115
-17
132
4
142
33
136
57
108
59
62
38
19
10
-1
-3
4
21
16
74
2
126
-53
143
-141
102
-221
16
-254
-76
-218
-129
-127
-121
-24
-63
47
7
60
47
25
37
-28
-17
-62
-89
-59
-149
-15
-175
48
-163
115
-119
165
-53
191
23
185
88
148
130
89
138
30
116
-10
85
-17
69
4
82
28
115
33
141
6
139
-35
104
-65
60
-59
40
-20
62
21
116
28
165
-14
171
-88
122
-149
40
-168
-34
-135
-72
-81
-77
-40
-81
-33
-111
-40
-172
-30
-228
23
-238
107
-178
175
-69
177
28
94
64
-43
19
-173
-75
-240
-159
-230
-187
-174
-148
-127
-82
-127
-37
-173
-42
-233
-91
-262
-151
-245
-188
-192
-192
-134
-175
-98
-161
-85
-161
-80
-173
-66
-180
-38
-164
-4
-130
21
-81
33
-28
28
20
9
64
-21
91
-59
95
-103
67
-134
15
-132
-36
-83
-51
4
-7
92
84
133
185
100
243
0
226
-129
134
-229
14
-264
-87
-234
-130
-170
-115
-116
-65
-100
-18
-126
4
-173
-6
-216
-37
-235
-72
-224
-100
-188
-110
-134
-102
-78
-74
-31
-38
-8
-10
-13
-8
-40
-41
-66
-95
-71
-146
-46
-176
-1
-171
43
-145
65
-115
62
-98
50
-86
49
-65
61
-18
72
44
62
100
14
118
-60
86
-127
21
-159
-52
-148
-101
-107
-122
-62
-127
-28
-132
1
-129
39
-98
94
-14
138
116
132
251
45
328
-114
305
-283
187
-387
42
-380
-52
-269
-47
-127
42
-33
139
-35
166
-108
88
-177
-57
-167
-184
-54
-214
116
-130
255
18
286
150
199
190
45
133
-86
31
-133
-40
-88
-26
-4
62
52
172
41
239
-28
228
-95
162
-112
87
-52
55
54
85
153
149
195
199
168
192
92
124
18
22
-19
-66
-12
-115
13
-117
22
-97
-3
-85
-58
-98
-115
-128
-147
-155
-142
-154
-107
-123
-67
-73
-45
-26
-42
-1
-60
-8
-80
-40
-86
-89
-78
-141
-51
-189
-7
-218
52
-222
115
-190
173
-127
205
-48
199
23
158
63
96
69
42
52
17
35
25
37
56
58
84
82
93
90
90
70
81
30
91
-13
122
