-161
120
-192
171
-194
204
-169
208
-136
179
-109
124
-91
57
-89
-5
-97
-50
-105
-70
-101
-63
-78
-43
-34
-25
19
-30
58
-62
64
-110
28
-156
-32
-174
-88
-165
-124
-146
-128
-136
-116
-150
-112
-181
-124
-202
-138
-204
-129
-181
-86
-153
-16
-146
46
-173
69
-219
40
-250
-20
-237
-80
-181
-107
-102
-107
-35
-98
3
-104
11
-130
16
-158
35
-163
65
-133
81
-85
59
-48
-3
-54
-74
-99
-113
-143
-94
-147
-28
-88
38
13
56
103
6
134
-92
81
-177
-23
-199
-119
-141
-148
-29
-92
72
28
107
148
54
214
-67
194
-197
108
-279
-1
-279
-79
-206
-91
-98
-43
-7
38
33
104
16
124
-30
97
-74
46
-89
4
-74
-9
-54
1
-57
10
-93
-5
-151
-55
-196
-123
-204
-173
-157
-177
-80
-128
-5
-48
38
30
40
78
18
83
-4
60
-6
23
19
-11
61
-35
115
-43
170
-28
216
12
239
69
212
115
132
115
6
45
-129
-89
-215
-238
-217
-345
-134
-363
-13
-295
82
-185
106
-96
59
-72
-19
-108
-69
-167
-60
-199
1
-178
74
-119
117
-52
118
-9
87
2
52
-4
32
-9
33
-1
40
16
44
37
42
62
39
94
30
136
7
171
-43
178
-119
131
-194
40
-224
-58
-182
-112
-78
-86
43
8
123
122
127
192
64
190
-14
128
-54
53
-33
13
35
25
104
70
131
110
112
119
66
99
23
69
-4
45
-23
30
-47
10
-78
-30
-99
-76
-87
-99
-37
-74
28
1
66
85
46
129
-29
95
-114
-5
-151
-119
-108
-187
-1
-175
120
-93
190
3
177
61
98
57
0
6
-66
-54
-86
-83
-71
-78
-57
-64
-61
-62
-74
-91
-72
-129
-25
-144
63
-103
165
-12
234
98
231
173
153
172
35
90
-75
-45
-125
-176
-103
-250
-30
-252
42
-196
71
-131
40
-97
-36
-115
-107
-166
-131
-207
-91
-195
-13
-123
59
-18
81
68
45
99
-22
66
-71
1
-70
-47
-16
-47
53
-6
92
37
79
39
31
-16
-9
-107
8
-182
94
-197
222
-136
341
-28
402
78
390
133
323
119
246
57
197
-21
193
-78
222
-95
255
-74
269
-33
243
7
176
26
81
18
-22
-21
-100
-66
-139
-92
-127
-74
-86
-4
-45
97
-43
184
-90
217
-168
179
-232
89
-243
-7
-181
-62
-74
-56
34
-6
98
46
99
64
54
36
0
-18
-31
-71
-33
-105
-19
-113
-3
-111
5
-107
11
-101
27
-78
47
-40
56
1
37
16
-12
-19
-64
-98
-80
-178
-33
-216
66
-175
167
-71
216
46
178
117
72
105
-48
28
-119
-57
-112
-97
-41
-65
40
16
81
98
62
138
11
125
-32
88
-28
74
19
109
74
183
93
257
52
285
-31
247
-112
166
-147
83
-118
42
-45
53
27
95
62
130
47
123
8
69
-22
-4
-18
-64
18
-91
62
-86
81
-78
62
-93
18
-134
-18
-180
-18
-195
20
-150
70
-48
89
78
50
173
-49
198
-172
144
-262
40
-280
-62
-211
-117
-86
-107
51
-52
149
14
184
49
164
32
116
-30
78
-111
69
-173
95
-192
136
-163
163
-93
154
-12
98
49
8
79
-91
77
-169
57
-209
46
-212
54
-196
71
-181
79
-172
61
-161
18
-128
-27
-57
-39
42
1
132
80
168
153
125
174
21
107
-91
-23
-149
-163
-117
-243
-9
-228
117
-135
197
-18
194
61
132
72
57
36
23
0
47
7
100
61
132
128
107
158
32
119
-57
21
-104
-90
-81
-155
-1
-153
99
-86
167
12
177
98
131
150
56
165
-22
155
-85
133
-128
105
-150
74
-156
45
-143
20
-118
4
-85
-6
-52
-21
-24
-41
8
-62
49
-72
99
-55
143
-21
156
16
126
20
59
-21
-10
-92
-43
-151
-21
-155
33
-86
81
35
71
153
-9
218
-141
209
-266
148
-336
82
-334
45
-281
47
-219
65
-173
70
-144
47
-110
13
-52
-4
31
17
107
66
137
107
107
105
32
45
-46
-52
-84
-141
-72
-187
-25
-177
14
-136
19
-101
-8
-91
-46
-103
-64
-118
-49
-112
-12
-83
27
-40
49
-2
52
18
47
28
41
37
35
46
18
47
-14
25
-55
-16
-84
-67
-82
-88
-50
-69
-15
-12
-11
42
-59
50
-139
-10
-203
-112
-202
-197
-117
-212
19
-139
139
-13
183
94
134
126
33
71
-53
-27
-70
-94
-13
-88
69
-15
107
73
66
106
-40
54
-145
-57
-185
-163
-134
-203
-23
-156
84
-54
127
39
88
73
1
36
-82
-40
-116
-108
-97
-137
-47
-119
-4
-74
8
-27
-8
10
-38
43
-71
74
-104
98
-139
105
-169
94
-178
78
-144
87
-75
145
8
246
54
351
34
404
-48
363
-151
240
-208
78
-182
-52
-76
-105
65
-84
177
-22
225
34
205
59
146
57
79
46
15
36
-53
17
-134
-25
-216
-99
-270
-183
-270
-234
-209
-224
-116
-146
-37
-36
-11
58
-40
100
-93
89
-132
54
-129
25
-93
16
-49
16
-16
11
-4
-10
4
-37
18
-57
32
-61
34
-65
11
-89
-28
-136
-53
-183
-42
-190
2
-138
44
-42
37
51
-37
79
-151
29
-245
-65
-264
-140
-197
-141
-93
-77
-18
3
-17
29
-76
-25
-134
-134
-129
-226
-45
-241
77
-177
164
-83
174
-22
111
-28
36
-78
1
-115
23
-95
69
-28
80
40
30
54
-54
3
-118
-79
-115
-125
-47
-102
33
-25
62
46
16
53
-74
-10
-146
-102
-148
-158
-83
-139
-1
-56
40
38
13
95
-59
101
-124
83
-151
80
-140
106
-122
145
-125
164
-150
141
-165
98
-139
77
-66
107
16
182
59
256
37
286
-34
256
-112
185
-158
112
-165
59
-156
21
-162
-35
-179
-122
-178
-216
-126
-273
-18
-250
105
-152
178
-40
161
17
66
-23
-40
-134
-81
-245
-29
-287
86
-236
193
-130
232
-33
192
11
115
6
51
-4
26
16
16
62
-27
84
-117
35
-225
-94
-276
-247
-216
-332
-45
-285
164
-112
308
105
314
262
191
286
17
190
-106
43
-116
-59
-25
-68
99
-1
177
83
175
119
114
83
52
6
45
-54
103
-50
191
21
251
121
243
198
164
209
45
148
-59
41
-112
-66
-99
-136
-45
-158
20
-143
66
-116
77
-93
64
-88
39
-90
16
-91
-6
-91
-31
-93
-65
-108
-101
-138
-126
-170
-126
-191
-99
-184
-62
-148
-30
-105
-20
-74
-24
-62
-26
-62
-2
-45
42
1
90
71
107
137
78
163
18
137
-40
81
-62
33
-42
24
-8
54
-2
83
-46
72
-123
3
-189
-97
-196
-172
-134
-175
-38
-106
30
-7
33
64
-33
69
-119
20
-173
-46
-165
-78
-117
-67
-67
-34
-49
-13
-64
-23
-78
-49
-69
-58
-26
-25
18
40
30
96
-7
112
-67
83
-106
42
-93
33
-40
75
12
144
21
189
-25
167
-90
78
-113
-30
-59
-91
63
-73
195
16
273
114
262
161
173
129
60
26
-19
-96
-36
-197
1
-249
67
-249
129
-209
173
-143
189
-58
173
26
116
88
22
95
-88
42
-175
-52
-199
-139
-142
-165
-25
-110
92
8
151
132
121
198
17
175
-110
73
-200
-59
-215
-163
-158
-203
-66
-174
16
-101
50
-19
34
40
-18
66
-76
64
-117
52
-125
48
-106
64
-74
92
-49
117
-40
117
-44
86
-43
31
-25
-26
22
-66
81
-75
133
-65
148
-57
119
-74
61
-121
-4
-185
-53
-247
-76
-291
-78
-311
-71
-315
-60
-308
-39
-290
-4
-252
44
-193
91
-121
120
-58
132
-21
130
-8
130
-12
148
-11
176
-1
193
8
189
-1
165
-34
148
-66
156
-71
187
-21
216
71
202
163
124
208
2
180
-112
103
-165
32
-140
7
-69
38
-4
86
12
96
-14
45
-38
-46
-15
-122
69
-130
173
-74
231
1
203
26
102
-27
-13
-137
-78
-241
-64
-281
-1
-241
52
-161
49
-102
-6
-95
-69
-121
-91
-143
-56
-117
8
-49
52
27
48
61
11
42
-13
3
11
-3
78
52
145
149
144
231
63
231
-70
138
-182
-8
-209
-136
-139
-182
-14
-139
98
-49
144
28
124
55
74
36
42
5
47
-3
78
16
101
44
94
49
63
30
35
-5
31
-22
48
-6
62
31
41
56
-22
35
-107
-39
-169
-137
-178
-216
-122
-237
-28
-190
57
-103
92
-18
66
25
-5
5
-78
-67
-115
-155
-90
-221
-6
-228
107
-175
210
-74
261
35
247
110
168
129
63
88
-33
15
-89
-58
-103
-103
-86
-115
-69
-109
-69
-105
-83
-114
-97
-129
-92
-133
-62
-109
-20
-57
14
11
21
68
2
101
-32
108
-65
91
-88
62
-95
25
-88
-18
-69
-59
-32
-86
20
-88
81
-58
127
-10
142
36
121
57
74
53
30
36
9
31
8
54
11
97
-8
134
-60
134
-132
91
-187
20
-202
-47
-165
-83
-97
-82
-23
-62
32
-42
71
-36
105
-31
153
-11
209
37
252
99
257
147
218
153
154
112
95
47
76
-8
96
-25
137
3
164
49
151
88
103
98
40
80
-12
55
-36
40
-43
40
-40
49
-41
52
-42
50
-33
47
-10
57
18
81
39
104
36
108
11
79
-16
26
-26
-30
-5
-58
34
-48
66
-10
62
25
14
28
-63
-11
-132
-74
-162
-128
-137
-140
-76
-96
-4
-11
36
83
33
144
-5
155
-48
124
-62
79
-33
54
31
66
94
104
122
131
95
112
28
32
-37
-89
-59
-204
-16
-262
71
-238
158
-147
190
-40
143
30
37
37
-81
-3
-160
-50
-177
-62
-151
-32
-121
21
-122
54
-157
38
-202
-28
-218
-115
-184
-182
-100
-214
-1
-204
83
-179
137
-152
158
-131
156
-117
139
-105
108
-98
63
-105
10
-125
-35
-148
-59
-158
-59
-142
-49
-108
-52
-81
-68
-76
-80
-98
-59
-118
4
-104
102
-39
192
49
231
112
209
108
156
37
129
-54
165
-100
256
-61
342
47
353
156
255
191
74
119
-110
-26
-216
-168
-215
-234
-136
-199
-49
-103
-17
-11
-54
23
-127
-6
-174
-69
-163
-117
-97
-129
-11
-110
52
-95
79
-112
82
-159
90
-220
117
-264
165
-278
218
-254
256
-205
266
-139
244
-68
194
-4
112
36
13
40
-89
4
-165
-54
-192
-107
-164
-127
-97
-111
-25
-73
28
-37
53
-23
63
-30
79
-37
110
-30
141
-4
160
30
156
56
127
70
91
77
54
83
21
84
-21
71
-66
25
-98
-40
-91
-95
-31
-100
61
-42
139
61
153
148
81
167
-49
94
-177
-37
-248
-170
-239
-251
-172
-267
-96
-238
-45
-199
-15
-166
11
-126
62
-52
129
64
177
193
180
293
130
332
59
308
8
260
-1
221
17
204
23
185
-10
125
-73
9
-125
-134
-122
-245
-50
-276
54
-219
132
-117
141
-28
83
13
-1
11
-59
-1
-66
8
-42
41
-17
77
-8
88
-10
69
7
47
57
54
120
101
158
157
134
175
51
125
-54
19
-127
-98
-136
-172
-95
-180
-45
-143
-28
-95
-53
-71
-101
-70
-137
-76
-146
-68
-135
-46
-124
-25
-124
-21
-124
-34
-110
-42
-73
-28
-30
7
-6
33
-15
29
-38
-8
-39
-42
7
-33
91
43
164
161
179
260
119
286
28
237
-32
160
-17
121
62
152
146
224
163
269
100
225
0
95
-59
-57
-23
-141
87
-116
193
-12
209
81
107
78
-60
-31
-192
-189
-213
-296
-113
-283
37
-160
143
-2
151
104
78
116
-6
61
-32
2
23
-4
120
54
194
129
199
168
139
144
54
66
-8
-18
-28
-77
-19
-99
-15
-98
-34
-97
-73
-103
-111
-110
-137
-106
-148
-90
-156
-73
-168
-69
-177
-78
-168
-93
-136
-95
-86
-81
-42
-61
-21
-61
-25
-93
-41
-151
-39
-208
-9
-238
35
-227
73
-190
81
-149
56
-119
14
-103
-26
-83
-52
-58
-70
-28
-91
-11
-110
-13
-119
-33
-95
-42
-37
-21
35
32
87
88
93
111
57
75
4
-7
-14
-94
20
-137
91
-117
153
-54
163
3
103
7
6
-52
-75
-144
-93
-214
-42
-220
45
-158
116
-67
127
4
78
16
3
-26
-57
-95
-69
-152
-38
-175
8
-165
49
-143
65
-117
66
-94
65
-63
66
-16
64
42
41
93
-6
114
-69
96
-124
52
-146
7
-131
-18
-87
-16
-43
7
-23
30
-27
40
-58
35
-100
13
-148
-20
-201
-66
-247
-127
-279
-191
-277
-239
-231
-238
-148
-180
-57
-64
4
67
11
170
-33
218
-95
209
-135
170
-127
136
-75
132
-8
149
40
164
57
151
53
112
55
64
83
42
133
64
185
124
206
194
179
243
112
252
37
222
-16
175
-27
139
8
136
69
165
131
219
167
274
168
305
130
293
71
231
16
135
-8
35
13
-33
67
-52
127
-27
158
13
144
36
98
26
51
2
35
-4
57
37
95
120
107
206
66
251
-20
224
-110
139
-156
38
-137
-35
-69
-60
8
-53
57
-47
72
-57
71
-76
81
-72
106
-28
120
49
90
115
0
126
-125
71
-232
-27
-271
-109
-231
-134
-146
-95
-64
-27
-26
27
-28
42
-45
33
-45
27
-28
39
-14
63
-33
62
-89
13
-152
-74
-180
-154
-146
-180
-75
-132
-15
-43
-12
28
-78
33
-168
-29
-223
-113
-198
-159
-101
-133
19
-42
98
56
105
110
54
98
-4
40
-36
-22
-23
-56
11
-54
30
-43
15
-48
-27
-76
-66
-113
-80
-133
-66
-115
-40
-62
-27
7
-40
66
-78
104
-125
116
-163
116
-182
112
-184
113
-175
118
-165
124
-163
122
-170
103
-184
62
-190
9
-174
-38
-125
-52
-49
-14
25
66
66
159
47
221
-20
224
-106
170
-161
93
-159
34
-101
22
-17
49
52
92
92
120
106
133
122
144
148
176
176
231
177
282
128
289
40
228
-44
115
-74
3
-23
-51
87
-19
202
79
260
187
230
240
136
218
28
135
-39
38
-43
-28
6
-38
69
-8
109
38
113
77
91
98
56
105
26
109
2
112
-15
116
-31
119
-45
116
-60
111
-75
100
-91
73
-109
30
-119
-25
-113
-83
-77
-122
-11
-126
69
-91
144
-18
194
71
211
163
190
239
134
286
53
293
-41
245
-126
153
-176
38
-163
-60
-88
-101
30
-72
140
9
195
94
174
135
95
109
5
34
-47
-42
-37
-74
14
-47
64
14
72
59
33
53
-23
-11
-44
-97
8
-151
132
-132
286
-41
414
90
471
206
448
269
366
270
267
221
178
153
115
86
74
33
40
-6
8
-40
-25
-66
-59
-87
-84
-102
-99
-110
-101
-110
-88
-98
-60
-67
-20
-16
21
52
41
119
30
163
-11
165
-68
127
-112
64
-125
8
-107
-22
-71
-21
-42
-6
-37
1
-59
-16
-86
-56
-94
-103
-69
-131
-13
-129
56
-98
121
-47
164
8
177
55
161
83
120
83
63
49
0
-15
-47
-95
-62
-164
-36
-196
18
-178
74
-123
103
-64
92
-28
56
-30
24
-57
28
-78
71
-67
135
-25
185
24
197
52
173
40
135
-3
109
-48
104
-79
107
-89
98
-98
62
-123
17
-168
-13
-209
-8
-211
29
-165
66
-86
76
-6
44
37
-11
37
-49
22
-49
26
-11
67
24
129
19
170
-37
157
-119
83
-178
-12
-186
-85
-144
-108
-86
-91
-54
-72
-63
-83
-89
-127
-95
-174
-54
-185
21
-143
94
-68
125
-3
99
16
43
-15
-2
-66
-10
-98
20
-88
54
-49
62
-11
31
4
-22
-11
-68
-38
-88
-59
-84
-68
-66
-72
-47
-84
-13
-97
40
-93
117
-51
197
26
245
109
233
150
164
130
76
58
14
-24
2
-73
25
-69
40
-41
11
-35
-64
-86
-139
-180
-160
-267
-98
-288
30
-216
162
-79
232
64
214
150
129
156
26
100
-40
32
-57
-12
-47
-23
-47
-24
-75
-41
-122
-78
-163
-115
-163
-117
-131
-60
-89
40
-75
151
-110
224
-178
241
-248
203
-277
140
-246
85
-165
55
-62
51
34
50
101
37
141
6
161
-40
168
-91
164
-145
150
-197
127
-245
104
-283
90
-291
90
-258
94
-180
81
-78
35
22
-50
82
-158
92
-253
59
-303
18
-292
-4
-233
11
-157
51
-95
93
-64
113
-54
104
-48
77
-32
51
-2
37
30
30
47
18
52
-7
58
-37
81
-50
122
-29
163
26
173
82
135
100
54
59
-28
-30
-69
-121
-41
-163
39
-129
128
-34
168
73
141
141
57
146
-33
107
-84
65
-78
54
-35
84
4
130
8
151
-23
121
-57
47
-59
-32
-8
-74
83
-57
174
5
220
76
194
108
115
81
17
3
-47
-86
-49
-132
4
-110
74
-24
112
84
86
162
-1
169
-113
103
-190
1
-194
-79
-124
-99
-19
-57
64
10
86
45
45
14
-15
-67
-39
-156
4
-191
93
-146
181
-45
210
54
158
100
54
71
-49
-7
-93
-81
-69
-112
-1
-86
66
-35
93
6
81
13
52
-8
38
-32
46
-37
66
-21
78
0
70
16
49
24
35
36
32
69
35
122
25
175
-15
199
-76
181
-136
124
-168
52
-151
-6
-102
-36
-42
-46
6
-52
31
-68
40
-91
46
-112
56
-120
62
-113
60
-95
43
-76
16
-57
-11
-37
-37
-17
-56
2
-73
11
-79
4
-74
-11
-37
-18
24
-7
98
23
163
64
194
88
192
81
169
44
144
-8
134
-50
139
-70
144
-71
135
-63
109
-57
71
-58
34
-60
9
-60
0
-52
4
-38
16
-19
33
4
56
30
73
52
77
62
64
43
40
-6
23
-72
28
-132
65
-158
116
-144
156
-103
162
-63
129
-48
79
-60
40
-80
34
-78
59
-40
91
29
103
99
75
141
13
131
-60
73
-114
-13
-126
-96
-91
-151
-25
-161
51
-128
108
-68
126
-8
93
19
25
0
-46
-57
-85
-125
-69
-161
-1
-138
86
-60
149
42
152
115
96
134
12
88
-59
8
-86
-70
-65
-118
-16
-132
37
-123
71
-105
89
-84
95
-63
93
-40
78
-24
50
-26
17
-51
-4
-84
1
-102
34
-89
76
-41
99
17
83
53
32
54
-30
23
-70
-12
-74
-28
-48
-11
-12
23
19
64
42
101
66
140
102
190
140
250
166
306
168
336
143
329
110
293
86
245
74
199
61
156
36
101
-3
23
-40
-59
-45
-117
-13
-116
42
-52
78
42
62
122
-5
147
-86
119
-131
74
-117
49
-54
64
20
93
64
101
74
69
76
11
98
-36
144
-45
180
-25
165
-18
89
-62
-17
-162
-93
-268
-93
-313
-19
-251
72
-104
108
58
52
159
-67
167
-185
106
-232
42
-194
21
-105
50
-23
92
11
100
8
67
7
18
36
-3
87
24
119
72
93
90
4
37
-98
-74
-153
-191
-119
-244
-13
-199
102
-86
154
29
112
77
7
28
-98
-86
-136
-200
-86
-253
25
-221
138
-125
201
-11
187
74
117
110
28
103
-39
81
-60
79
-42
109
-7
168
16
233
7
269
-31
256
-79
196
-112
107
-105
19
-64
-47
-7
-97
42
-139
76
-187
107
-226
156
-227
227
-164
296
-39
317
103
259
206
132
223
-11
161
-103
81
-101
48
-26
92
57
185
79
253
18
240
-86
133
-163
-11
-154
-113
-70
-132
34
-81
86
-20
61
-11
-9
-63
-58
-127
-37
-144
45
-80
132
35
161
139
114
172
23
125
-53
40
-65
-29
-26
-50
18
-47
23
-64
-22
-130
-78
-233
-98
-321
-57
-345
19
-288
77
-189
74
-102
6
-69
-86
-89
-153
-129
-166
-156
-127
-155
-66
-128
-3
-93
51
-54
95
-6
132
54
139
108
102
127
20
86
-81
-16
-151
-139
-159
-233
-99
-265
-6
-233
76
-164
119
-94
124
-38
117
11
112
64
105
121
77
162
22
162
-47
118
-100
54
-108
13
-77
17
-38
53
-30
86
-69
78
-128
23
-165
-43
-149
-83
-85
-70
-11
-23
33
16
33
14
17
-24
24
-62
71
-63
136
-23
174
27
153
35
88
-13
24
-91
8
-143
54
-124
122
-37
153
71
110
134
11
121
-89
57
-129
-4
-90
-12
-1
40
81
112
115
160
107
158
96
127
117
105
175
124
235
173
256
211
220
199
152
134
94
48
81
-12
107
-27
138
-10
130
-2
74
-40
2
-121
-40
-202
-25
-234
37
-192
95
-100
102
-9
37
31
-71
4
-168
-62
-204
-112
-167
-103
-86
-25
-14
90
6
192
-39
238
-122
216
-197
145
-224
66
-194
21
-127
18
-59
45
-26
64
-40
42
-82
-25
-112
-118
-99
-192
-31
-212
64
-171
141
-97
165
-40
132
-38
71
-93
35
-169
56
-212
130
-194
220
-117
269
-24
245
30
154
17
43
-54
-38
-143
-57
-200
-18
-196
45
-132
95
-33
103
67
62
141
-13
170
-103
152
-184
86
-234
-12
-233
-112
-169
-183
-52
-195
90
-144
212
-50
278
41
272
93
214
87
140
33
93
-30
91
-70
128
-73
183
-42
228
3
255
51
262
92
257
124
245
149
223
161
188
151
146
119
110
74
88
30
86
8
95
7
105
28
100
50
78
69
45
78
14
80
-8
76
-20
70
-22
58
-16
42
1
23
28
8
60
8
92
23
107
45
89
64
34
58
-55
16
-161
-70
-252
-181
-301
-288
-281
-350
-194
-331
-69
-226
44
-58
102
117
83
238
0
277
-93
241
-146
181
-133
141
-66
151
9
194
44
232
23
224
-35
166
-81
89
-82
44
-34
59
29
132
64
224
44
290
-25
298
-107
257
-158
193
-161
134
-123
95
-71
62
-24
23
8
-35
35
-101
73
