-226
-1
-199
77
-141
142
-63
180
15
186
76
163
112
122
116
81
99
49
68
40
37
49
21
66
23
82
37
70
40
30
18
-25
-36
-75
-106
-99
-163
-94
-191
-78
-181
-71
-153
-87
-130
-122
-125
-147
-122
-155
-103
-139
-52
-120
18
-124
78
-160
97
-216
62
-257
-4
-253
-69
-204
-97
-131
-95
-68
-81
-36
-78
-31
-92
-28
-107
-11
-98
20
-53
39
6
21
50
-33
47
-91
4
-114
-46
-75
-59
14
-12
107
76
156
148
133
160
65
91
4
-30
-1
-140
68
-181
181
-132
274
-19
293
100
214
166
64
151
-100
69
-216
-35
-251
-105
-204
-110
-118
-57
-38
28
0
97
-7
117
-35
88
-52
32
-37
-19
11
-42
62
-42
89
-43
74
-69
30
-129
-12
-202
-25
-257
6
-264
60
-216
104
-136
112
-57
78
-11
21
-6
-35
-34
-67
-77
-67
-120
-42
-155
0
-177
51
-173
98
-141
126
-91
112
-43
46
-36
-63
-92
-178
-202
-240
-319
-218
-387
-113
-363
29
-251
144
-98
185
28
151
83
79
68
30
20
33
-13
81
-7
135
29
156
66
131
74
73
50
11
10
-28
-23
-45
-34
-46
-28
-42
-9
-35
22
-21
65
-4
119
4
168
-16
183
-60
139
-106
42
-115
-72
-60
-150
47
-156
163
-98
228
-23
209
13
119
-17
10
-98
-62
-176
-64
-209
-18
-173
37
-92
59
-7
43
52
6
83
-27
98
-40
110
-42
119
-56
107
-78
58
-98
-10
-88
-69
-47
-87
8
-59
35
-20
5
-14
-77
-75
-163
-187
-195
-300
-137
-352
-8
-308
139
-187
238
-45
253
59
203
95
125
76
67
38
49
16
54
13
48
11
14
-19
-36
-81
-74
-153
-66
-194
-11
-175
66
-90
118
27
113
125
43
161
-56
125
-136
45
-151
-28
-93
-49
18
-4
122
88
178
176
163
214
93
187
20
114
-13
41
11
13
69
41
119
104
122
153
67
153
-13
100
-73
24
-78
-25
-31
-21
31
28
62
85
37
100
-31
53
-95
-31
-110
-107
-58
-127
33
-76
115
20
141
110
102
151
20
128
-64
60
-106
-19
-88
-69
-27
-76
51
-40
115
20
144
80
132
119
86
125
28
100
-18
62
-33
38
-11
54
30
114
61
202
45
272
-27
288
-132
232
-226
122
-265
7
-230
-64
-147
-76
-59
-42
-13
-6
-26
-3
-83
-44
-148
-109
-190
-169
-198
-206
-187
-212
-171
-204
-157
-186
-140
-157
-107
-107
-64
-33
-27
46
-13
98
-24
100
-40
54
-21
-4
57
-26
178
18
292
114
345
211
303
250
180
202
35
82
-66
-47
-91
-127
-53
-129
1
-73
20
-3
-11
34
-66
31
-100
14
-81
27
-15
94
64
199
106
303
85
352
16
332
-62
257
-103
173
-90
124
-41
125
-2
154
-2
177
-51
164
-123
113
-179
49
-192
8
-158
8
-108
43
-72
86
-62
105
-69
91
-64
62
-21
52
59
90
145
172
194
262
176
310
89
283
-29
174
-123
18
-152
-129
-98
-220
13
-231
132
-180
212
-104
232
-44
199
-24
138
-45
90
-81
76
-105
95
-93
130
-42
153
29
139
98
82
132
-6
124
-102
72
-175
0
-204
-64
-192
-104
-159
-123
-124
-137
-96
-161
-67
-196
-18
-216
64
-192
167
-107
251
20
274
142
209
204
75
170
-73
57
-172
-77
-180
-168
-111
-176
-21
-115
30
-39
9
-6
-66
-35
-144
-107
-172
-170
-136
-180
-66
-127
-12
-52
-13
-1
-66
-10
-134
-71
-160
-142
-117
-172
-19
-138
97
-42
182
72
214
165
189
217
138
223
85
200
48
160
33
115
30
71
43
35
66
13
94
10
118
21
132
38
134
57
132
78
136
114
146
173
152
246
133
312
80
332
2
297
-65
216
-85
132
-37
88
53
109
140
173
175
232
135
235
40
169
-56
57
-110
-50
-102
-115
-57
-128
-13
-112
8
-96
4
-96
6
-100
35
-81
91
-19
147
69
168
145
136
170
70
129
8
40
-8
-50
24
-105
91
-115
146
-102
162
-97
137
-119
91
-164
59
-208
52
-226
66
-214
77
-182
71
-147
52
-122
28
-102
12
-76
1
-47
-13
-25
-36
-23
-64
-46
-75
-76
-55
-81
-8
-48
40
20
51
81
4
91
-78
30
-153
-73
-165
-164
-95
-184
25
-115
129
4
161
107
103
134
-4
76
-92
-23
-105
-89
-41
-80
47
-1
95
93
62
136
-36
98
-136
1
-173
-91
-125
-116
-16
-54
83
59
119
163
71
202
-28
167
-119
86
-161
6
-145
-37
-100
-40
-59
-22
-45
-6
-56
1
-78
0
-100
-2
-122
-8
-143
-27
-159
-62
-154
-96
-109
-99
-25
-47
65
52
119
160
101
221
17
194
-91
86
-161
-57
-146
-165
-57
-197
66
-153
163
-66
194
15
165
63
103
82
38
90
-15
95
-64
91
-119
57
-169
-14
-190
-98
-156
-156
-63
-154
57
-90
153
8
185
86
151
114
79
93
11
50
-28
18
-41
11
-49
23
-71
31
-105
28
-140
22
-153
25
-155
43
-153
57
-160
48
-169
11
-153
-32
-91
-43
9
0
105
83
151
156
120
165
39
96
-34
-15
-47
-100
9
-109
93
-45
139
44
101
83
1
45
-100
-42
-136
-112
-88
-107
6
-25
73
80
72
149
8
144
-63
91
-85
46
-44
54
21
110
55
166
28
170
-37
112
-81
29
-64
-13
18
19
107
105
144
188
103
208
16
153
-54
63
-57
3
6
11
85
72
122
136
90
155
14
115
-59
47
-91
-6
-86
-28
-73
-34
-78
-56
-107
-108
-122
-171
-91
-200
-14
-168
74
-81
124
18
109
79
45
87
-30
57
-74
27
-83
18
-79
21
-95
4
-124
-49
-141
-115
-108
-147
-22
-105
78
4
130
124
95
184
-17
142
-136
27
-188
-93
-140
-145
-26
-107
84
-15
127
67
93
97
23
79
-32
58
-47
69
-51
107
-86
124
-170
74
-269
-57
-313
-209
-244
-291
-63
-242
157
-68
313
148
334
301
226
321
70
213
-35
54
-30
-65
77
-93
210
-42
293
24
290
42
219
-8
140
-96
107
-162
132
-162
181
-91
198
17
142
103
13
125
-153
76
-298
-16
-383
-109
-397
-168
-354
-178
-288
-155
-228
-120
-190
-96
-163
-86
-136
-84
-102
-83
-63
-78
-29
-77
-5
-88
7
-112
20
-139
45
-155
82
-142
118
-107
134
-63
120
-35
82
-31
45
-40
32
-37
46
-6
68
47
71
95
39
104
-13
64
-53
-6
-50
-61
-1
-74
64
-45
100
-11
78
-16
13
-76
-51
-167
-70
-230
-32
-226
30
-151
59
-45
16
27
-90
33
-215
-23
-296
-96
-304
-136
-254
-134
-190
-107
-142
-92
-113
-106
-78
-134
-14
-141
82
-103
173
-31
219
34
206
59
153
37
103
1
88
-3
100
40
101
108
52
148
-54
120
-175
22
-247
-94
-234
-164
-141
-152
-23
-69
49
28
42
77
-34
49
-129
-44
-192
-157
-194
-243
-144
-280
-74
-266
-8
-214
31
-136
42
-43
20
47
-40
112
-132
122
-233
67
-303
-27
-298
-117
-204
-144
-47
-88
118
31
223
158
236
231
167
216
67
123
-5
0
-17
-98
30
-135
102
-106
152
-37
153
37
98
83
10
91
-80
69
-144
38
-164
15
-149
12
-110
26
-68
42
-37
43
-11
20
18
-19
64
-52
133
-61
212
-32
275
20
298
72
270
98
209
90
138
59
83
23
57
-4
50
-15
56
-21
66
-26
86
-27
121
-16
163
11
202
47
216
76
201
80
167
62
129
33
101
13
80
9
48
11
-1
-2
-62
-30
-108
-60
-115
-57
-86
-3
-46
93
-37
186
-81
227
-163
191
-233
103
-245
15
-182
-25
-81
-10
2
23
25
24
-6
-33
-43
-120
-39
-186
21
-175
100
-94
139
10
97
71
-8
54
-117
-23
-163
-99
-123
-117
-28
-67
61
10
93
57
66
40
24
-25
12
-91
43
-115
91
-96
109
-68
66
-73
-16
-121
-86
-175
-110
-184
-85
-114
-54
12
-76
132
-170
180
-305
139
-409
42
-419
-41
-327
-52
-178
14
-42
112
25
182
20
188
-20
136
-48
62
-41
8
-14
-18
6
-30
-1
-54
-25
-96
-41
-137
-25
-144
19
-107
70
-36
90
30
69
53
26
23
0
-37
21
-82
98
-83
198
-25
276
63
293
136
237
158
127
110
9
11
-72
-106
-91
-196
-45
-222
40
-182
126
-86
174
23
165
103
107
127
29
95
-34
25
-54
-47
-30
-99
19
-122
64
-133
84
-148
80
-180
68
-216
66
-237
80
-223
99
-173
104
-102
81
-30
30
25
-36
57
-99
70
-148
68
-178
54
-190
29
-180
-1
-149
-27
-95
-34
-26
-19
33
14
69
43
74
52
59
40
52
24
69
31
107
77
147
152
160
229
135
274
83
277
34
246
15
211
36
195
74
199
108
207
116
197
102
161
81
112
73
75
78
64
78
73
54
76
-5
51
-77
-6
-128
-74
-129
-115
-78
-104
1
-43
71
40
104
111
100
145
78
143
62
119
68
90
83
62
101
28
106
-16
105
-69
107
-119
119
-150
134
-154
136
-141
113
-133
66
-137
14
-152
-21
-154
-27
-122
-13
-47
-6
53
-35
142
-103
191
-196
182
-276
133
-311
78
-283
50
-209
67
-120
117
-54
169
-30
191
-39
165
-52
101
-42
32
7
-10
81
-8
145
28
163
57
117
46
23
-25
-74
-139
-130
-245
-121
-298
-62
-267
6
-173
29
-62
-13
12
-103
24
-194
-8
-236
-47
-210
-53
-139
-11
-67
50
-31
90
-40
77
-69
9
-83
-82
-59
-161
2
-207
72
-217
124
-210
146
-199
139
-194
117
-188
91
-177
66
-166
37
-161
12
-163
6
-163
24
-149
64
-110
111
-59
141
-18
141
-12
132
-40
139
-76
174
-86
231
-54
270
-2
255
24
177
-13
75
-113
8
-226
18
-279
98
-238
192
-117
225
16
161
81
25
45
-107
-64
-161
-170
-110
-203
11
-143
128
-25
178
78
146
121
69
92
1
30
-13
-20
24
-30
78
-11
112
7
116
-1
103
-40
99
-92
124
-129
177
-136
239
-112
288
-67
310
-13
297
42
252
83
173
98
69
71
-41
10
-129
-74
-170
-146
-155
-181
-102
-173
-38
-135
13
-97
40
-78
61
-80
92
-83
141
-77
195
-58
237
-38
251
-31
239
-44
212
-66
180
-89
142
-114
91
-150
28
-204
-27
-268
-45
-310
-13
-289
53
-194
109
-48
104
88
18
155
-122
125
-256
28
-325
-83
-310
-158
-239
-183
-156
-177
-97
-176
-62
-185
-28
-192
23
-164
91
-88
139
13
138
99
86
139
13
134
-40
115
-49
121
-30
154
-19
187
-47
175
-105
100
-149
-16
-138
-115
-59
-149
52
-114
134
-49
146
-4
91
-18
8
-76
-49
-143
-58
-180
-33
-177
-10
-162
-1
-155
-1
-162
16
-156
67
-107
134
-13
175
98
153
173
71
178
-33
122
-105
49
-114
7
-74
22
-23
76
-5
128
-28
149
-71
140
-101
120
-100
110
-76
112
-50
114
-31
95
-12
61
24
30
82
23
144
34
184
38
187
11
170
-47
171
-104
211
-115
284
-56
339
47
332
133
246
152
126
99
35
21
22
-13
75
28
136
115
138
174
63
148
-45
40
-105
-91
-69
-154
47
-110
158
11
182
118
86
124
-80
21
-214
-134
-238
-245
-146
-240
-6
-131
87
11
82
98
-3
91
-98
15
-127
-62
-70
-79
35
-33
122
40
149
85
117
72
66
16
40
-46
56
-75
99
-66
136
-33
147
-2
132
16
110
28
92
44
82
66
69
82
48
81
25
58
18
30
33
16
64
18
90
28
97
23
78
-11
50
-65
43
-118
64
-141
100
-127
130
-90
131
-55
97
-37
46
-37
-4
-46
-38
-52
-66
-61
-95
-81
-124
-121
-138
-170
-120
-204
-66
-198
4
-148
55
-82
61
-41
24
-47
-25
-95
-45
-141
-10
-145
62
-88
126
6
137
86
79
107
-16
54
-93
-37
-107
-112
-52
-126
41
-72
114
13
128
80
78
97
0
62
-65
5
-88
-37
-72
-45
-39
-23
-18
5
-17
28
-31
40
-47
49
-53
66
-58
84
-76
90
-114
65
-159
6
-189
-73
-183
-141
-136
-177
-62
-169
13
-127
63
-70
81
-17
66
26
34
54
-11
67
-65
57
-119
18
-159
-39
-169
-95
-134
-122
-62
-101
21
-36
76
39
79
88
35
83
-27
30
-65
-41
-57
-93
-8
-102
53
-76
93
-45
98
-35
78
-51
62
-76
71
-85
103
-57
136
-1
141
55
102
81
25
57
-57
-3
-116
-80
-127
-139
-95
-154
-35
-124
22
-54
56
31
52
106
9
148
-57
145
-116
110
-142
66
-119
42
-59
59
11
102
58
144
65
151
42
111
21
47
29
-5
76
-14
134
23
158
70
124
86
39
45
-54
-41
-107
-129
-94
-177
-30
-170
46
-126
102
-81
134
-55
157
-46
203
-24
269
28
331
100
346
151
299
137
208
51
123
-80
92
-197
121
-252
180
-238
216
-185
199
-137
130
-117
46
-113
-18
-98
-53
-54
-78
1
-117
34
-173
18
-216
-40
-206
-95
-122
-103
12
-45
135
47
197
116
177
112
117
36
74
-64
88
-126
153
-114
224
-37
240
52
177
99
59
85
-64
30
-145
-27
-163
-49
-143
-41
-117
-22
-102
-20
-98
-47
-81
-84
-33
-110
42
-103
124
-66
180
-18
195
20
167
34
114
25
52
5
-1
-13
-45
-21
-79
-18
-110
-7
-140
5
-170
2
-194
-16
-197
-49
-166
-73
-93
-68
11
-18
114
66
181
156
181
204
119
183
26
97
-49
-17
-79
-116
-64
-167
-27
-175
-9
-161
-20
-152
-49
-149
-69
-134
-66
-84
-49
-1
-47
86
-82
135
-144
119
-197
52
-192
-18
-105
-37
42
24
189
140
272
253
264
305
183
273
84
173
18
54
14
-30
57
-62
110
-48
140
-11
134
21
99
42
54
57
12
71
-21
86
-47
103
-71
117
-88
122
-105
123
-116
111
-126
81
-132
31
-129
-38
-104
-110
-47
-165
36
-185
136
-165
225
-107
286
-29
305
52
279
121
212
161
112
163
-7
112
-119
17
-198
-100
-211
-197
-158
-238
-57
-206
48
-120
105
-28
93
25
30
13
-41
-45
-72
-103
-45
-115
16
-71
69
6
66
64
6
63
-78
-1
-139
-91
-132
-157
-54
-156
59
-89
152
15
186
104
155
140
81
115
6
45
-42
-39
-52
-117
-34
-173
-5
-211
24
-235
41
-252
52
-258
54
-257
52
-249
47
-232
41
-207
40
-164
46
-103
47
-24
33
52
-8
105
-69
117
-134
87
-175
35
-177
-10
-134
-28
-70
-16
-11
10
23
25
24
13
12
-23
8
-71
28
-103
69
-107
117
-83
153
-41
170
9
156
52
118
78
63
82
-2
56
-64
6
-102
-59
-103
-109
-60
-121
11
-83
82
-11
119
64
112
107
71
110
28
80
11
52
33
49
71
74
97
103
89
110
49
80
5
21
-21
-40
-18
-81
-1
-98
8
-111
-6
-139
-30
-182
-42
-220
-20
-223
28
-176
71
-97
82
-20
48
19
-11
16
-52
-4
-50
-3
-9
35
35
95
46
137
12
125
-45
58
-79
-31
-62
-96
-1
-113
71
-91
106
-67
91
-76
46
-122
12
-174
15
-193
47
-162
73
-98
57
-45
-11
-39
-100
-79
-169
-137
-188
-172
-157
-163
-110
-119
-80
-72
-80
-45
-95
-46
-102
-58
-87
-63
-47
-56
-4
-47
36
-47
78
-50
136
-39
211
8
285
89
324
170
300
211
221
189
123
114
54
28
39
-23
59
-21
71
6
39
11
-40
-35
-123
-124
-156
-206
-110
-220
-3
-141
106
6
153
159
112
255
6
267
-108
216
-181
150
-196
105
-173
86
-149
73
-146
40
-158
-19
-155
-81
-116
-110
-42
-85
34
-11
72
75
52
129
-15
134
-96
90
-149
34
-153
-4
-116
-8
-61
21
-17
62
2
95
0
111
-15
112
-29
103
-40
84
-47
59
-49
25
-40
-7
-8
-23
43
-6
105
43
151
112
158
172
122
192
53
158
-14
87
-48
8
-36
-47
11
-59
64
-41
93
-16
83
-6
46
-21
1
-52
-30
-78
-48
-92
-62
-96
-81
-108
-107
-128
-125
-153
-119
-157
-88
-125
-49
-61
-36
9
-70
42
-140
18
-214
-52
-242
-124
-204
-149
-111
-98
-14
9
33
129
8
204
-76
214
-170
174
-227
128
-231
111
-202
131
-176
163
-185
170
-231
127
-279
37
-290
-56
-243
-113
-151
-112
-52
-62
7
-3
6
18
-44
-20
-105
-106
-129
-199
-90
-252
2
-232
110
-145
180
-33
175
51
98
65
-13
10
-103
-82
-127
-151
-87
-162
-18
-111
26
-38
11
1
-61
-26
-144
-110
-182
-198
-143
-236
-42
-194
64
-93
119
12
100
67
29
51
-44
-9
-66
-59
-28
-62
39
-8
91
72
91
140
41
170
-33
168
-98
154
-138
149
-161
157
-182
164
-207
156
-230
136
-229
117
-201
117
-151
142
-105
170
-81
176
-79
145
-81
84
-63
17
-13
-30
57
-45
119
-37
151
-27
146
-28
113
-42
71
-61
27
-73
-18
-76
-64
-75
-117
-75
-168
-79
-208
-81
-231
-81
-240
-73
-235
-69
-217
-71
-182
-73
-120
-61
-33
-21
62
41
137
115
177
170
177
190
150
172
121
130
105
88
106
57
110
38
105
21
84
-4
55
-37
31
-69
21
-93
22
-104
37
-98
54
-80
74
-47
93
-2
101
46
92
85
64
98
21
78
-13
39
-21
2
4
-11
50
11
88
52
101
86
81
91
46
67
25
36
40
28
87
59
141
126
172
199
160
248
112
249
49
204
3
129
-7
55
29
5
95
-6
168
20
218
69
228
110
186
117
107
76
21
-4
-35
-91
-36
-141
15
-125
83
-45
129
64
116
156
46
194
-49
175
-128
121
-159
70
-137
42
-85
45
-27
64
16
81
42
93
56
101
59
101
49
91
28
61
-3
10
-23
-47
-16
-88
21
-90
66
-54
94
-4
85
31
42
29
-11
-3
-40
-41
-35
-64
-4
-60
33
-41
60
-22
74
-10
83
1
97
21
110
52
112
84
88
95
45
77
-4
35
-34
-8
-40
-42
-35
-71
-33
-106
-37
-161
-33
-221
6
-260
81
-242
171
-166
233
-62
231
18
166
42
71
11
-3
-37
-27
-63
-14
-51
6
-19
-1
-3
-36
-23
-72
-64
-75
-90
-41
-74
1
-30
8
0
-35
-21
-98
-101
-127
-192
-77
-225
42
-158
170
-9
235
151
198
247
83
246
-42
173
-107
95
-93
59
-33
71
19
93
25
79
0
22
-20
-53
-2
-101
43
-103
76
-79
52
-84
-30
-155
-127
-278
-175
-396
-137
-444
-31
-382
83
-243
131
-91
86
-3
-25
-4
-132
-70
-169
-138
-112
-153
7
-89
132
28
211
151
217
233
167
251
96
223
45
170
33
134
56
130
91
159
108
202
88
224
36
210
-29
156
-77
83
-85
18
-57
-23
-11
-43
32
-63
62
-94
95
-124
147
-130
223
-80
298
21
324
132
269
200
146
179
4
82
-87
-28
-85
-82
-9
-49
72
45
95
125
35
133
-70
54
-146
-58
-141
-129
-61
-117
35
-43
73
35
30
52
-62
2
-134
-70
-141
-98
-83
-51
-19
50
-7
141
-67
166
-163
119
-229
42
-228
-10
-167
-8
-93
23
-56
35
-69
-1
-95
-76
-88
-141
-28
-148
57
-85
116
13
105
90
21
109
-93
69
-185
6
-222
-45
-205
-61
-158
-53
-105
-30
-52
1
2
46
53
105
83
163
71
185
13
147
-63
49
-113
-77
-105
-176
-35
-216
65
-192
148
-135
194
-76
202
-31
200
7
204
54
214
110
212
153
185
161
150
124
132
72
154
45
212
62
267
112
279
158
226
161
137
117
53
58
10
25
4
45
2
97
-33
139
-107
139
-186
103
-231
66
-216
61
-165
95
-124
135
-123
131
-156
66
-175
-35
-141
-111
-46
-117
67
-55
137
29
121
69
37
40
-62
-35
-112
-100
-90
-105
-27
-44
24
45
30
110
-4
127
-37
116
-29
115
20
148
81
206
107
248
83
236
30
164
-9
69
-5
-4
40
-31
85
-24
91
-27
48
-71
-13
-153
-46
-230
-21
-257
48
-209
116
-108
130
-11
74
37
-30
12
-121
-53
-155
-106
-117
-102
-41
-33
25
76
36
171
-18
212
-109
187
-193
118
-229
46
-201
8
-135
18
-66
58
-28
88
-37
79
-75
18
-103
-73
-92
-147
-32
-174
49
-143
107
-83
105
-41
41
-54
-51
-119
-120
-202
-131
-249
-78
-228
-5
-142
37
-36
21
34
-50
38
-132
-18
-174
-92
-146
-141
-57
-134
58
-71
154
21
202
109
193
169
138
185
57
153
-28
78
-93
-23
-115
-122
-86
-187
-4
-187
98
-122
182
-11
212
97
175
161
88
165
-6
115
-69
47
-81
-5
-47
-26
6
-18
54
4
86
25
103
42
111
55
111
65
105
67
87
54
62
24
43
-18
37
-52
50
-71
73
-64
90
-46
88
-25
64
-12
26
-11
-16
-21
-54
-33
-84
-45
-105
-57
-116
-66
-115
-69
-99
-56
-69
-23
-37
32
-13
98
-17
159
-52
192
-118
183
-201
117
-269
13
-296
-103
-260
-190
-163
-206
-32
-146
82
-33
138
83
112
148
23
136
-77
62
-136
-30
-124
-85
-54
-82
25
-33
72
18
60
29
14
-11
-23
-71
-18
-106
30
-86
86
-19
108
62
65
109
-29
98
-140
35
-225
-46
-260
-115
-248
-154
-216
-173
-185
-187
-157
-206
-124
-223
-74
