92
-6
172
-12
226
-66
222
-132
170
-168
100
-152
51
-94
42
-24
67
19
102
24
122
-8
112
-64
77
-127
18
-189
-63
-240
-164
-262
-274
-238
-363
-156
-394
-29
-346
100
-223
192
-76
209
43
154
90
74
70
8
16
-2
-26
37
-29
95
1
138
42
148
69
139
81
130
96
132
134
131
190
105
232
43
228
-44
165
-108
70
-109
-6
-33
-18
82
44
180
146
206
228
158
247
64
201
-23
122
-69
56
-74
22
-74
6
-95
-28
-134
-93
-156
-170
-127
-212
-34
-177
86
-69
173
65
178
154
105
146
6
49
-47
-78
-13
-170
98
-180
224
-122
298
-49
289
-12
212
-30
117
-83
47
-124
13
-124
-6
-86
-40
-40
-106
-9
-185
-7
-250
-12
-276
-6
-267
24
-246
59
-230
83
-218
87
-196
85
-152
103
-98
150
-59
206
-72
237
-144
201
-246
97
-325
-39
-340
-154
-287
-211
-194
-206
-107
-167
-52
-126
-25
-96
-5
-66
26
-18
54
46
56
95
14
91
-57
28
-110
-69
-105
-137
-35
-126
57
-34
100
78
42
136
-109
85
-284
-69
-393
-250
-382
-374
-255
-386
-83
-289
53
-146
107
-23
76
40
6
46
-57
22
-92
-5
-104
-26
-107
-45
-112
-74
-114
-105
-105
-129
-83
-137
-57
-134
-36
-132
-25
-141
-13
-151
16
-148
58
-118
96
-69
107
-28
78
-22
23
-59
-28
-116
-42
-156
-23
-155
4
-118
8
-77
-28
-64
-86
-80
-131
-107
-136
-107
-103
-64
-66
3
-54
59
-79
71
-119
37
-137
-13
-108
-42
-38
-30
33
11
72
48
66
57
33
33
0
1
-12
-13
-11
-9
-19
0
-45
-7
-82
-37
-102
-72
-87
-83
-40
-59
18
-12
55
33
64
49
63
43
77
43
112
74
150
136
150
192
85
194
-31
118
-148
-14
-215
-145
-203
-223
-137
-230
-69
-192
-42
-158
-64
-162
-100
-195
-110
-221
-75
-204
-16
-142
23
-68
13
-24
-39
-33
-91
-76
-104
-106
-66
-88
-6
-25
26
47
1
78
-69
39
-137
-52
-150
-140
-91
-175
19
-144
127
-67
188
10
184
48
133
36
75
-9
41
-57
38
-85
55
-83
72
-59
73
-27
52
2
13
16
-33
11
-74
-8
-96
-32
-92
-47
-61
-40
-16
-13
25
23
43
47
40
42
27
13
24
-21
46
-35
84
-18
118
18
125
53
100
71
57
66
19
56
4
61
8
89
11
127
-4
151
-40
145
-77
110
-97
67
-84
39
-49
33
-17
33
-3
20
-8
-17
-7
-62
19
-84
80
-52
151
35
194
148
171
240
81
267
-40
222
-149
130
-199
35
-179
-23
-107
-27
-23
13
35
62
49
91
21
82
-24
35
-62
-32
-70
-91
-45
-124
4
-119
53
-78
83
-24
78
22
38
42
-16
31
-64
3
-85
-23
-76
-25
-49
-1
-25
34
-19
66
-36
82
-61
80
-82
74
-90
73
-89
80
-88
89
-98
86
-113
62
-123
23
-111
-14
-69
-29
-6
-16
59
26
103
77
115
115
91
127
45
108
-2
69
-33
31
-37
11
-22
14
-1
44
13
83
10
115
-8
125
-29
114
-33
95
-13
78
29
75
74
79
105
74
110
37
95
-36
83
-129
92
-216
134
-267
198
-262
255
-213
279
-139
252
-66
185
-16
93
5
1
3
-72
-15
-116
-39
-127
-66
-107
-86
-62
-93
-6
-90
49
-85
81
-96
88
-136
80
-197
79
-261
100
-293
138
-272
166
-198
154
-110
79
-47
-46
-35
-176
-69
-264
-110
-282
-119
-235
-73
-162
12
-104
94
-83
138
-86
132
-79
95
-44
59
20
48
86
56
126
61
128
47
106
17
88
-5
89
10
103
72
100
154
54
216
-27
233
-113
198
-161
151
-136
134
-53
173
44
249
103
317
100
329
49
265
-8
147
-22
27
25
-45
111
-40
191
25
214
109
158
165
33
159
-119
92
-248
-11
-314
-108
-308
-168
-238
-168
-141
-119
-52
-50
6
11
30
39
40
40
59
36
97
46
142
78
167
113
151
116
95
67
36
-21
17
-106
64
-129
158
-66
243
52
260
161
183
193
49
122
-74
-10
-114
-130
-51
-173
65
-126
165
-38
190
21
141
11
77
-49
58
-96
111
-71
199
36
252
171
215
258
88
240
-65
132
-166
-8
-163
-95
-78
-92
25
-21
71
56
36
74
-61
16
-157
-92
-200
-200
-169
-260
-88
-253
6
-194
78
-104
115
-7
104
71
56
111
-19
97
-95
34
-142
-54
-129
-123
-57
-129
45
-69
118
21
115
79
37
62
-75
-29
-148
-134
-143
-185
-73
-149
3
-52
18
38
-49
55
-157
-14
-235
-122
-223
-199
-120
-196
21
-122
132
-27
177
35
170
49
156
42
164
55
187
98
186
146
129
148
21
80
-90
-40
-143
-155
-119
-214
-40
-202
41
-148
84
-101
93
-74
100
-57
132
-7
182
84
213
187
173
239
66
192
-58
60
-120
-88
-76
-165
53
-123
189
6
247
145
190
215
57
190
-76
115
-142
52
-130
45
-78
92
-44
147
-46
174
-71
163
-78
146
-46
153
4
184
39
209
32
188
1
117
-11
33
32
-8
112
20
174
86
161
117
61
59
-74
-87
-153
-249
-120
-329
11
-272
156
-105
211
72
130
160
-56
107
-245
-47
-338
-209
-298
-291
-165
-265
-21
-166
56
-69
50
-24
-6
-42
-59
-87
-74
-122
-47
-124
-8
-98
25
-56
41
-8
47
48
49
119
40
197
3
259
-64
277
-148
244
-220
170
-248
91
-223
28
-159
-5
-81
-20
-9
-32
48
-43
102
-49
156
-35
201
-5
221
28
203
38
149
13
88
-37
47
-89
41
-112
62
-93
81
-46
71
-1
25
14
-45
-9
-107
-54
-139
-96
-136
-115
-112
-110
-88
-94
-83
-86
-93
-95
-105
-119
-100
-139
-71
-141
-25
-117
21
-73
50
-27
54
4
39
10
16
-8
4
-39
12
-67
38
-84
75
-84
115
-76
145
-57
169
-31
185
6
187
48
168
82
124
95
63
74
2
25
-34
-33
-30
-69
9
-71
56
-45
84
-16
76
-16
47
-55
23
-112
36
-147
91
-132
158
-61
197
34
176
108
94
126
-16
87
-105
19
-141
-35
-117
-46
-62
-16
-7
40
21
93
21
124
1
129
-25
110
-48
71
-61
21
-61
-34
-44
-79
-9
-100
33
-91
64
-67
69
-49
47
-59
18
-87
14
-115
48
-110
117
-56
184
25
218
100
204
137
158
122
113
76
98
32
110
9
128
6
124
-5
87
-40
37
-97
-1
-151
-7
-173
11
-149
25
-101
13
-57
-26
-42
-70
-48
-88
-54
-69
-38
-27
5
8
49
15
66
-1
48
-20
10
-16
-21
4
-30
19
-21
2
-30
-54
-79
-120
-162
-158
-242
-142
-276
-78
-241
-8
-154
24
-59
-1
-4
-59
2
-112
-21
-127
-39
-103
-34
-64
-11
-39
4
-32
3
-32
-12
-16
-9
12
24
31
77
11
114
-59
91
-150
9
-210
-98
-192
-163
-96
-144
28
-45
109
76
101
143
12
115
-93
11
-144
-107
-102
-163
8
-126
118
-21
163
86
113
132
4
95
-101
13
-144
-57
-113
-71
-44
-29
13
30
20
57
-16
22
-54
-56
-49
-132
15
-161
112
-130
196
-60
221
0
176
15
87
-26
3
-91
-40
-136
-33
-134
-5
-81
6
-13
-24
31
-86
27
-146
-17
-168
-69
-128
-93
-47
-74
44
-24
107
29
130
59
115
59
87
39
60
18
39
6
14
-4
-23
-16
-66
-37
-100
-53
-113
-47
-107
-9
-101
40
-117
70
-161
47
-210
-33
-224
-140
-166
-223
-35
-235
134
-168
279
-49
344
62
319
119
223
107
107
42
21
-35
-17
-91
-14
-109
4
-95
22
-66
33
-26
42
13
52
59
62
103
64
139
54
156
41
151
26
132
18
113
15
93
6
70
-11
39
-39
-7
-61
-54
-62
-83
-40
-78
-4
-37
22
20
25
71
6
103
-17
116
-27
129
-16
152
1
187
5
212
-19
202
-66
146
-106
54
-114
-35
-73
-93
3
-99
83
-67
139
-20
156
14
146
30
131
37
126
49
126
67
123
77
103
66
74
19
52
-49
60
-108
110
-132
181
-110
242
-60
260
-14
231
2
176
-19
129
-54
115
-66
135
-41
165
20
174
86
143
120
80
108
13
49
-23
-28
-14
-91
41
-124
119
-120
194
-91
247
-50
270
-13
262
13
228
20
180
5
132
-25
98
-49
88
-57
96
-33
103
14
86
56
34
61
-40
13
-102
-67
-115
-140
-60
-160
36
-113
129
-24
168
59
142
86
74
50
21
-16
21
-64
79
-50
157
19
200
101
173
143
88
112
-11
28
-74
-71
-78
-135
-38
-150
8
-129
27
-108
8
-107
-26
-126
-49
-148
-45
-148
-23
-125
4
-92
18
-64
28
-44
46
-18
76
23
110
78
119
123
91
130
30
76
-30
-16
-56
-114
-28
-170
34
-169
92
-130
103
-93
62
-88
-7
-124
-66
-165
-79
-178
-54
-143
-20
-67
-14
6
-52
45
-119
33
-178
-16
-200
-64
-173
-86
-119
-80
-69
-60
-41
-50
-35
-62
-35
-85
-21
-97
13
-80
49
-38
62
6
42
24
-5
2
-52
-54
-67
-111
-33
-134
41
-105
116
-40
155
28
137
58
74
28
2
-47
-35
-129
-21
-172
34
-158
89
-103
107
-47
73
-25
7
-50
-45
-93
-52
-112
-10
-82
50
-6
85
76
69
119
16
105
-35
52
-38
7
15
13
95
72
155
149
151
197
91
180
12
109
-35
32
-24
-6
25
11
64
56
54
77
-11
37
-96
-59
-143
-168
-119
-231
-30
-216
74
-132
136
-25
125
51
54
66
-41
28
-110
-31
-127
-74
-97
-86
-47
-69
3
-40
40
-11
64
13
84
38
96
65
93
75
70
60
32
10
-3
-64
-8
-132
28
-162
97
-132
168
-47
203
59
174
142
86
167
-33
124
-133
40
-173
-47
-139
-95
-47
-86
66
-27
160
50
210
112
215
135
195
122
178
91
177
57
190
35
205
23
209
11
199
-4
179
-19
160
-32
141
-33
119
-28
87
-25
44
-33
-1
-53
-36
-72
-54
-80
-57
-71
-59
-47
-69
-18
-95
1
-127
8
-160
11
-182
15
-193
20
-194
27
-189
32
-175
36
-146
45
-100
66
-48
98
-2
131
27
149
40
145
44
122
52
95
65
71
78
54
78
38
66
19
45
-1
24
-8
9
7
-9
38
-42
67
-97
72
-158
47
-196
12
-187
-3
-132
28
-65
91
-24
146
-33
148
-77
81
-110
-24
-84
-112
6
-127
121
-66
194
30
182
92
79
77
-59
-8
-168
-115
-205
-184
-177
-189
-129
-144
-103
-93
-113
-67
-139
-68
-145
-66
-121
-38
-83
8
-67
44
-95
27
-147
-55
-181
-168
-148
-254
-46
-266
91
-197
199
-83
235
14
192
57
112
45
46
11
23
-6
40
10
69
48
83
86
78
105
66
111
66
123
81
153
100
202
99
247
63
268
5
255
-57
215
-98
171
-112
142
-110
124
-100
113
-94
99
-85
82
-65
75
-30
89
12
122
36
159
30
172
-11
141
-62
66
-91
-26
-74
-96
-10
-113
75
-67
136
13
135
81
62
91
-59
27
-171
-88
-226
-202
-197
-260
-101
-235
7
-146
73
-45
69
13
13
-1
-44
-66
-51
-135
14
-156
129
-111
238
-21
293
63
274
96
201
62
119
-18
70
-104
66
-163
95
-179
131
-156
151
-108
145
-48
115
14
57
66
-17
93
-98
86
-166
54
-193
23
-166
18
-93
56
-11
124
46
184
60
199
47
160
43
94
82
52
158
67
232
131
247
194
174
196
33
109
-118
-43
-206
-197
-193
-284
-100
-269
21
-170
108
-35
133
78
104
143
61
164
39
168
56
176
96
196
136
215
153
211
141
173
112
94
83
-4
71
-102
86
-168
119
-185
149
-151
147
-91
89
-45
-20
-45
-149
-95
-248
-163
-274
-194
-221
-148
-133
-28
-70
116
-78
213
-158
216
-254
138
-300
35
-256
-20
-146
3
-37
75
7
131
-33
115
-115
25
-166
-82
-140
-136
-43
-95
64
20
112
145
66
209
-46
185
-161
98
-220
2
-204
-59
-141
-76
-74
-71
-27
-73
-4
-83
18
-91
47
-78
76
-44
81
-9
53
-1
0
-25
-42
-61
-52
-75
-28
-52
-2
-5
-5
30
-46
17
-104
-44
-134
-124
-110
-178
-31
-178
69
-124
148
-42
183
43
173
112
133
168
73
208
-3
226
-97
197
-192
122
-261
15
-266
-80
-197
-115
-78
-81
39
0
103
71
98
91
51
48
13
-20
16
-66
59
-61
104
-18
107
25
50
30
-42
-13
-122
-71
-153
-106
-137
-90
-105
-34
-92
27
-116
50
-160
33
-187
-10
-173
-44
-115
-47
-47
-32
-1
-28
15
-56
11
-115
25
-180
70
-206
143
-175
205
-98
218
-14
159
32
49
18
-70
-47
-150
-124
-163
-175
-117
-173
-42
-128
30
-58
74
3
93
44
94
63
94
69
97
69
95
59
82
30
57
-21
33
-83
26
-137
40
-163
63
-158
76
-136
58
-124
14
-138
-31
-172
-49
-194
-26
-178
23
-113
61
-23
55
51
-3
69
-85
34
-144
-25
-151
-60
-107
-45
-54
6
-35
50
-69
41
-127
-26
-163
-117
-132
-175
-34
-158
83
-78
163
21
166
79
103
67
21
4
-29
-67
-28
-102
-1
-98
13
-77
-9
-77
-57
-106
-96
-137
-93
-131
-52
-64
-11
48
-14
151
-82
194
-190
153
-281
57
-305
-37
-244
-83
-131
-70
-17
-21
51
21
65
30
45
6
21
-28
7
-46
-5
-48
-33
-48
-88
-67
-161
-110
-217
-158
-234
-178
-207
-152
-158
-78
-117
16
-110
95
-139
134
-185
128
-215
95
-218
55
-190
23
-148
1
-111
-18
-86
-40
-66
-59
-50
-58
-37
-32
-42
16
-86
49
-175
38
-292
-35
-392
-160
-419
-279
-343
-327
-180
-269
14
-104
158
101
197
262
124
321
-4
270
-112
160
-146
64
-100
34
-21
64
27
112
6
120
-67
67
-141
-25
-157
-100
-104
-110
-6
-47
77
57
106
143
76
177
18
158
-28
109
-35
66
-11
39
23
17
47
-10
64
-44
87
-65
125
-54
168
-3
188
71
165
138
95
174
3
175
-83
161
-140
153
-178
156
-214
148
-257
108
-302
30
-318
-69
-284
-145
-197
-177
-88
-159
6
-122
57
-92
65
-92
57
-107
57
-118
73
-105
91
-71
90
-39
60
-31
18
-52
-8
-78
6
-80
57
-33
118
60
150
163
126
237
44
247
-70
185
-170
71
-221
-59
-203
-161
-124
-203
-12
-180
93
-109
152
-27
148
23
91
19
16
-37
-33
-108
-30
-153
21
-147
87
-95
129
-30
124
17
81
29
30
23
-9
17
-30
28
-54
37
-98
20
-159
-40
-206
-127
-198
-192
-123
-190
-11
-112
81
10
99
103
35
117
-66
47
-141
-59
-133
-134
-50
-132
59
-63
130
23
127
70
70
54
4
-1
-24
-52
0
-62
51
-30
86
18
83
42
47
30
12
-4
1
-30
25
-29
66
4
92
48
87
78
52
76
5
45
-32
-4
-43
-50
-28
-82
10
-90
59
-71
103
-31
128
16
119
47
77
43
18
-6
-35
-85
-57
-164
-30
-217
30
-225
102
-194
155
-142
175
-93
160
-59
127
-44
88
-43
57
-49
35
-54
28
-52
33
-41
44
-13
48
19
39
44
12
45
-28
25
-58
-11
-69
-38
-59
-45
-42
-36
-42
-30
-66
-47
-99
-87
-118
-129
-105
-146
-64
-124
-23
-74
-7
-33
-27
-21
-55
-33
-62
-36
-33
1
8
81
18
165
-39
192
-154
127
-271
-7
-322
-148
-271
-223
-144
-199
-8
-109
69
-16
69
27
28
19
5
3
28
26
81
104
103
187
56
215
-54
145
-166
3
-206
-136
-143
-202
-12
-167
115
-71
168
13
139
39
76
11
36
-16
48
1
84
70
92
145
35
165
-76
100
-180
-17
-213
-118
-161
-146
-64
-87
9
6
-1
64
-92
40
-207
-53
-278
-162
-266
-218
-180
-192
-78
-99
-17
11
-21
88
-76
105
-141
72
-175
22
-159
-12
-100
-18
-30
0
28
18
54
15
57
-21
52
-81
65
-139
106
-161
165
-134
209
-69
198
-11
116
-7
-13
-76
-134
-198
-187
-308
-145
-339
-30
-267
89
-118
139
35
98
119
-11
113
-117
48
-161
-19
-132
-39
-62
-7
-8
39
-4
52
-39
18
-73
-40
-69
-81
-22
-76
38
-29
76
29
74
68
40
78
6
76
-8
81
-8
98
-6
109
-17
103
-35
74
-32
45
-1
45
48
77
78
116
64
117
9
58
-46
-44
-53
-138
6
-170
106
-129
189
-49
204
11
145
1
54
-67
-8
-154
-7
-204
47
-190
105
-136
126
-81
93
-62
30
-82
-23
-118
-42
-141
-33
-139
-13
-118
1
-93
11
-57
23
-8
35
61
31
133
-5
175
-73
162
-143
105
-165
48
-120
46
-25
116
62
227
82
310
20
306
-75
214
-129
94
-93
21
23
38
150
127
211
212
173
225
69
148
-25
28
-53
-62
-12
-81
47
-36
61
8
4
6
-90
-53
-162
-122
-166
-144
-114
-90
-56
15
-49
109
-111
137
-206
93
-274
16
-275
-44
-206
-57
-112
-26
-36
11
3
30
16
24
22
9
37
2
53
5
50
-4
26
-34
-4
-82
-14
-121
4
-127
42
-93
67
-41
57
-6
9
-12
-47
-53
-77
-103
-64
-127
-16
-113
37
-73
66
-33
65
-9
45
-4
22
-9
7
-13
-5
-21
-18
-39
-28
-66
-21
-87
13
-81
68
-38
118
29
132
86
100
100
37
57
-22
-23
-42
-101
-18
-151
35
-164
82
-154
103
-147
98
-146
86
-142
82
-118
79
-69
66
-8
25
42
-37
65
-100
69
-136
75
-141
102
-127
147
-121
187
-140
192
-176
148
-202
74
-187
4
-131
-32
-52
-30
7
-11
23
-8
-4
-36
-53
-95
-88
-153
-93
-185
-74
-177
-46
-135
-33
-74
-41
-15
-66
34
-93
72
-112
105
-119
137
-117
167
-110
191
-107
201
-112
187
-130
138
-150
47
-156
-69
-125
-186
-45
-260
76
-263
209
-194
305
-81
332
30
281
102
182
121
76
110
-2
93
-38
97
-49
118
-54
141
-63
156
-63
161
-45
181
-4
228
33
291
37
346
-10
350
-96
285
-183
168
-221
51
-196
-25
-118
-37
-35
2
16
49
21
75
0
74
-13
65
3
78
40
121
69
172
62
187
16
146
-36
49
-51
-60
-7
-136
88
-148
187
-107
241
-56
228
-36
158
-66
74
-129
18
-186
6
-202
23
-170
30
-112
2
-67
-59
-62
-129
-93
-170
-132
-164
-148
-122
-132
-74
-96
-51
-75
-64
-92
-92
-146
-103
-211
-73
-247
-11
-232
54
-173
85
-100
64
-51
1
-39
-64
-49
-100
-46
-96
-7
-79
64
-82
128
-126
148
-198
101
-255
11
-253
-71
-178
-97
-60
-47
44
48
77
128
23
138
-85
64
-185
-62
-217
-176
-159
-219
-37
-165
90
-40
169
109
173
223
112
272
27
255
-35
202
-45
151
0
129
75
147
141
188
168
221
139
215
66
151
-18
39
-80
-89
-88
-189
-47
-233
23
-213
83
-150
108
-76
90
-23
49
6
10
24
-11
41
-12
63
-11
76
-14
67
-18
34
-4
-3
40
-16
107
13
169
74
183
132
138
146
47
103
-42
23
-90
-49
-77
-74
-31
-40
10
19
12
66
-25
68
-69
36
-86
-1
-57
-8
5
23
59
74
77
109
57
110
18
81
-11
42
-17
19
-6
15
4
21
5
25
0
28
5
47
28
96
51
169
50
239
2
262
-81
215
-163
111
-194
-7
-149
-86
-42
-92
80
-33
164
53
174
115
116
125
17
81
-81
0
-146
-88
-166
-160
-146
-198
-97
-194
-33
-148
25
-71
56
13
50
74
11
93
-40
73
-70
38
-64
18
-28
28
8
54
16
66
-13
40
-54
-21
-72
-83
-49
-109
6
-81
52
-21
49
21
-8
7
-88
-64
-137
-152
-118
-202
-37
-177
57
-98
105
-12
78
20
-5
-28
-87
-132
-114
-237
-65
-290
39
-272
152
-197
228
-102
248
-19
221
33
166
50
103
40
51
8
18
-29
15
-54
37
-49
69
-8
81
43
49
64
-30
23
-126
-79
-183
-202
-160
-274
-56
-251
82
-131
177
35
178
170
86
220
-49
186
-154
112
-191
55
-163
35
-110
40
-69
33
-51
-3
-28
-56
28
-86
118
-66
211
-3
260
63
243
84
175
53
106
-6
76
-39
83
-21
86
29
41
55
-69
2
-200
-134
-278
-300
-244
-405
-95
-395
103
-260
260
-71
310
88
247
161
130
139
22
71
-28
7
-25
-21
-4
-25
0
-33
-30
-68
-76
-136
-107
-213
-103
-272
-66
-299
-9
-290
47
-253
91
-199
118
-138
122
-78
109
-37
77
-23
46
-34
33
-53
54
-53
102
-18
155
45
175
100
146
110
75
58
2
-42
-30
-152
-4
-223
71
-237
149
-203
194
-153
187
-119
141
-113
85
-125
40
-134
13
-131
1
-117
-9
-99
-9
-77
5
-41
38
21
78
101
102
182
93
228
52
213
6
141
-4
47
45
-25
146
-44
269
-8
358
49
389
90
356
88
286
40
218
-26
175
-86
161
-117
161
-122
158
-110
144
-94
124
-78
109
-52
103
-8
99
51
85
115
42
158
-29
161
-114
117
-192
37
-236
-49
-231
-114
-190
-138
-135
-129
-98
-107
-91
-97
-112
-117
-135
-157
-134
-192
-93
-197
-25
-162
45
-96
88
-29
99
16
88
35
78
47
88
76
106
128
113
193
79
234
4
224
-90
163
-161
82
-172
28
-126
30
-57
