177
42
238
3
266
-88
233
-194
154
-264
57
-273
-15
-226
-41
-156
-25
-96
8
-64
33
-56
37
-65
20
-81
-18
-96
-75
-112
-155
-111
-243
-79
-313
-4
-331
100
-278
190
-156
233
-11
199
98
94
133
-31
98
-131
31
-162
-24
-125
-39
-51
-17
22
16
75
39
114
49
157
64
206
104
245
163
245
207
192
207
99
145
11
52
-24
-23
6
-32
73
34
122
141
110
228
32
255
-76
217
-161
147
-189
90
-163
62
-120
50
-94
18
-86
-47
-65
-131
-4
-181
108
-160
233
-66
305
53
284
126
173
105
28
-4
-74
-139
-86
-232
-15
-240
86
-175
146
-89
141
-37
81
-37
16
-71
-15
-95
-3
-81
23
-33
31
21
0
52
-57
51
-108
36
-139
31
-144
44
-150
64
-166
72
-192
62
-208
48
-198
58
-170
100
-151
158
-173
192
-245
165
-338
70
-402
-54
-397
-158
-322
-202
-206
-185
-100
-137
-28
-91
11
-59
38
-30
72
14
99
71
98
112
51
99
-25
24
-83
-82
-83
-157
-16
-153
74
-66
114
47
52
106
-101
59
-283
-87
-399
-260
-397
-372
-279
-372
-117
-266
11
-115
59
13
25
79
-43
83
-103
53
-128
18
-125
-13
-113
-47
-100
-91
-85
-134
-63
-169
-30
-184
2
-185
23
-181
28
-184
30
-183
44
-165
71
-120
93
-54
87
2
45
22
-18
-5
-71
-57
-86
-98
-60
-105
-23
-78
-7
-53
-30
-54
-77
-89
-112
-132
-111
-146
-75
-115
-38
-52
-33
5
-66
23
-118
-3
-145
-40
-126
-55
-64
-29
6
25
46
73
43
87
17
66
-6
34
-7
14
4
13
5
16
-13
0
-48
-35
-70
-73
-59
-87
-17
-63
31
-12
59
35
57
56
48
52
57
53
91
83
129
139
129
187
69
178
-41
93
-155
-49
-217
-186
-204
-268
-137
-275
-73
-231
-50
-185
-76
-173
-118
-188
-132
-193
-98
-159
-37
-81
9
5
10
52
-29
40
-62
-13
-59
-61
-6
-69
64
-30
103
16
77
21
0
-39
-86
-140
-122
-231
-90
-262
-12
-214
66
-116
98
-12
71
55
7
72
-54
50
-81
19
-66
2
-21
3
33
19
76
33
98
37
100
25
88
-6
74
-49
63
-91
69
-117
87
-112
106
-78
111
-30
88
14
37
34
-22
28
-67
15
-80
15
-65
41
-43
77
-35
107
-47
110
-66
86
-69
55
-45
40
0
49
44
74
66
93
60
88
42
62
34
34
47
25
74
39
90
60
80
64
46
40
17
1
16
-23
49
-1
98
71
121
167
88
238
-6
244
-129
182
-232
78
-271
-24
-238
-81
-148
-78
-47
-27
28
37
58
83
43
90
11
58
-16
3
-18
-53
9
-85
59
-83
106
-50
131
-5
119
32
72
42
8
23
-51
-8
-83
-34
-85
-33
-69
-6
-52
34
-53
71
-74
89
-102
88
-122
78
-127
72
-124
71
-117
70
-120
57
-127
25
-130
-19
-110
-55
-62
-66
9
-41
80
17
129
88
142
148
119
177
74
173
27
146
-4
110
-11
82
-1
74
17
82
25
95
16
95
-8
76
-37
42
-47
3
-35
-22
1
-25
42
-7
69
7
74
0
61
-41
51
-103
66
-160
118
-186
189
-168
257
-112
291
-45
276
11
218
37
132
30
45
-4
-25
-49
-73
-98
-90
-139
-79
-166
-45
-170
-1
-155
39
-130
59
-117
56
-130
40
-169
34
-215
52
-236
93
-213
129
-148
127
-74
63
-30
-48
-43
-165
-98
-241
-156
-248
-177
-193
-134
-117
-44
-60
54
-45
120
-54
140
-59
131
-36
119
13
127
69
144
96
148
89
122
63
70
42
18
49
1
69
28
78
80
46
119
-23
120
-95
83
-129
49
-95
54
-8
124
91
237
148
344
136
392
73
356
2
258
-28
144
4
68
76
55
144
93
162
144
103
162
-17
122
-161
25
-277
-97
-326
-206
-301
-262
-214
-250
-99
-180
1
-83
66
8
91
65
95
90
103
100
127
116
153
143
157
164
121
146
48
72
-25
-42
-51
-147
-4
-187
97
-132
194
-11
231
110
176
162
66
118
-35
13
-55
-78
21
-98
144
-37
243
56
257
107
194
79
106
-7
61
-88
87
-99
150
-27
183
79
129
145
-4
120
-155
13
-244
-109
-224
-168
-112
-131
18
-21
96
95
88
151
14
119
-64
28
-97
-74
-67
-142
6
-154
82
-124
131
-69
135
-10
95
32
15
42
-86
8
-184
-68
-244
-156
-236
-215
-161
-202
-46
-119
47
1
69
85
18
92
-64
21
-110
-71
-83
-119
8
-86
95
1
116
75
47
72
-71
-17
-165
-142
-170
-232
-90
-235
26
-163
114
-64
138
7
112
35
84
42
82
69
102
125
101
182
52
189
-44
120
-137
-4
-172
-129
-127
-201
-27
-202
75
-163
136
-129
161
-112
177
-102
216
-57
266
37
287
145
235
206
112
170
-33
49
-119
-86
-98
-151
11
-98
131
40
176
186
114
261
-20
239
-146
162
-199
94
-168
83
-97
122
-40
168
-23
182
-28
158
-22
129
13
122
67
144
93
158
73
130
27
55
-3
-28
20
-64
82
-27
131
52
110
100
9
61
-119
-67
-186
-210
-136
-274
14
-206
179
-33
252
148
186
230
8
168
-181
-1
-282
-180
-257
-282
-144
-277
-25
-198
28
-116
-4
-83
-79
-105
-146
-153
-165
-184
-135
-177
-81
-140
-28
-83
15
-23
52
49
83
134
101
223
88
291
35
314
-42
282
-118
207
-158
124
-156
58
-117
18
-69
-1
-28
-18
4
-35
35
-45
74
-35
111
-8
132
21
119
28
80
-1
37
-57
16
-111
31
-134
72
-117
106
-70
108
-23
69
-5
1
-22
-62
-60
-98
-95
-99
-107
-81
-97
-62
-76
-60
-66
-72
-76
-85
-101
-81
-125
-54
-134
-11
-116
30
-78
53
-35
47
-6
18
2
-19
-13
-45
-36
-51
-55
-34
-64
-3
-58
37
-45
76
-25
116
-2
152
25
179
53
190
73
175
66
142
26
101
-40
80
-107
89
-150
123
-148
155
-110
157
-62
120
-35
54
-43
-6
-66
-28
-73
-3
-32
44
56
71
158
50
225
-24
226
-113
158
-175
56
-179
-40
-120
-92
-32
-98
55
-74
108
-40
123
-17
110
-4
82
-4
49
-10
17
-22
-5
-35
-15
-36
-6
-21
11
16
21
57
8
77
-25
59
-57
7
-62
-52
-21
-83
57
-69
138
-23
186
25
188
44
158
23
129
-17
126
-43
148
-40
176
-12
177
11
144
5
93
-28
53
-69
41
-87
49
-74
52
-45
25
-30
-30
-45
-92
-86
-126
-121
-120
-127
-90
-95
-63
-52
-58
-21
-69
-18
-77
-24
-59
-18
-17
13
21
56
28
75
-4
45
-52
-33
-76
-121
-51
-176
13
-172
73
-124
88
-73
41
-57
-46
-88
-128
-138
-172
-173
-173
-170
-152
-139
-135
-101
-131
-72
-122
-49
-93
-6
-41
66
8
154
18
214
-25
209
-91
131
-132
18
-104
-64
-6
-69
112
1
179
90
151
127
39
71
-90
-54
-163
-187
-141
-251
-45
-214
58
-101
101
19
57
81
-43
64
-134
3
-163
-48
-117
-45
-36
12
29
82
40
113
5
81
-35
1
-37
-81
19
-120
112
-100
190
-43
214
2
170
2
86
-51
8
-129
-24
-183
-9
-185
25
-134
41
-62
14
-11
-52
-3
-120
-33
-155
-66
-132
-76
-68
-40
6
25
56
86
67
120
49
119
23
91
6
55
1
25
-6
-5
-20
-40
-42
-81
-54
-112
-52
-116
-36
-82
-27
-29
-48
15
-105
10
-172
-47
-206
-129
-172
-189
-62
-179
88
-95
221
31
282
143
258
190
171
161
73
74
6
-32
-12
-112
8
-155
43
-161
72
-144
88
-110
93
-64
93
-5
88
60
71
122
41
166
7
187
-22
191
-40
184
-46
171
-49
146
-56
103
-66
38
-66
-32
-45
-87
1
-107
53
-87
93
-45
100
-1
78
32
44
54
17
83
6
127
0
185
-21
233
-65
243
-128
201
-178
120
-187
30
-140
-33
-52
-52
45
-36
121
-8
158
8
168
6
168
1
172
4
175
18
171
31
142
25
100
-12
64
-69
60
-117
95
-133
157
-103
214
-48
233
-2
210
11
168
-12
134
-47
134
-60
166
-32
207
32
220
103
190
147
118
142
39
93
-18
21
-29
-44
3
-83
59
-91
118
-78
159
-62
177
-50
173
-49
153
-66
128
-98
107
-136
105
-161
127
-154
165
-105
198
-24
202
57
161
105
86
101
16
57
-14
11
13
3
76
48
132
122
137
170
74
154
-23
66
-100
-57
-117
-156
-62
-187
20
-148
76
-83
73
-40
16
-51
-49
-100
-78
-152
-46
-162
29
-120
105
-46
145
18
144
50
115
43
91
20
83
-1
88
-14
90
-26
75
-47
49
-76
33
-93
27
-85
29
-49
11
-8
-38
8
-112
-20
-177
-79
-197
-136
-156
-153
-71
-115
16
-47
61
7
56
15
24
-30
1
-93
18
-139
69
-140
119
-103
132
-62
91
-50
13
-77
-67
-127
-116
-162
-122
-161
-104
-119
-88
-58
-95
-5
-119
23
-143
33
-144
42
-117
65
-81
98
-54
119
-59
105
-84
38
-103
-66
-88
-171
-23
-238
78
-245
177
-201
236
-141
231
-103
173
-111
101
-151
56
-186
58
-180
98
-115
132
-14
128
82
72
129
-12
119
-81
76
-101
42
-67
45
-10
83
25
121
15
117
-31
57
-70
-36
-62
-112
4
-130
95
-80
163
1
165
62
107
70
28
32
-22
-6
-18
-5
26
49
61
128
46
174
-23
154
-106
64
-148
-47
-116
-121
-17
-126
98
-69
174
9
175
52
111
39
21
-27
-47
-105
-71
-163
-56
-180
-23
-161
4
-123
13
-78
13
-33
7
16
0
64
-16
98
-46
101
-82
64
-103
-2
-87
-68
-23
-103
80
-81
189
-8
260
82
262
150
200
161
101
108
8
13
-36
-79
-16
-129
54
-117
137
-53
197
32
210
100
178
132
128
124
86
95
66
64
70
41
84
28
97
13
102
-5
103
-24
107
-37
112
-37
112
-30
103
-23
78
-26
47
-40
22
-54
9
-56
8
-45
8
-21
-2
2
-30
15
-66
13
-103
5
-130
-3
-146
-8
-157
-9
-164
-11
-163
-8
-151
5
-125
34
-95
76
-70
121
-61
155
-64
165
-71
156
-66
137
-49
121
-23
105
1
85
17
57
29
25
46
4
71
6
87
23
83
42
48
39
-3
10
-43
-25
-49
-35
-19
0
15
72
16
135
-35
144
-122
83
-191
-18
-196
-103
-127
-120
-20
-62
57
30
56
89
-25
73
-136
-11
-214
-115
-218
-177
-159
-175
-85
-121
-41
-60
-40
-26
-61
-22
-69
-20
-50
3
-23
40
-21
61
-60
25
-123
-77
-164
-211
-138
-319
-37
-346
98
-285
206
-174
241
-69
199
-11
114
1
40
-6
6
7
11
52
24
118
23
177
5
209
-17
219
-23
226
-4
242
25
268
41
287
31
277
1
233
-29
168
-38
105
-23
61
5
37
30
28
42
23
47
21
52
32
64
64
71
115
57
166
10
190
-69
165
-153
91
-210
-3
-211
-78
-154
-98
-65
-55
12
24
36
96
-6
113
-93
60
-168
-44
-187
-146
-127
-195
-8
-167
115
-81
189
10
183
49
117
8
43
-90
15
-194
55
-250
143
-233
226
-165
259
-94
221
-59
136
-75
47
-123
-5
-166
-6
-172
30
-132
78
-54
112
45
122
144
105
228
63
285
1
296
-70
257
-132
175
-154
81
-128
11
-57
-18
22
-11
74
-2
80
-21
59
-72
49
-129
80
-145
149
-86
218
33
231
161
159
228
18
203
-131
100
-216
-17
-198
-88
-101
-74
25
7
115
107
139
175
112
188
66
156
42
111
53
81
89
73
124
78
138
77
122
54
93
4
64
-63
56
-121
76
-151
116
-136
154
-80
158
-8
109
39
5
29
-122
-40
-218
-134
-247
-195
-199
-179
-117
-84
-62
43
-78
132
-167
137
-269
70
-320
-10
-277
-40
-168
15
-55
118
-6
202
-42
210
-118
134
-164
28
-134
-33
-34
-11
72
78
117
170
66
197
-52
136
-173
16
-238
-105
-226
-184
-165
-208
-94
-199
-41
-187
-8
-173
27
-151
70
-101
112
-30
130
38
109
76
62
77
18
58
1
51
8
72
15
109
-11
124
-78
88
-158
0
-211
-111
-202
-195
-132
-221
-33
-191
58
-126
112
-54
128
9
118
66
94
111
51
138
-13
127
-86
69
-139
-17
-140
-89
-80
-102
22
-45
111
55
141
144
98
176
14
144
-60
78
-86
32
-62
29
-26
60
-21
86
-62
68
-130
-1
-177
-86
-175
-147
-120
-156
-52
-121
-11
-79
-13
-64
-43
-85
-69
-120
-64
-139
-27
-122
15
-78
30
-43
12
-38
-23
-67
-39
-103
-14
-105
45
-60
102
24
119
105
75
138
-14
103
-107
11
-158
-96
-144
-179
-70
-209
27
-190
114
-144
165
-95
182
-61
177
-40
163
-22
145
-6
119
6
80
3
30
-22
-16
-61
-43
-94
-42
-106
-27
-91
-14
-67
-25
-57
-55
-78
-82
-122
-78
-159
-31
-157
44
-105
106
-25
122
39
79
51
8
10
-47
-52
-55
-88
-22
-74
15
-23
13
21
-46
10
-135
-58
-198
-148
-194
-204
-118
-185
-17
-97
53
11
54
82
-1
85
-68
37
-97
-20
-70
-41
-11
-26
36
-1
45
-4
24
-42
7
-91
23
-108
67
-67
103
13
86
88
-6
105
-141
45
-264
-62
-322
-156
-291
-191
-204
-155
-112
-73
-55
10
-42
62
-57
81
-67
85
-59
95
-45
110
-46
112
-74
79
-121
10
-159
-78
-163
-148
-130
-175
-84
-153
-52
-107
-60
-64
-108
-46
-173
-58
-222
-80
-241
-91
-225
-79
-190
-49
-152
-13
-119
23
-91
54
-62
95
-33
149
-24
203
-55
228
-136
191
-249
78
-353
-92
-390
-265
-329
-368
-185
-356
-11
-230
112
-50
134
101
49
165
-86
134
-193
54
-215
-2
-150
7
-48
81
29
165
39
203
-6
169
-52
86
-49
8
16
-15
116
28
194
106
206
165
148
174
57
132
-26
66
-72
13
-85
-16
-83
-35
-83
-52
-82
-74
-63
-82
-16
-57
43
6
92
88
103
158
72
192
21
188
-25
168
-47
152
-57
146
-72
130
-107
85
-154
6
-182
-89
-169
-163
-110
-185
-35
-156
21
-107
35
-69
8
-61
-30
-70
-54
-78
-52
-68
-41
-37
-41
-13
-59
-14
-86
-46
-87
-85
-45
-96
37
-57
130
26
190
125
192
197
130
204
33
146
-61
36
-110
-86
-100
-180
-33
-215
62
-181
143
-99
177
-7
148
54
66
58
-31
9
-98
-57
-107
-101
-62
-97
3
-51
50
4
56
36
28
33
-6
8
-27
-13
-30
-21
-37
-22
-69
-48
-120
-112
-161
-194
-153
-250
-82
-232
25
-133
107
11
116
128
43
162
-66
110
-145
16
-139
-54
-56
-56
57
1
134
69
140
92
89
53
28
-28
3
-102
25
-129
70
-105
96
-62
79
-28
28
-24
-26
-35
-53
-39
-42
-11
-13
47
10
108
9
148
-16
149
-45
112
-57
49
-40
-19
6
-77
74
-112
148
-116
214
-95
250
-58
245
-30
196
-27
118
-57
38
-112
-16
-164
-28
-187
-5
-169
31
-117
54
-53
53
-1
25
22
-9
17
-39
-9
-51
-49
-43
-90
-17
-119
23
-131
69
-120
104
-91
121
-59
111
-35
81
-28
49
-23
30
-12
24
20
19
62
-5
90
-52
83
-107
40
-146
-21
-144
-66
-110
-83
-71
-78
-55
-80
-69
-109
-89
-150
-88
-173
-53
-140
-6
-52
6
57
-50
117
-169
94
-288
5
-344
-93
-296
-130
-169
-79
-30
25
52
120
64
151
37
119
29
69
71
57
139
93
175
138
136
135
29
45
-87
-107
-136
-247
-92
-300
18
-245
116
-123
142
-9
86
47
-1
45
-62
37
-62
66
-29
140
-16
209
-62
218
-153
140
-231
4
-236
-115
-153
-156
-25
-108
71
-21
83
37
6
19
-101
-66
-171
-163
-165
-209
-93
-175
-9
-75
31
35
6
107
-74
117
-163
71
-216
7
-218
-42
-174
-62
-112
-55
-61
-41
-35
-44
-30
-73
-26
-118
-2
-159
55
-158
132
-107
194
-23
205
54
147
71
39
8
-64
-115
-102
-234
-48
-279
72
-228
190
-103
231
25
175
86
44
59
-88
-23
-162
-98
-161
-121
-119
-83
-91
-29
-105
-2
-151
-19
-187
-59
-175
-81
-113
-60
-28
1
38
69
65
115
64
128
59
126
67
127
86
138
94
146
81
133
54
99
37
65
47
59
67
87
71
120
33
116
-42
50
-112
-59
-125
-163
-64
-205
46
-174
144
-102
177
-50
140
-63
69
-132
23
-216
38
-257
98
-230
157
-156
170
-78
124
-36
46
-32
-25
-45
-63
-47
-69
-31
-61
-5
-52
20
-42
42
-25
72
0
116
13
155
-7
161
-56
112
-108
21
-117
-64
-62
-88
36
-28
122
82
132
176
61
195
-49
134
-121
52
-102
21
-1
83
114
210
166
328
124
365
20
301
-71
183
-95
81
-46
38
21
48
43
54
-5
9
-91
-91
-157
-199
-156
-250
-98
-216
-35
-122
-25
-25
-83
17
-173
-4
-235
-49
-232
-76
-163
-52
-67
13
8
78
42
117
42
121
37
107
35
91
33
76
11
46
-30
-10
-76
-84
-99
-147
-85
-173
-45
-150
-9
-100
-4
-61
-30
-55
-59
-81
-62
-110
-18
-112
55
-80
128
-26
170
21
173
45
148
41
113
22
76
-4
37
-34
-4
-76
-46
-125
-66
-164
-55
-168
-17
-127
26
-49
42
24
17
62
-32
49
-70
3
-68
-45
-20
-64
53
-54
117
-32
147
-20
148
-28
135
-42
123
-47
110
-31
85
-9
31
0
-42
-14
-112
-44
-152
-60
-154
-45
-132
-1
-117
49
-124
76
-147
64
-163
28
-144
1
-88
7
-16
49
31
103
28
133
-21
118
-92
65
-151
-2
-173
-54
-167
-76
-144
-73
-126
-55
-121
-40
-124
-33
-121
-34
-107
-30
-79
-19
-44
5
-8
33
15
59
21
74
1
62
-32
15
-61
-58
-62
-127
-18
-161
64
-132
158
-42
220
82
223
189
156
244
52
235
-50
185
-111
125
-124
83
-105
59
-76
42
-50
26
-21
16
23
28
79
83
125
168
130
252
76
293
-23
271
-126
197
-186
116
-180
70
-121
80
-52
127
-11
172
-13
182
-36
157
-49
118
-28
98
13
109
48
129
45
123
2
65
-50
-35
-66
-142
-24
-205
67
-199
164
-136
218
-62
206
-21
141
-37
66
-89
21
-145
22
-163
52
-140
73
-95
56
-65
1
-75
-66
-115
-110
-159
-112
-176
-83
-152
-51
-104
-49
-67
-82
-66
-129
-104
-154
-157
-137
-185
-82
-171
-16
-120
21
-64
9
-41
-35
-57
-83
-96
-98
-122
-79
-103
-47
-46
-40
16
-78
45
-151
21
-211
-37
-218
-81
-153
-64
-46
27
46
158
71
264
11
288
-100
215
-197
74
-225
-69
-161
-153
-32
-146
105
-71
190
28
194
102
130
120
40
88
-32
36
-54
1
-25
10
35
70
88
160
106
244
74
284
4
260
-72
178
-117
66
-107
-36
-41
-93
54
-100
141
-75
187
-45
185
-34
152
-45
110
-61
82
-65
62
-55
38
-39
4
-36
-33
-48
-50
-56
-35
-37
11
21
57
109
67
186
26
211
-51
171
-118
85
-139
1
-95
-40
-16
-26
54
16
81
46
62
40
29
2
16
-33
40
-32
88
11
124
76
119
124
74
139
11
118
-41
83
-63
57
-66
45
-64
37
-66
23
-67
7
-52
6
-20
41
18
105
30
169
-2
196
-74
159
-143
74
-168
-24
-115
-78
-8
-58
117
23
199
125
206
200
141
214
38
165
-66
70
-137
-37
-165
-132
-151
-199
-107
-222
-47
-200
6
-143
37
-72
30
-16
-9
5
-58
-4
-85
-21
-74
-18
-34
18
9
71
23
107
-2
102
-41
55
-59
-2
-37
-29
16
-10
58
34
50
56
-13
18
-100
-77
-152
-188
-137
-255
-56
-245
41
-169
95
-83
75
-43
1
-74
-71
-157
-91
-240
-35
-269
76
-228
189
-137
262
-29
276
57
235
103
168
108
90
77
23
21
-22
-42
-37
-94
-19
-112
13
-92
33
-52
12
-33
-52
-64
-129
-148
-166
-243
-123
-284
-3
-225
144
-69
245
127
243
284
141
348
-8
314
-134
231
-192
146
-187
92
-154
54
-131
3
-120
-77
-98
-169
-37
-228
66
-226
179
-165
250
-88
256
-38
211
-31
163
-40
146
-20
158
52
160
150
103
212
-24
184
-180
54
-282
-121
-273
-255
-148
-285
33
-203
177
-71
226
32
170
51
66
-12
-21
-110
-45
-185
-16
-207
33
-187
58
-158
45
-145
10
-158
-20
-178
-23
-187
2
-171
40
-131
72
-80
91
-28
94
17
77
45
45
45
4
12
-33
-48
-42
-112
-14
-150
48
-142
116
-95
154
-39
142
-16
87
-45
30
-114
8
-187
44
-220
122
-199
203
-134
245
-64
236
-21
185
-14
124
-36
70
-63
35
-83
12
-98
-8
-106
-20
-109
-18
-93
2
-44
30
33
46
117
29
173
-16
174
-61
122
-64
49
-6
-4
114
-6
255
42
367
105
422
146
410
136
358
76
303
-9
267
-88
250
-137
242
-161
220
-163
182
-157
134
-143
91
-113
56
-62
31
15
1
98
-49
163
-119
189
-195
164
-254
101
-271
26
-238
-32
-170
-59
-90
-59
-33
-51
-17
-62
-35
-105
-66
-171
-81
-231
-63
-260
-23
-242
23
-189
43
-126
37
-78
18
-45
9
-16
29
36
68
118
102
211
98
279
51
294
-19
252
-71
181
-76
130
-34
129
20
