-310
198
199
-306
-250
266
-324
-227
-327
-204
299
155
-175
317
-156
324
100
-349
80
-356
59
-361
-65
351
345
23
-375
-15
-27
-366
18
355
-66
-359
62
353
-106
-351
-128
-343
-347
133
-339
153
306
-174
180
307
284
-209
-236
-281
-280
242
-264
258
-249
273
274
226
198
-294
-195
311
313
170
-158
329
330
131
-118
344
-98
349
66
-355
-362
-52
355
29
-363
-8
-18
-363
357
-34
49
357
71
354
-100
-350
-346
115
332
-136
-331
155
-177
-317
188
305
291
-209
-287
224
-245
-269
249
-258
236
-272
220
-285
294
204
304
185
165
-321
326
148
128
-339
-349
-114
-354
-94
351
69
48
-360
-31
358
358
6
-361
12
-37
-362
-57
-361
352
-76
346
-98
-343
115
-136
-337
325
-158
172
314
-195
-307
205
291
226
279
-244
-269
256
251
-238
270
-223
285
-300
-206
308
185
167
-320
-332
-153
127
-340
-347
-111
348
88
-357
-70
355
47
25
-363
5
-363
358
-16
34
358
-57
-357
-354
76
-349
97
340
-119
137
334
-158
-325
314
-176
-194
-307
-213
-293
226
279
-244
-267
-254
258
272
236
-286
-221
-205
298
-188
310
-322
-167
-151
330
127
-339
-110
344
350
87
354
67
356
45
-1
0
-1
-2
-1
-1
-1
-1
-1
0
-2
-1
0
-1
0
-1
-1
-1
-1
-1
-1
-2
-2
-1
-2
-1
-1
-1
-1
0
-3
-1
-1
-1
-2
-1
0
-1
-2
-1
-1
-1
-1
-1
-3
-1
-2
-1
-1
-2
0
0
-1
1
-1
-2
-3
-1
-1
0
-1
-3
-1
-2
-2
-1
-3
0
-4
1
-2
-1
0
-1
-2
0
-1
-1
-3
0
0
-1
-2
-2
0
0
-1
0
0
0
-1
-1
-1
-1
-1
-2
-1
0
0
0
-1
-1
-1
-1
-1
-1
-2
-1
-1
-1
0
-1
-1
-1
-1
-1
-2
-3
0
-1
-1
-1
1
-3
-1
0
-1
0
-3
0
-3
0
-1
0
-2
0
0
-1
-1
-1
-4
-1
-2
0
1
-1
-2
-1
-2
0
-2
-1
-2
1
0
-1
-2
0
-1
-1
-1
-1
-2
-2
-4
-1
-2
-2
-1
-2
-4
0
-1
-1
-1
-1
-2
-1
-1
1
-2
-1
-3
-1
-2
0
-3
-1
0
-1
-3
1
-3
-1
-3
1
-3
-1
-1
-1
-2
0
-2
-1
-2
-1
-4
-1
-1
1
-3
1
-2
-1
-1
0
-1
-1
-3
1
-3
-1
-1
-1
-2
-1
0
0
-4
1
1
1
-1
2
-1
1
-4
0
-1
-1
-1
-1
-2
-1
-2
0
-1
0
-1
0
-1
1
-1
1
0
0
-1
0
-1
0
-1
0
-1
1
-1
-1
1
0
-1
0
1
1
-1
-1
-1
-1
-2
-1
-1
-1
0
-1
0
0
-2
0
-1
-1
-1
0
1
-2
-1
-1
-1
-1
-2
-2
-1
-2
-1
-1
0
-1
-1
0
1
-1
0
0
-4
-1
-1
-1
-1
-1
0
0
-1
-1
-2
-1
-1
-1
-1
-1
-1
-1
-1
-2
-1
-1
-4
-1
-4
-2
-1
-3
-2
-1
-1
-1
-2
-1
-2
-3
-1
-2
-2
-1
-1
-1
-1
-2
-1
-2
-3
-1
-3
-1
-3
-1
-2
-1
-1
-1
-3
-4
-4
0
-1
-1
-4
-1
-4
-2
-1
-1
-3
-2
-2
0
-2
-1
-1
0
1
-2
0
-1
-2
-1
-2
-1
-1
-3
-3
-3
-4
-1
-1
1
-1
0
-2
-1
-1
-1
-1
-1
-1
0
-1
-3
-1
0
-1
-2
-2
0
0
-1
-2
0
-2
-1
-1
-1
-1
1
-1
0
-2
0
-2
0
-1
-1
0
-1
-2
0
-4
1
-2
1
-1
-1
-1
3
-1
-1
-1
0
-1
-1
-1
0
-2
1
-1
-1
-1
0
1
1
-2
1
-1
-1
-1
-1
-1
-1
-1
-1
0
1
-1
-1
-1
-2
-1
-1
0
-1
-1
-1
-1
0
-1
0
-1
0
-2
0
1
1
0
-1
-1
0
1
-1
-1
-1
1
1
-2
0
0
-1
0
-1
-2
-1
-1
-1
0
0
-1
0
-2
-1
0
-3
0
0
-1
-1
-2
1
-1
-1
-1
0
-1
0
-1
-1
-3
-1
-1
0
-1
-1
-1
0
-1
0
-1
0
-1
1
-1
-1
1
-1
-2
-1
-1
-1
-3
-1
-1
-1
-2
1
0
0
-1
0
-1
-1
-1
0
-2
-1
0
-1
-2
-1
-1
-3
-1
1
-2
1
-3
1
-4
1
-3
0
-2
0
-1
-1
-2
1
-1
0
-1
-1
-3
0
-2
1
0
-1
-1
-2
0
-1
0
0
-2
0
0
-1
-1
0
-1
0
-1
-1
-1
-1
-1
-1
-1
0
0
-1
-1
-1
-2
-1
-1
-1
-1
-1
-1
0
0
0
-2
-1
-1
0
-1
1
-2
-1
-1
-1
-1
-1
0
0
-1
0
-1
-1
-1
1
-1
-1
0
2
-1
0
-1
-1
-1
-3
-1
1
-1
-1
-2
-1
-1
-1
-2
-1
0
-1
0
-1
0
0
-2
-1
-3
-1
-1
1
-2
1
-1
1
-1
-1
-2
-1
1
-1
-2
-1
-1
-1
0
-1
0
0
0
-1
0
-1
-1
0
-1
-1
-1
-1
-2
-1
-2
-1
-3
0
-4
1
-1
-1
-1
0
1
-1
-1
1
-1
0
0
1
-3
-1
-3
-1
0
-1
-1
-1
-1
-1
-1
-1
-2
-1
-1
-1
-1
-1
0
0
-1
-1
0
-1
-1
0
-1
1
-2
-1
-1
0
-2
0
-1
-1
-1
-2
-2
-1
-1
0
-1
-1
-1
0
-1
0
0
0
0
0
-1
0
-1
1
-1
0
-1
-1
-1
-1
0
0
-1
0
-1
1
-1
0
0
0
-1
0
1
0
-1
1
-1
-1
-1
-2
-3
-1
-1
-1
-1
-1
0
-1
-1
1
-3
-1
0
0
-2
0
-1
0
-1
-1
-1
-1
0
-1
-1
0
-1
1
-1
0
-1
0
0
1
-1
0
-2
-1
0
0
-2
-2
0
-1
-1
-1
-1
-1
-1
-1
-1
0
-1
1
-1
-2
-1
-1
0
-1
0
-1
-1
0
0
1
-1
-1
0
-1
-1
-2
-4
-2
-2
-1
-1
-1
-1
-1
1
0
0
-1
0
0
-1
1
0
0
-1
-1
0
-1
-1
0
-1
1
0
-1
-1
1
-1
-1
-3
-1
-1
0
-2
-1
-2
-1
0
0
0
0
0
-1
0
-1
1
-2
-1
1
-1
-1
-1
0
-1
0
-1
1
-1
0
-1
-1
-1
0
-2
0
-2
0
-1
-1
-1
-1
-1
1
-1
-1
-1
0
-1
-1
-1
0
0
1
-1
0
-1
-1
1
-1
0
0
-1
0
0
-4
-2
1
-1
1
-1
1
0
0
-1
1
0
-1
-1
1
-2
1
-2
0
0
0
-1
-1
-1
1
0
0
-1
-1
0
0
0
0
-1
1
1
0
-1
1
-1
-1
-1
1
-2
1
-1
0
-2
1
-1
1
1
-1
-2
-1
-2
1
-1
1
-1
1
0
1
-1
-1
-1
-1
-2
-1
1
-1
-1
0
-1
-1
-1
1
1
0
0
-1
0
0
-1
-1
-1
1
-1
1
-1
0
-1
-1
1
1
-1
1
0
0
-1
0
1
1
0
0
-1
-1
-1
-1
-1
1
-2
0
0
0
-1
-1
-2
1
-1
0
-1
1
-1
0
-1
0
-1
1
0
0
-1
0
-2
0
0
-1
1
0
0
-1
-1
-1
-1
-1
-1
1
-1
-1
-1
0
1
-1
-1
0
-1
0
-1
-1
-2
0
-1
-1
-1
0
0
-1
-1
-1
1
1
0
0
-2
1
-1
0
-1
1
-2
0
-1
1
0
0
-1
-1
-1
-1
-1
0
-1
0
-1
0
-1
-1
-1
0
1
1
-1
-1
-1
-1
0
-1
0
-1
-1
1
-1
1
0
0
-1
0
-1
-1
-1
-1
0
-1
1
0
1
0
1
0
-1
1
-3
0
-1
-1
-1
-1
-1
0
-1
0
-1
-1
-1
-1
0
-1
-1
-1
-1
-2
-1
-3
-1
-1
0
-1
-1
0
-1
0
-1
-1
-1
1
-1
-1
-1
0
-1
0
0
0
-1
0
-1
0
-2
1
-2
-1
-1
-1
-1
0
-1
-1
-2
-1
-1
-1
0
-1
-2
-1
0
-1
-1
0
-1
-1
-2
0
-1
1
-1
0
0
1
1
1
0
-1
-1
-1
-1
0
-1
1
-1
-1
1
2
-3
-1
-2
-1
-2
-2
1
0
-1
-1
-1
0
0
0
-1
0
1
0
-1
0
-2
-1
1
-1
0
0
-1
-1
-1
1
0
0
-2
0
-1
0
-1
-1
-1
1
1
0
-3
1
-2
-1
1
0
-2
-1
-2
-2
-1
1
1
-2
-2
0
0
0
0
-1
-1
1
-1
-1
-1
1
-2
-1
1
-1
-1
-2
-1
-1
-1
1
-1
-1
-1
0
-1
-2
-1
-1
1
-1
-2
-1
-1
-1
-1
-1
-1
0
-1
1
-1
-1
-1
1
0
0
-1
0
-1
-1
-1
0
0
-1
0
-1
-2
-1
-1
-1
-2
-2
-1
0
-1
1
1
0
-1
-1
1
1
0
1
-1
-1
-1
-2
-1
0
0
1
-1
-2
1
0
-1
0
-1
2
-1
0
1
0
0
1
0
1
0
1
-1
1
-1
-1
0
0
-2
-1
-1
-1
-1
0
-1
-1
0
1
-1
1
0
0
-1
-1
-1
-1
-1
-1
-1
0
-2
1
-2
-1
1
0
0
0
-1
1
-1
1
-1
-1
-1
-1
-1
1
0
0
-1
-1
0
1
-1
0
-2
1
0
0
-1
1
0
-1
0
0
-1
1
-1
1
-1
0
-2
-1
-1
-2
0
-1
0
0
0
0
-1
0
0
1
0
-1
0
1
-1
0
0
1
1
1
1
0
0
0
-1
1
-1
-1
1
0
1
0
0
1
0
1
0
1
-1
0
-1
1
-1
-1
-1
0
-1
-1
0
-1
0
1
0
1
0
-1
0
-1
-1
-2
-1
-1
-1
0
1
-1
0
1
-1
1
0
0
-1
-1
0
0
-1
-1
0
-1
1
0
-1
0
-1
-1
0
-1
0
-2
0
0
0
-1
-1
-1
-2
0
-1
-1
-1
0
0
1
0
-3
-1
-1
1
-1
-1
0
0
-1
-1
-2
-1
-1
-1
1
-1
0
-1
-1
1
0
-1
-1
-1
-1
1
0
0
-1
-1
-1
-1
-1
0
-1
0
-1
-1
1
-1
-1
0
1
1
0
-1
-1
0
0
-1
1
-1
-1
1
-1
1
1
-1
0
0
-1
1
0
-1
-1
0
1
0
1
-2
1
0
1
1
-1
-1
1
0
-1
-1
0
0
0
0
-1
-1
1
-1
-1
-1
-1
-1
1
0
-1
-1
1
-1
0
0
0
-2
0
-1
0
-1
0
-1
-1
1
-1
-1
-1
0
-1
0
0
1
0
1
-1
-2
0
-1
-1
-1
-1
0
-1
1
1
-1
0
0
1
-1
0
-2
1
-1
0
-1
1
0
-1
1
0
-1
-1
1
0
-1
-1
0
0
-2
-1
-2
-1
-1
0
0
1
0
-1
1
-1
0
-1
0
-1
0
-1
-1
-1
-1
0
-1
0
-1
-1
1
-1
0
-1
-1
-1
1
0
0
-1
0
-1
0
0
0
-1
0
-1
-2
0
-1
0
1
1
-1
-1
-1
1
1
0
-2
-1
-1
-1
-1
-1
-1
0
0
-3
0
1
-1
0
0
-1
-1
-1
-1
-1
0
1
0
-1
0
-1
-1
0
-1
-1
-1
0
0
-1
1
-1
1
-1
-1
-2
-1
-1
0
1
-1
-1
1
-1
-1
-1
1
0
-1
0
-1
2
-1
-2
0
1
-1
-2
0
-3
0
0
-1
-1
-1
-1
-2
0
-1
-1
-1
1
-1
0
-1
1
1
-1
1
-1
1
1
0
1
0
0
-1
1
0
-1
-1
-1
-2
1
0
0
-1
0
-1
-1
-1
-1
1
-1
-1
-1
-1
-1
1
-1
-1
-3
-1
-1
-1
0
1
-1
1
0
-1
-1
-2
-1
0
0
1
1
-1
0
0
-1
-1
-1
0
0
0
-1
-1
-1
1
-2
1
-1
-1
-1
-1
-1
0
0
0
0
0
-1
0
-1
1
-1
-2
-1
-2
-1
0
-1
-1
-1
-1
0
1
-1
0
0
-1
-1
0
-1
-1
0
1
-1
1
-1
0
1
-1
-1
-1
0
-1
-1
-1
-2
-1
-1
1
-1
-1
0
-1
-2
0
-1
1
-1
-1
0
1
-1
-1
1
-1
-1
-1
1
0
-1
0
1
0
0
-1
-1
1
0
-2
0
0
0
-1
1
1
0
-1
0
-1
0
1
-1
0
-1
0
0
1
-1
1
0
-1
-1
0
-1
0
-1
0
0
1
-1
-1
1
-1
0
0
0
1
-1
-2
-1
0
-2
1
0
-1
1
-1
0
0
0
-1
0
1
-1
-1
0
-1
-1
1
1
0
-1
-1
0
0
-1
0
-1
-1
1
-1
0
0
-1
-1
0
-1
-1
1
-1
1
-1
-1
0
-2
0
-1
1
0
-2
1
1
-1
-1
0
-1
0
-1
-1
1
0
1
0
-1
0
-1
0
-2
0
-1
-1
-1
0
0
1
-1
-1
1
-1
-1
0
-1
-1
-1
-1
-1
0
-1
1
-1
-1
-1
1
-1
1
-1
-1
-1
1
0
-2
-2
1
0
1
1
-1
-1
0
-1
-1
-1
-1
-1
-1
-1
-1
-1
1
-1
-1
-1
0
-1
0
-1
-1
-1
1
-1
-1
0
1
-4
0
0
0
0
0
-1
0
-3
0
-1
-1
0
0
-1
0
-1
2
0
0
-1
0
1
1
-2
0
1
0
0
-1
-1
0
0
-1
-1
0
-1
-1
1
1
-1
-1
0
1
-1
-1
0
-1
-1
-1
-1
1
-1
1
0
0
-1
-2
0
-1
-1
1
1
0
-1
1
-1
-1
0
-1
-1
0
-1
0
0
2
-1
0
0
-1
0
1
-1
0
-1
0
0
0
-1
-1
-1
-1
-1
-1
-2
0
-1
0
-1
-1
-1
1
-1
0
-2
-1
-3
0
-1
0
-1
-1
-3
-1
-2
0
-2
-1
-1
0
-1
0
-1
0
0
0
-2
2
-1
1
0
0
-1
1
-2
1
-1
1
-1
0
-1
-1
-2
1
-1
0
-1
-1
-1
1
-1
0
-1
1
-2
-1
0
0
-2
0
1
1
-2
-1
0
0
-1
-1
-1
0
-1
-1
-1
-1
-1
1
-1
1
-1
0
-1
-1
0
-1
-1
-1
-1
-1
-1
1
-1
-1
1
-2
-1
0
-2
-2
0
0
-2
-1
0
-1
1
1
0
0
1
0
-1
0
-1
-1
-1
0
-1
1
-1
-1
-1
0
-1
1
-1
0
-2
0
-1
-1
-1
-1
1
1
-1
-1
0
0
-1
-1
-2
0
-3
0
0
1
-1
0
1
-1
0
0
-1
-1
-1
0
-1
-1
0
0
-1
-2
-1
-1
-1
-1
0
0
-1
0
-1
0
-2
0
0
0
-1
0
-2
0
-1
-1
0
0
-1
0
-2
-1
-2
0
-1
0
1
-1
-1
0
0
1
-1
-1
-1
-1
-1
0
0
-1
1
0
-1
0
-1
0
-1
-1
-1
1
-1
-1
-1
0
1
-1
-1
1
-1
-1
-1
-1
0
-1
-1
1
-1
1
-1
0
-1
-2
1
-2
-1
0
-1
-1
-1
0
0
0
1
1
-1
-1
-1
-1
-1
0
-1
0
-1
1
1
-1
-1
0
-3
1
-2
-1
-2
-1
-2
-1
-1
0
0
0
-1
0
-1
0
-1
1
-1
1
0
-1
0
0
0
-1
-2
0
0
0
-2
2
-1
-1
-2
1
-1
-1
-2
0
-1
0
-1
-1
-1
0
-1
-1
0
0
-1
1
-1
0
-2
0
-1
0
0
0
-2
0
-1
-1
-1
0
-1
-1
-1
1
-1
-1
1
1
-1
0
-1
0
0
1
0
-1
-1
1
-1
0
-1
0
-1
0
0
-1
0
0
-1
0
-1
0
-1
1
-2
0
-1
0
0
-1
0
1
-1
-1
-1
-1
-1
0
-1
0
-1
0
-1
0
-1
0
-1
0
-1
0
-1
1
-1
0
-1
0
-1
-1
-2
1
-1
-1
-1
-1
-2
0
-1
-1
-1
-1
-1
-1
-1
-1
0
-1
-1
-3
-3
-1
-2
-1
-1
1
-1
1
-2
-2
0
-1
1
-1
-1
0
-1
0
-1
0
-1
-1
1
1
-1
-1
-1
-2
0
0
-1
-2
-1
0
-1
1
-1
-1
-1
-1
-1
2
0
-1
-1
0
-1
-1
0
-1
-1
0
-4
0
0
-1
-1
0
-2
0
-1
0
-2
-3
-1
0
-2
-2
-1
-1
0
0
-3
-1
-1
0
0
-1
-1
0
-1
1
-1
0
-3
1
-1
1
-1
-1
-1
-1
-1
0
-1
1
0
1
-1
-1
-1
0
-2
0
-1
0
-2
0
-3
-1
-1
0
-2
2
-1
0
-2
-1
-1
-1
0
0
-2
0
-1
1
-1
1
0
-1
-1
-1
0
1
-1
-1
-3
0
-2
-1
-1
0
-3
0
-3
0
-1
0
-1
-1
0
1
-1
0
-1
-1
-1
-1
-1
1
-1
0
-1
-1
-1
-1
-2
0
-1
0
-1
-1
-1
-1
-1
-1
-1
-1
-1
0
-1
1
-1
-1
-1
1
-1
0
0
-2
-2
1
-1
-1
-1
0
-1
-1
-1
0
0
-1
-1
0
-1
0
-1
0
0
0
-1
0
-1
0
-1
-1
-1
1
-1
-1
0
1
-1
0
-2
-1
-1
0
-1
0
0
-2
-1
0
-2
-1
-1
-1
1
-1
-1
-1
-1
1
-1
0
-2
-1
-1
0
-1
-1
-2
-1
0
1
1
-1
-1
0
-1
-1
-1
0
0
0
-3
-2
-1
1
-3
-1
-3
-1
-1
-1
-2
-1
0
-1
-1
-1
-1
-1
-1
0
0
0
0
1
-2
-3
-1
-1
-1
-1
-1
-1
-1
0
-1
-2
-1
-1
-1
0
-3
-1
-2
0
0
0
-1
-1
-1
0
0
1
-1
-1
-1
-1
-3
0
-1
-1
-1
0
-1
1
-1
-1
-1
-2
-1
0
-1
0
0
-1
-2
-1
0
0
-1
-1
-1
-1
-1
-1
-2
0
1
-1
-1
0
-1
1
-2
-1
-1
-1
-1
-1
-1
-1
-1
-2
0
-1
-2
-1
-1
-1
-1
0
-1
-2
-2
-1
-2
-1
-1
-1
-1
0
0
0
-2
-1
-2
0
-1
0
-1
0
-1
-2
0
1
-1
1
-1
-1
-1
1
-2
-1
-3
0
-2
0
-1
0
-1
-1
-1
-1
-1
0
-2
-1
-1
-1
-1
0
-3
0
0
-1
-1
-1
-1
1
-1
-1
-1
0
0
1
-1
-2
-1
-42
358
-362
-25
-361
-4
-363
18
358
-41
-62
-358
81
352
346
-105
122
339
-141
-334
162
321
-316
178
302
-199
-214
-292
-280
230
-264
245
247
-264
233
-278
-291
-217
-202
301
311
180
-164
321
-145
330
338
123
104
-346
-85
350
355
63
42
-361
-23
358
-363
-2
-361
19
-42
-359
-64
-357
351
-82
-105
-347
339
-124
140
332
323
-164
-313
180
-199
-303
290
-216
279
-234
-248
-262
-264
-248
-231
275
-290
-218
-198
300
-180
311
162
-325
143
-332
126
-341
-347
-105
84
-354
-358
-64
358
42
-22
358
1
-361
-20
-361
44
358
64
354
83
349
347
-106
340
-124
-143
-333
-321
162
180
311
-199
-305
216
287
-233
-276
249
263
247
-264
232
-279
214
-290
199
-305
180
-313
163
-325
330
141
-342
-125
-346
-105
352
81
356
60
-359
-42
-20
357
-363
-1
-362
21
42
356
66
352
-351
83
105
342
126
338
332
-146
324
-166
-311
182
-199
-304
-290
216
276
-236
-249
-265
265
245
278
228
-292
-216
-197
301
-314
-180
-324
-164
332
139
339
120
346
98
-80
349
356
58
358
36
-363
-23
-361
0
359
-25
-359
42
-65
-358
-353
83
-345
104
124
335
-145
-332
-164
-324
312
-185
-201
-301
-291
216
-235
-278
-251
-262
-265
-245
-279
-230
212
-293
194
-304
-180
312
-161
324
332
139
340
121
345
102
-81
351
356
59
37
-361
-361
-18
2
361
358
-25
358
-46
65
354
351
-89
-346
107
-339
127
145
330
-168
-321
312
-184
-299
202
-220
-286
234
274
-260
250
-245
264
279
228
-294
-213
-194
303
-179
313
325
159
140
-332
339
119
-349
-100
351
77
-58
356
-38
358
16
-363
5
358
-361
25
47
356
-354
68
-351
85
109
343
339
-129
-148
-332
166
318
-186
-310
-298
202
288
-220
-273
236
-252
-262
-268
-245
277
227
-293
-214
194
-306
-175
313
158
-327
136
-337
-343
-119
-347
-98
-78
351
-356
-59
36
-363
361
13
6
360
-361
25
-358
48
-355
69
90
349
-110
-345
338
-130
148
327
-168
-325
-186
-313
-299
202
-286
218
-238
-276
252
255
241
-268
-283
-228
-212
291
-193
304
-176
315
326
153
333
136
-344
-120
-349
-99
-354
-79
55
-358
-35
356
-15
359
-9
-363
26
358
-360
46
66
354
-93
-352
-112
-346
335
-132
148
327
-322
167
-312
184
-206
-298
-286
218
-240
-274
-260
250
-269
-244
-229
283
-211
293
-194
303
172
-317
326
153
133
-337
342
115
94
-348
-78
352
-57
356
-361
-35
-362
-13
-363
7
-31
-360
-51
-358
-354
71
347
-91
-112
-344
-338
132
-330
151
319
-169
-309
189
205
296
284
-222
-238
-270
-259
254
-269
-242
-281
-224
209
-296
-190
306
-173
318
325
155
-136
334
343
114
-349
-95
-353
-74
-356
-54
-358
-33
-11
360
9
360
362
-31
-49
-359
356
-73
94
346
114
343
339
-136
154
325
173
316
-305
188
-204
-299
285
-226
273
-243
-255
-258
-241
267
-223
281
-206
293
310
187
-171
314
-327
-156
-335
-138
114
-349
-349
-100
352
69
52
-362
-31
356
11
-366
-362
6
357
-35
355
-57
71
350
-97
-354
340
-118
-136
-341
-330
149
-174
-322
-192
-311
-211
-299
-287
222
267
-243
