-90
33
-59
95
-1
133
70
136
134
105
175
52
191
-11
173
-68
132
-106
78
-112
34
-86
16
-47
30
-18
55
-27
63
-76
25
-139
-61
-175
-158
-148
-207
-58
-171
42
-41
101
122
59
247
-82
264
-259
169
-405
11
-445
-134
-373
-205
-222
-185
-66
-102
40
-11
75
54
62
77
28
79
-4
76
-33
72
-66
64
-113
37
-162
-6
-192
-50
-184
-74
-139
-55
-71
5
-8
92
35
185
41
258
15
297
-33
294
-91
244
-139
155
-162
52
-143
-38
-85
-91
-6
-93
59
-61
89
-23
69
-8
19
-26
-33
-62
-62
-91
-57
-99
-31
-85
-5
-62
11
-47
22
-49
37
-56
69
-52
114
-30
153
5
174
38
167
59
139
66
103
64
63
62
21
56
-28
38
-77
7
-117
-32
-131
-60
-117
-65
-86
-47
-58
-23
-47
-13
-47
-28
-38
-52
1
-54
71
-9
145
80
185
181
158
247
65
247
-58
170
-159
51
-200
-65
-168
-135
-86
-151
6
-121
78
-76
106
-42
99
-33
76
-49
54
-78
41
-104
42
-117
45
-121
40
-117
22
-117
-8
-129
-37
-144
-49
-151
-39
-129
-14
-76
6
-6
-2
51
-43
68
-100
37
-137
-20
-127
-61
-66
-61
16
-18
78
37
91
67
62
48
26
1
21
-36
63
-24
128
45
173
141
162
221
95
249
4
227
-67
182
-94
148
-81
139
-56
146
-40
146
-36
126
-30
100
-4
85
40
100
85
135
105
168
89
175
52
148
19
107
11
74
34
67
66
77
88
93
93
101
85
97
72
89
60
76
37
52
4
6
-31
-63
-52
-132
-41
-172
-6
-165
28
-125
23
-91
-31
-98
-110
-157
-163
-228
-149
-259
-75
-212
18
-103
68
14
50
79
-14
80
-65
52
-57
54
11
131
78
255
75
352
-25
344
-179
218
-297
29
-299
-121
-173
-153
10
-64
149
76
173
166
88
148
-35
40
-102
-84
-69
-142
35
-106
135
-13
159
69
99
81
-7
22
-92
-64
-115
-119
-83
-122
-40
-84
-30
-57
-64
-69
-115
-122
-143
-186
-121
-223
-56
-211
25
-154
79
-80
89
-21
61
7
9
1
-39
-22
-68
-52
-70
-65
-45
-51
-6
-3
24
67
25
135
-16
168
-90
142
-170
65
-216
-35
-198
-112
-120
-133
-14
-92
74
-17
105
49
76
71
8
43
-64
-11
-104
-66
-109
-97
-93
-98
-74
-83
-66
-62
-70
-45
-77
-35
-83
-28
-81
-19
-74
-9
-66
-1
-56
7
-49
13
-53
11
-67
-12
-93
-61
-114
-131
-114
-203
-74
-245
1
-236
92
-173
163
-81
181
-1
154
40
100
37
58
16
55
10
91
40
132
100
146
153
110
159
39
107
-28
11
-54
-86
-21
-144
53
-146
129
-108
169
-66
165
-47
136
-59
119
-71
134
-55
175
12
214
115
208
211
139
258
23
232
-99
146
-177
45
-192
-30
-149
-52
-95
-33
-64
-6
-74
-5
-110
-36
-139
-78
-132
-98
-87
-67
-30
7
-1
95
-25
156
-95
163
-180
117
-240
47
-248
-10
-206
-28
-139
-4
-82
39
-61
70
-74
68
-115
26
-144
-40
-148
-105
-110
-141
-45
-132
25
-84
68
-18
66
31
17
42
-57
8
-119
-47
-144
-91
-127
-95
-91
-57
-67
-5
-83
20
-132
-3
-182
-65
-189
-127
-131
-139
-25
-87
84
15
146
117
143
172
90
164
33
117
12
73
34
60
71
81
89
107
68
106
18
69
-27
13
-35
-22
-4
-17
47
32
79
93
77
138
42
147
-1
124
-33
83
-42
33
-33
-22
-11
-82
26
-137
81
-168
151
-156
221
-100
254
-22
229
40
141
57
21
25
-91
-30
-160
-76
-183
-89
-179
-76
-169
-55
-161
-40
-149
-30
-117
-4
-66
41
-21
94
-5
121
-28
100
-64
30
-81
-45
-52
-83
6
-62
48
-8
23
18
-74
-30
-201
-153
-282
-301
-265
-390
-151
-372
-1
-257
103
-116
116
-19
52
-8
-33
-63
-75
-134
-58
-177
-9
-188
27
-199
28
-243
13
-314
20
-367
75
-354
154
-260
197
-124
153
-22
13
-11
-158
-95
-282
-211
-298
-276
-215
-244
-95
-129
-19
1
-25
76
-98
66
-175
-4
-203
-77
-163
-112
-89
-101
-26
-74
-3
-59
-11
-66
-24
-76
-27
-68
-28
-40
-52
-20
-117
-42
-199
-122
-262
-228
-259
-307
-182
-312
-63
-238
36
-118
69
-11
28
37
-52
23
-119
-23
-145
-65
-122
-81
-76
-72
-27
-52
10
-34
45
-12
80
25
115
75
132
129
115
163
64
163
2
136
-54
101
-91
78
-123
62
-165
36
-218
-18
-268
-93
-274
-153
-215
-153
-107
-64
4
93
54
253
10
349
-108
336
-238
233
-309
100
-287
4
-188
-20
-69
11
6
47
13
47
-30
-4
-79
-83
-96
-150
-72
-170
-28
-142
4
-89
3
-39
-25
-8
-56
8
-68
26
-53
61
-19
113
16
169
37
211
41
230
35
221
28
190
25
144
26
90
33
29
46
-27
71
-68
105
-76
141
-49
165
10
160
81
115
140
30
163
-74
140
-172
74
-231
-11
-235
-83
-179
-118
-83
-103
25
-46
106
30
139
94
119
121
59
99
-15
37
-76
-49
-109
-136
-104
-202
-66
-231
-4
-211
66
-143
121
-40
136
67
103
145
25
165
-69
124
-136
49
-146
-17
-88
-34
4
4
84
71
112
124
82
124
21
73
-28
1
-36
-49
-3
-55
39
-26
56
7
35
14
-4
-8
-30
-37
-16
-36
27
5
69
69
77
117
40
118
-16
70
-58
1
-57
-51
-21
-70
21
-70
33
-78
18
-117
-4
-175
2
-216
49
-202
122
-128
177
-15
176
85
113
132
18
123
-58
83
-83
56
-56
65
-4
108
34
156
40
177
18
164
-6
119
-9
70
14
34
61
26
112
44
153
84
171
134
155
178
103
197
21
172
-72
103
-146
6
-172
-88
-141
-144
-69
-151
12
-122
70
-88
95
-68
101
-62
107
-54
120
-30
132
11
119
42
70
40
-1
-3
-58
-65
-69
-105
-29
-88
29
-20
62
63
40
114
-29
105
-105
53
-148
-7
-143
-42
-107
-47
-78
-46
-74
-66
-91
-112
-98
-161
-71
-177
-18
-145
33
-76
42
-8
1
18
-65
4
-116
-22
-114
-20
-72
26
-25
98
-11
151
-35
148
-76
92
-83
18
-30
-28
73
-16
181
35
249
91
255
113
214
91
162
41
124
-8
111
-33
103
-35
84
-30
48
-34
1
-40
-40
-42
-68
-35
-92
-19
-115
-8
-146
-12
-169
-28
-175
-48
-161
-59
-132
-65
-103
-76
-79
-100
-54
-138
-16
-165
40
-173
103
-154
146
-130
155
-126
134
-153
112
-198
115
-221
153
-201
199
-134
217
-53
179
-7
95
-17
10
-66
-37
-118
-24
-127
25
-86
67
-23
71
21
30
18
-27
-26
-65
-86
-69
-134
-47
-161
-21
-182
-8
-212
3
-241
32
-246
85
-198
144
-94
174
35
138
146
40
199
-88
195
-202
160
-268
124
-289
101
-288
81
-280
41
-260
-12
-207
-53
-108
-47
17
18
118
112
150
174
105
156
28
60
-11
-52
39
-98
163
-32
291
127
337
292
253
370
67
315
-129
155
-247
-32
-238
-156
-127
-182
14
-127
115
-46
141
12
110
22
56
-1
15
-33
-1
-62
2
-75
21
-77
56
-57
109
1
173
103
225
231
232
344
185
401
98
384
11
303
-28
199
-6
116
71
73
168
71
249
93
296
125
308
162
288
202
233
240
141
255
18
232
-119
166
-232
78
-292
3
-289
-32
-247
-24
-194
3
-155
18
-126
13
-93
-1
-31
0
49
33
119
86
151
127
129
128
70
82
11
12
-15
-45
-3
-58
30
-28
54
30
53
91
31
140
4
187
-19
234
-40
270
-66
283
-101
256
-129
194
-125
127
-76
88
1
93
71
122
92
138
54
106
-13
22
-63
-76
-62
-139
-11
-135
52
-81
79
-18
56
8
-3
-15
-50
-62
-46
-90
7
-70
80
-11
129
57
132
98
98
105
62
96
42
98
35
121
20
148
-25
147
-93
106
-148
40
-161
-14
-113
-18
-34
30
37
100
62
150
41
150
1
105
-19
48
-4
11
33
1
60
1
54
-11
22
-47
-14
-87
-29
-105
-19
-85
-7
-31
-17
23
-59
53
-112
53
-146
45
-135
59
-91
105
-44
165
-24
204
-39
197
-66
150
-71
93
-40
62
18
74
62
107
66
129
28
117
-24
83
-50
60
-35
86
5
161
28
255
5
318
-61
318
-134
257
-165
177
-129
119
-41
105
57
115
119
108
138
57
134
-33
146
-123
195
-170
266
-156
315
-100
303
-49
217
-43
92
-88
-20
-155
-77
-192
-74
-168
-46
-88
-36
4
-74
63
-144
62
-208
17
-221
-32
-169
-40
-71
2
24
72
76
129
76
137
51
100
34
48
54
18
101
25
144
60
149
82
110
63
51
3
13
-67
25
-102
82
-76
147
-4
175
80
141
124
60
114
-25
65
-74
21
-76
14
-53
48
-47
91
-83
107
-152
71
-216
3
-236
-59
-197
-74
-115
-35
-35
41
11
110
12
146
-11
146
-25
127
-16
113
11
108
33
100
40
71
37
17
47
-41
82
-73
140
-64
194
-21
213
23
183
37
120
12
59
-35
32
-72
44
-74
76
-43
100
1
97
29
70
29
42
12
30
-4
33
-10
36
-16
24
-40
-6
-96
-31
-170
-25
-229
27
-237
103
-185
168
-90
183
7
141
65
65
73
-7
49
-35
33
-12
49
40
104
89
171
106
222
89
238
57
218
28
180
18
145
19
122
14
104
-11
78
-57
33
-111
-28
-155
-87
-172
-129
-163
-139
-141
-123
-123
-91
-115
-63
-118
-47
-122
-48
-114
-57
-92
-69
-57
-78
-20
-93
16
-114
46
-139
81
-156
124
-148
170
-102
202
-25
196
62
141
127
43
151
-69
130
-162
86
-209
45
-203
25
-160
32
-105
47
-55
54
-13
45
35
27
93
20
152
31
197
54
202
68
162
55
83
7
-5
-69
-79
-146
-122
-202
-133
-224
-124
-211
-105
-168
-84
-105
-66
-28
-52
50
-45
122
-47
170
-54
197
-52
204
-39
199
-16
194
9
185
24
163
25
121
20
65
24
12
46
-17
78
-15
100
4
93
13
55
-5
10
-48
-13
-90
6
-95
58
-48
106
35
112
115
64
156
-25
141
-114
93
-165
42
-172
19
-151
26
-128
43
-121
52
-123
48
-115
45
-86
56
-46
90
-18
121
-27
118
-66
62
-105
-33
-110
-129
-64
-186
23
-178
108
-120
153
-41
143
23
81
55
-1
58
-73
47
-121
35
-142
30
-139
31
-113
42
-71
71
-16
115
33
161
57
189
53
179
34
128
23
60
44
7
93
-2
150
33
180
88
160
132
91
139
4
112
-69
69
-107
31
-112
7
-87
-4
-52
-10
-4
-10
58
5
129
45
190
103
213
154
185
167
104
119
10
25
-64
-81
-90
-156
-74
-177
-48
-150
-43
-111
-77
-92
-129
-107
-163
-134
-146
-144
-75
-102
28
-8
117
107
156
198
139
229
86
192
44
117
42
46
84
16
145
33
180
72
161
93
86
66
-13
-12
-90
-105
-110
-171
-67
-177
4
-127
60
-51
69
0
36
-2
-9
-51
-23
-108
16
-137
90
-116
161
-66
190
-22
162
-16
100
-54
42
-114
21
-153
35
-148
66
-99
80
-32
56
26
-4
56
-74
55
-134
37
-170
16
-182
-2
-170
-8
-143
3
-108
31
-78
76
-66
112
-86
121
-129
88
-164
24
-163
-32
-108
-41
-16
16
60
107
78
181
18
184
-86
98
-174
-35
-191
-150
-127
-195
-27
-162
47
-95
47
-54
-23
-73
-117
-141
-180
-217
-187
-252
-148
-236
-106
-188
-93
-151
-109
-145
-124
-165
-103
-174
-37
-146
57
-74
137
18
175
94
165
126
125
110
83
63
64
3
70
-47
100
-78
141
-83
184
-60
214
-11
218
44
181
83
110
83
19
46
-57
-14
-102
-69
-111
-107
-101
-130
-89
-155
-75
-185
-42
-203
23
-180
119
-91
209
56
246
207
197
301
78
301
-54
223
-134
122
-129
59
-54
60
34
103
83
135
81
127
55
80
49
35
78
28
120
61
132
95
85
86
-6
13
-83
-88
-99
-161
-45
-159
42
-88
94
1
83
47
23
25
-28
-34
-18
-74
62
-48
169
40
237
137
231
185
165
154
93
75
67
2
105
-15
175
28
223
97
214
150
153
163
74
146
4
118
-44
93
-82
65
-122
14
-161
-66
-173
-153
-134
-211
-45
-209
64
-150
144
-71
165
-15
139
-7
97
-35
76
-63
96
-65
139
-30
173
15
178
47
158
52
134
45
124
44
127
57
127
72
102
64
54
20
11
-45
-1
-97
26
-106
76
-66
107
-4
95
42
42
50
-21
29
-56
14
-53
36
-28
91
-31
141
-83
137
-170
57
-243
-75
-244
-197
-155
-242
-6
-187
133
-64
191
54
146
105
32
71
-78
-13
-126
-78
-95
-72
-25
8
17
117
-14
182
-112
162
-220
69
-275
-40
-237
-103
-122
-83
9
-2
97
93
111
143
69
135
19
88
1
50
27
48
69
83
93
126
83
149
47
148
15
140
11
150
21
185
20
222
-18
221
-89
160
-156
51
-173
-57
-116
-106
-7
-76
93
13
129
102
81
130
-28
82
-137
-16
-192
-110
-174
-157
-110
-144
-43
-91
-9
-37
-16
-11
-47
-16
-80
-44
-95
-78
-90
-112
-69
-135
-37
-140
-3
-119
23
-80
20
-38
-21
-26
-100
-60
-185
-142
-232
-232
-207
-277
-118
-242
-1
-132
81
8
92
116
29
153
-61
119
-125
58
-135
11
-95
0
-45
17
-18
29
-25
16
-49
-23
-65
-62
-54
-82
-24
-74
8
-46
30
-8
37
30
39
72
36
118
24
154
-6
163
-46
134
-76
81
-69
39
-11
47
73
117
133
217
122
289
31
284
-100
192
-203
58
-222
-46
-149
-71
-32
-8
64
94
91
173
48
187
-27
139
-83
62
-95
-11
-71
-66
-42
-116
-19
-177
-4
-244
27
-297
86
-298
158
-236
210
-127
199
-16
117
50
-13
57
-141
22
-222
-10
-242
-6
-216
42
-186
107
-181
153
-205
153
-238
107
-244
41
-206
-13
-136
-34
-60
-30
-13
-27
-6
-52
-32
-110
-57
-186
-50
-236
-2
-233
64
-165
111
-66
103
18
46
53
-26
38
-66
13
-36
29
47
108
135
231
165
333
116
350
17
264
-66
119
-64
-8
35
-45
177
13
282
115
291
182
202
161
78
66
-5
-40
-1
-87
66
-48
134
43
141
124
75
141
-23
93
-98
24
-114
-18
-80
-16
-44
10
-43
18
-80
-13
-120
-70
-128
-107
-95
-92
-51
-30
-42
36
-93
57
-179
19
-251
-49
-261
-92
-204
-69
-118
15
-62
110
-66
161
-124
143
-185
71
-202
-9
-155
-54
-67
-54
19
-29
75
-8
95
-8
103
-22
117
-24
143
-1
161
45
148
88
93
105
3
77
-99
13
-185
-78
-233
-165
-238
-229
-202
-254
-144
-229
-82
-163
-46
-78
-52
-8
-104
18
-176
-6
-234
-64
-241
-114
-191
-129
-101
-98
-6
-35
63
29
96
69
109
90
113
95
119
98
121
95
102
74
64
18
23
-62
-3
-139
1
-193
22
-214
39
-218
31
-228
4
-259
-18
-292
-8
-298
39
-251
100
-157
132
-48
108
30
38
49
-43
18
-91
-28
-85
-48
-38
-28
14
20
42
60
34
67
7
43
-4
11
23
-1
85
34
159
117
212
228
216
332
155
390
36
368
-103
260
-223
86
-269
-98
-213
-226
-64
-250
121
-160
266
-8
309
125
233
177
85
122
-62
-1
-135
-116
-110
-165
-20
-127
79
-25
127
85
114
164
52
191
-23
174
-79
129
-105
74
-99
18
-64
-25
-6
-37
64
-16
120
28
133
63
90
55
11
-6
-65
-96
-98
-168
-78
-182
-37
-139
-23
-80
-62
-57
-143
-88
-214
-150
-224
-185
-165
-154
-80
-64
-27
30
-38
67
-95
28
-131
-52
-92
-100
24
-64
164
43
250
159
240
209
160
165
74
64
52
-24
111
-40
206
17
268
97
256
144
182
128
99
72
54
24
56
11
73
25
73
33
45
6
12
-43
11
-82
51
-80
110
-33
144
20
127
37
72
4
22
-49
12
-79
44
-58
78
-1
68
45
2
42
-86
-9
-148
-69
-150
-88
-105
-47
-63
24
-64
69
-113
57
-165
-1
-169
-54
-107
-54
-10
2
66
73
76
95
30
44
-19
-57
-14
-139
60
-153
162
-87
231
13
217
83
123
88
-3
30
-103
-45
-138
-91
-121
-87
-79
-45
-45
14
-25
77
-20
136
-24
190
-39
221
-71
210
-115
151
-136
58
-107
-18
-21
-37
93
13
177
95
187
153
112
139
-5
54
-100
-58
-132
-142
-96
-157
-39
-117
-2
-56
-8
-12
-44
6
-76
16
-83
38
-70
78
-59
122
-64
147
-83
146
-93
136
-80
139
-51
163
-30
191
-35
196
-69
161
-103
96
-106
41
-70
24
-17
37
13
53
-1
29
-40
-44
-65
-138
-32
-194
60
-176
164
-89
224
18
198
78
105
66
0
0
-58
-64
-39
-67
28
4
83
115
82
209
16
240
-80
202
-148
131
-152
72
-91
62
5
101
91
163
138
216
135
235
101
206
62
148
42
83
52
39
91
39
133
82
151
149
118
206
28
214
-98
161
-216
62
-282
-42
-280
-112
-221
-132
-139
-115
-66
-90
-13
-71
33
-55
90
-16
151
54
190
134
168
180
76
145
-50
23
-148
-140
-156
-267
-72
-294
57
-217
148
-86
144
15
43
33
-95
-29
-197
-115
-213
-158
-156
-127
-81
-40
-46
48
-69
93
-127
87
-170
62
-175
55
-148
77
-126
108
-134
111
-170
69
-201
0
-187
-47
-126
-40
-46
16
2
85
-11
107
-71
68
-124
-8
-119
-58
-43
-29
57
77
114
208
75
280
-54
244
-209
109
-303
-57
-284
-164
-163
-164
-11
-70
88
54
89
126
7
108
-96
17
-151
-88
-124
-147
-34
-136
59
-78
106
-26
91
-23
39
-76
4
-158
19
-219
92
-222
186
-166
262
-82
285
-5
254
36
186
34
117
4
66
-36
43
-71
42
-94
55
-103
77
-92
105
-62
124
-14
127
34
98
65
45
58
-15
21
-54
-22
-51
-41
-21
-22
17
28
24
72
-11
77
-74
33
-124
-41
-125
-99
-69
-103
16
-46
86
41
100
112
54
132
-22
96
-86
35
-107
-13
-88
-29
-53
-19
-33
-7
-34
-12
-44
-30
-39
-36
-6
-9
37
58
54
136
24
182
-52
168
-139
98
-184
18
-163
-23
-80
6
17
86
81
180
83
237
38
236
-13
197
-33
153
-8
140
39
158
64
178
49
163
-4
95
-55
-11
-71
-110
-30
-158
47
-143
115
-76
136
-3
98
41
13
46
-71
23
-129
0
-148
1
-139
26
-123
63
-116
91
-112
103
-105
100
-81
88
-43
77
-1
57
37
22
71
-31
113
-91
169
-133
240
-144
307
-119
346
-77
339
-42
289
-31
215
-45
143
-64
93
-74
60
-68
31
-58
-4
-64
-36
-90
-54
-128
-35
-151
19
-139
84
-92
120
-42
101
-37
30
-101
-50
-224
-92
-359
-59
-438
44
-421
162
-310
230
-163
209
-47
101
-8
-35
-47
-133
-113
-143
-144
-71
-100
35
15
109
149
109
238
36
241
-63
161
-134
38
-143
-71
-86
-134
2
-146
78
-127
122
-100
134
-77
127
-51
116
-16
103
31
80
75
41
99
-4
98
-33
83
-28
80
9
103
58
153
84
196
69
199
17
144
-38
42
-56
-62
-15
-124
67
-119
152
-58
194
19
170
72
96
77
3
40
-71
-13
-100
-59
-84
-74
-39
-57
14
-12
59
50
83
115
79
165
45
189
-11
174
-71
129
-115
75
-125
36
-112
29
-95
42
-95
52
-124
35
-163
-12
-182
-66
-158
-93
-94
-74
-23
-22
20
30
17
44
-19
6
-49
-59
-38
-112
10
-124
71
-104
106
-80
99
-83
66
-120
45
-158
63
-156
110
-91
148
14
127
104
32
124
-107
60
-228
-56
-272
-160
-230
-202
-135
-177
-45
-115
-3
-64
-11
-52
-39
-80
-49
-114
-24
-121
21
-96
59
-54
63
-21
33
-15
-12
-31
-53
-54
-79
-69
-95
-73
-112
-71
-136
-72
-165
-74
-194
-79
-221
-91
-246
-117
-264
-162
-257
-216
-211
-259
-110
-252
30
-180
173
-49
266
89
282
185
224
199
129
137
55
35
35
-54
69
-93
126
-78
162
-33
151
9
90
27
1
16
-88
-11
-154
-37
-190
-48
-199
-38
-182
-5
-155
48
-130
106
-118
152
-124
167
-144
139
-153
81
-136
17
-85
-30
-13
-51
56
-53
100
-52
117
-65
119
-80
124
-82
139
-54
148
-3
131
47
76
63
-4
32
-76
-33
-110
-104
-95
-153
-45
-177
11
-190
62
-202
107
-208
164
-185
231
-109
288
18
289
156
202
242
37
232
-146
136
-271
16
-288
-45
-207
-8
-94
112
-30
240
-59
289
-156
230
-244
93
-246
-35
-141
-77
28
-11
168
114
205
215
125
223
-21
134
-145
1
-186
-94
-136
-100
-50
-25
6
77
-8
145
-79
139
-149
79
-166
13
-107
-8
2
31
107
102
160
153
143
146
83
72
28
-37
8
-137
33
-197
75
-209
100
-199
88
-195
44
-210
-6
-237
-35
-256
-28
-242
1
-193
34
-119
45
-46
30
7
-7
29
-45
25
-79
2
-98
-28
-98
-57
-85
-77
-57
-74
-23
-44
6
8
11
72
-16
123
-76
137
-152
115
-214
68
-244
22
-234
-1
-197
-2
-160
6
-135
2
-124
-19
-114
-54
-86
-86
-35
