117
42
195
27
243
-45
231
-134
165
-197
81
-204
18
-172
-4
-122
12
-92
42
-92
60
-119
56
-161
34
-200
-9
-231
-69
-245
-148
-228
-236
-170
-301
-57
-314
95
-255
235
-128
328
17
332
125
256
155
146
112
43
33
-7
-38
-5
-67
23
-62
42
-42
38
-28
26
-21
27
-5
45
42
69
113
71
176
37
195
-22
156
-66
84
-54
30
26
37
139
113
226
225
237
311
170
331
58
278
-42
192
-96
115
-106
66
-101
33
-112
-17
-136
-97
-139
-190
-92
-247
17
-229
148
-131
238
-6
240
74
154
63
37
-32
-42
-156
-34
-235
49
-231
151
-153
206
-57
187
4
109
11
21
-19
-33
-38
-42
-25
-32
23
-35
70
-69
93
-122
81
-163
52
-176
32
-161
28
-144
32
-136
25
-141
4
-140
-19
-120
-12
-86
31
-71
97
-103
143
-190
130
-303
56
-390
-49
-409
-133
-357
-162
-263
-134
-173
-78
-115
-30
-81
-1
-52
21
-11
53
32
95
49
121
26
93
-25
7
-58
-108
-33
-187
54
-184
159
-93
207
25
148
93
-11
53
-205
-87
-339
-255
-361
-367
-269
-368
-132
-267
-28
-123
-3
-2
-52
57
-129
56
-190
26
-211
-7
-194
-30
-165
-53
-132
-80
-95
-108
-50
-127
2
-131
49
-122
78
-117
88
-123
89
-135
96
-136
112
-112
122
-71
104
-40
47
-43
-26
-86
-87
-146
-105
-186
-80
-182
-42
-138
-22
-86
-40
-57
-83
-60
-116
-73
-114
-65
-82
-18
-49
51
-49
101
-89
101
-145
50
-175
-21
-153
-71
-87
-78
-8
-54
45
-28
58
-23
49
-42
42
-60
52
-55
71
-25
73
16
45
39
-2
37
-43
26
-58
28
-44
58
-22
99
-17
126
-34
115
-50
74
-38
35
9
26
70
49
102
74
77
56
1
-29
-79
-156
-115
-269
-86
-320
-16
-286
40
-205
42
-126
-16
-86
-94
-83
-150
-82
-156
-52
-130
11
-109
73
-122
90
-161
47
-184
-37
-154
-111
-66
-136
45
-109
126
-66
139
-53
93
-98
32
-180
4
-250
34
-260
97
-195
150
-83
150
28
87
96
-12
110
-105
80
-156
36
-154
6
-112
-3
-54
4
2
15
43
19
68
11
80
-11
84
-44
90
-76
104
-92
124
-82
141
-47
136
1
102
35
41
42
-27
21
-78
-8
-90
-22
-70
-9
-38
21
-18
51
-13
59
-20
47
-14
32
13
37
55
69
86
113
90
148
58
153
13
132
-23
102
-34
82
-27
78
-21
81
-31
62
-53
13
-61
-47
-33
-85
38
-71
123
-1
185
100
181
183
110
209
0
169
-103
85
-153
6
-141
-32
-83
-16
-15
42
23
106
21
146
-21
141
-76
91
-115
16
-119
-60
-84
-111
-22
-126
44
-106
89
-67
97
-33
69
-18
19
-28
-30
-46
-57
-56
-55
-38
-38
6
-23
62
-24
112
-42
140
-67
145
-81
136
-80
128
-70
122
-57
110
-59
84
-72
38
-84
-21
-82
-71
-61
-96
-19
-83
20
-33
39
30
27
86
-14
120
-67
122
-108
104
-120
82
-95
71
-42
78
25
101
85
130
122
144
138
134
139
102
139
62
146
33
159
22
163
24
139
23
84
-1
12
-57
-52
-132
-82
-198
-60
-230
-1
-211
74
-156
131
-81
156
-15
147
21
118
23
86
-1
63
-40
55
-86
62
-127
78
-157
103
-166
123
-156
129
-137
107
-128
59
-141
3
-179
-38
-218
-42
-231
-13
-193
27
-116
37
-29
-4
25
-86
19
-175
-37
-222
-104
-208
-138
-141
-116
-61
-50
-9
18
-7
57
-34
53
-60
23
-55
4
-17
11
30
41
59
68
62
73
52
59
54
49
81
72
120
133
143
211
117
266
45
268
-44
220
-102
160
-99
131
-44
158
20
226
48
288
21
297
-50
231
-112
114
-120
-3
-54
-71
62
-63
179
7
243
96
226
156
138
157
10
95
-108
-1
-178
-92
-190
-143
-151
-138
-95
-86
-54
-13
-47
48
-66
74
-93
69
-98
53
-68
51
-14
69
35
88
56
77
45
17
37
-80
68
-165
161
-184
291
-113
400
23
426
151
343
204
187
157
33
45
-48
-59
-33
-91
40
-42
98
40
88
84
16
54
-62
-35
-81
-112
-18
-117
91
-39
173
75
166
148
72
130
-48
28
-119
-93
-95
-153
7
-115
119
-8
170
106
129
158
21
126
-88
35
-147
-68
-136
-133
-73
-146
3
-115
59
-62
79
-4
57
33
-3
35
-83
-8
-163
-93
-210
-191
-194
-257
-115
-250
-4
-166
83
-44
95
51
33
71
-63
18
-120
-56
-101
-83
-19
-32
66
69
86
152
18
154
-95
63
-182
-73
-182
-179
-94
-205
29
-158
124
-86
155
-40
134
-35
110
-42
112
-25
133
28
133
91
81
110
-19
59
-121
-45
-163
-143
-129
-189
-40
-168
50
-108
102
-57
117
-30
127
-13
163
33
215
119
243
216
202
262
92
208
-36
70
-105
-86
-66
-169
59
-136
189
-13
241
119
180
183
41
155
-95
76
-163
12
-150
8
-98
61
-60
124
-59
159
-78
160
-80
155
-42
175
13
216
49
250
42
234
8
164
-6
77
30
30
103
47
160
98
140
116
37
42
-96
-117
-172
-289
-134
-376
8
-321
166
-152
237
35
170
134
-5
98
-185
-40
-274
-186
-238
-255
-112
-218
16
-115
74
-17
45
22
-37
-6
-115
-66
-150
-119
-141
-139
-107
-132
-77
-104
-53
-68
-30
-15
-5
58
13
144
8
220
-25
257
-80
245
-128
193
-139
132
-106
86
-40
62
27
51
81
37
115
15
141
-8
164
-13
179
-4
171
8
129
-1
58
-42
-15
-103
-62
-157
-63
-175
-33
-146
-1
-85
9
-21
-16
15
-64
11
-102
-19
-111
-49
-86
-63
-43
-57
-5
-48
11
-51
6
-76
-4
-115
-4
-151
13
-168
42
-153
68
-113
74
-65
49
-27
6
-9
-43
-13
-80
-26
-92
-39
-77
-43
-45
-37
-2
-28
45
-14
88
1
133
20
168
42
185
56
175
49
143
12
105
-48
83
-107
91
-140
121
-127
153
-80
156
-27
119
1
57
-11
1
-42
-14
-59
18
-35
74
37
110
123
95
180
25
173
-63
103
-130
3
-143
-81
-98
-119
-26
-105
38
-62
69
-8
62
33
30
57
-13
63
-55
55
-86
34
-100
8
-91
-13
-57
-18
-8
-3
38
18
62
24
65
-3
61
-57
78
-110
127
-131
204
-100
269
-35
293
33
257
69
184
62
106
32
58
8
39
10
32
29
13
40
-29
19
-74
-29
-94
-83
-73
-112
-22
-105
28
-79
51
-62
42
-71
23
-103
18
-129
42
-124
76
-86
95
-37
78
-6
33
-2
-14
-14
-38
-15
-40
9
-42
45
-67
60
-124
28
-185
-47
-211
-130
-179
-177
-98
-162
-14
-103
30
-42
13
-20
-41
-47
-95
-101
-116
-144
-96
-156
-63
-141
-40
-122
-35
-112
-32
-105
-11
-74
26
-6
57
84
47
156
-16
168
-105
113
-165
28
-156
-25
-74
-5
30
86
89
188
57
228
-52
165
-171
22
-229
-136
-185
-231
-63
-226
69
-148
141
-57
124
-18
47
-47
-25
-111
-44
-153
0
-132
71
-47
115
54
97
123
25
126
-54
76
-93
16
-69
-9
-3
13
59
62
78
91
44
65
-18
-20
-65
-129
-58
-215
0
-245
78
-215
132
-155
133
-106
85
-96
20
-112
-23
-127
-25
-112
4
-52
37
37
42
121
11
173
-45
181
-98
160
-129
124
-136
88
-128
47
-115
-1
-101
-57
-73
-105
-25
-124
31
-103
73
-60
74
-26
26
-34
-45
-93
-99
-175
-94
-230
-22
-216
88
-124
179
9
203
132
153
192
51
172
-52
95
-109
0
-106
-73
-53
-110
19
-112
86
-94
138
-63
174
-24
195
25
200
78
184
124
141
151
84
155
25
145
-25
125
-65
105
-98
76
-131
37
-156
-19
-162
-75
-138
-111
-82
-110
-9
-69
54
-6
88
57
92
103
82
134
71
164
72
203
71
253
48
282
-7
271
-83
206
-148
100
-177
-11
-146
-93
-73
-127
14
-120
81
-95
118
-75
129
-64
132
-55
144
-33
156
4
160
40
141
57
107
40
76
-1
76
-38
114
-47
176
-16
232
33
250
67
225
64
177
20
140
-36
136
-74
165
-70
202
-28
211
26
176
57
103
46
21
-4
-36
-69
-48
-118
-12
-134
49
-117
112
-76
163
-28
190
13
196
37
185
38
163
16
146
-21
143
-56
161
-69
190
-46
211
0
198
45
139
58
48
19
-37
-51
-77
-114
-57
-127
7
-74
70
18
86
96
44
117
-30
69
-80
-11
-69
-74
8
-74
108
-17
175
53
175
89
114
58
33
-26
-17
-117
-16
-173
27
-175
71
-139
80
-105
52
-90
6
-98
-28
-110
-34
-104
-19
-78
0
-44
11
-16
18
1
33
20
60
54
91
100
96
136
64
132
-1
69
-67
-36
-95
-143
-69
-209
-6
-216
55
-182
76
-148
47
-144
-9
-175
-49
-207
-49
-209
-8
-158
36
-67
49
27
13
83
-59
85
-128
48
-163
6
-155
-17
-120
-18
-88
-9
-77
-17
-86
-49
-94
-93
-82
-124
-45
-126
1
-98
31
-59
26
-39
-4
-53
-35
-94
-37
-131
7
-131
83
-82
157
2
190
85
159
120
81
88
-6
2
-57
-96
-54
-163
-4
-176
49
-148
73
-116
47
-110
-4
-142
-41
-182
-30
-189
29
-133
103
-26
144
94
132
175
74
196
13
172
-6
148
26
157
85
209
120
264
95
275
18
215
-71
94
-122
-33
-109
-117
-49
-139
8
-119
20
-107
-21
-142
-78
-216
-100
-288
-53
-303
52
-235
167
-95
233
66
219
184
135
233
24
211
-66
155
-106
97
-103
60
-76
38
-47
21
-30
0
-16
-21
-4
-38
8
-47
13
-57
0
-83
-23
-132
-40
-192
-25
-240
32
-242
119
-181
206
-66
256
67
235
173
151
216
35
187
-69
107
-116
20
-93
-33
-11
-29
92
23
170
92
209
146
201
165
172
150
146
112
140
78
147
50
161
33
163
13
154
-12
139
-41
122
-66
109
-83
94
-90
69
-98
35
-115
-1
-136
-26
-152
-35
-148
-27
-121
-21
-74
-22
-22
-40
24
-71
59
-102
86
-127
107
-144
127
-156
137
-164
138
-165
130
-153
120
-127
117
-90
119
-59
121
-40
112
-35
81
-32
40
-18
1
4
-28
31
-43
49
-48
57
-53
55
-52
54
-37
55
3
50
56
24
104
-27
124
-91
108
-137
76
-139
62
-100
86
-47
139
-21
182
-46
170
-102
90
-140
-28
-120
-124
-32
-146
86
-89
165
6
156
69
60
59
-74
-21
-179
-123
-214
-187
-185
-187
-138
-141
-115
-91
-127
-66
-156
-71
-161
-75
-132
-53
-88
-11
-64
21
-79
2
-119
-79
-139
-188
-94
-270
18
-273
158
-195
267
-70
293
37
240
91
142
88
53
59
4
44
-3
56
4
91
-1
117
-19
124
-39
117
-36
114
-10
130
28
168
51
204
44
218
16
202
-15
165
-30
127
-23
105
-5
98
12
98
16
96
16
90
20
91
30
112
45
148
40
187
6
201
-57
168
-132
90
-176
-6
-169
-78
-107
-97
-20
-52
51
28
64
96
9
107
-91
43
-181
-74
-214
-192
-164
-255
-51
-240
72
-162
149
-72
151
-28
98
-53
37
-128
24
-202
76
-223
173
-171
262
-69
296
30
254
86
160
76
61
21
-6
-40
-21
-79
4
-82
42
-53
71
-8
81
42
69
85
38
110
-11
107
-67
67
-111
4
-119
-56
-81
-81
-3
-53
78
14
124
83
119
115
83
100
54
65
66
57
117
102
172
192
174
274
94
287
-45
202
-185
43
-257
-129
-222
-240
-105
-252
39
-181
147
-72
187
21
168
74
127
90
99
96
103
119
126
158
143
202
140
225
107
213
63
156
24
70
9
-21
29
-91
74
-119
121
-107
139
-73
103
-57
13
-88
-101
-164
-189
-253
-211
-297
-162
-256
-83
-129
-35
32
-64
153
-163
188
-280
142
-342
75
-310
49
-206
97
-95
187
-44
250
-71
233
-136
133
-170
5
-126
-74
-13
-64
105
21
158
115
112
151
-6
105
-131
2
-204
-103
-205
-163
-154
-175
-98
-161
-58
-146
-37
-137
-11
-124
28
-89
68
-34
87
18
71
41
30
31
-4
11
-11
4
6
33
23
83
6
116
-54
99
-129
31
-178
-62
-167
-134
-98
-153
-1
-122
87
-64
136
-6
146
38
131
73
100
94
49
98
-21
66
-102
-4
-163
-99
-170
-170
-115
-177
-17
-107
71
13
103
126
64
183
-15
175
-79
130
-92
98
-56
105
-7
139
11
161
-21
132
-81
49
-124
-56
-120
-137
-72
-166
-13
-149
16
-119
-1
-114
-49
-139
-92
-173
-101
-187
-77
-161
-42
-107
-29
-61
-43
-46
-70
-64
-71
-92
-30
-91
47
-42
122
41
156
120
126
151
45
114
-47
21
-102
-88
-98
-169
-39
-200
38
-176
105
-129
135
-78
135
-41
115
-19
93
-5
74
9
57
16
31
4
1
-30
-23
-78
-24
-121
0
-139
38
-131
66
-108
64
-99
35
-119
1
-155
-12
-182
12
-170
59
-105
91
-14
76
61
8
83
-85
49
-154
-8
-168
-42
-129
-28
-78
21
-57
58
-88
43
-143
-34
-172
-134
-134
-200
-31
-192
91
-114
175
-17
177
43
114
38
33
-16
-21
-76
-23
-98
1
-83
15
-52
-8
-45
-57
-71
-95
-102
-93
-100
-51
-39
-10
62
-13
153
-85
184
-195
132
-290
30
-317
-69
-258
-117
-146
-99
-34
-41
37
14
54
35
40
25
22
4
16
-6
14
-2
-7
-3
-57
-27
-125
-78
-181
-140
-203
-177
-185
-169
-146
-112
-119
-34
-128
36
-173
71
-229
65
-270
38
-277
8
-249
-6
-201
-8
-151
-9
-106
-11
-67
-13
-28
-1
6
34
21
83
-8
115
-90
95
-204
9
-313
-129
-354
-264
-302
-330
-164
-285
-1
-133
113
62
125
218
31
275
-112
225
-226
118
-254
28
-192
1
-91
37
-13
90
0
104
-38
55
-78
-32
-66
-103
11
-107
119
-37
206
74
226
169
177
213
91
202
12
163
-33
125
-45
99
-47
76
-50
44
-55
0
-44
-37
-6
-45
45
-14
84
39
87
83
49
98
-8
86
-57
65
-83
57
-93
65
-108
71
-139
51
-181
-2
-204
-71
-182
-120
-117
-124
-32
-85
33
-29
54
10
35
13
1
-9
-19
-34
-17
-38
-6
-28
-9
-22
-33
-39
-66
-83
-76
-130
-44
-144
29
-107
113
-18
166
88
162
170
98
190
0
141
-91
42
-136
-71
-119
-160
-46
-192
57
-161
149
-83
191
2
168
55
89
51
-6
-6
-74
-78
-87
-122
-48
-117
9
-64
49
0
47
45
11
55
-27
45
-49
35
-50
37
-54
38
-78
10
-120
-62
-152
-158
-134
-235
-55
-240
58
-168
142
-50
151
44
72
62
-47
0
-136
-94
-147
-153
-76
-135
23
-50
88
53
86
114
31
112
-28
65
-47
21
-12
12
49
42
94
81
97
98
66
72
28
23
16
-23
33
-40
62
-27
81
-2
68
13
25
-2
-24
-43
-59
-95
-66
-141
-42
-166
9
-163
73
-124
132
-62
170
9
173
69
139
90
79
67
22
11
-9
-54
-1
-98
40
-107
89
-83
121
-49
121
-23
91
-21
47
-40
5
-74
-24
-115
-33
-151
-23
-171
1
-173
36
-149
64
-110
77
-68
66
-39
40
-28
16
-25
4
-16
8
15
12
55
-2
84
-43
82
-95
45
-128
-6
-127
-40
-95
-45
-57
-30
-42
-23
-58
-45
-81
-90
-82
-119
-46
-100
1
-29
13
55
-44
94
-163
49
-284
-62
-342
-174
-296
-218
-173
-167
-39
-54
42
56
49
109
19
103
9
79
52
92
120
151
162
213
127
216
26
127
-82
-34
-127
-187
-75
-260
38
-227
139
-129
166
-35
109
4
18
-6
-47
-16
-54
18
-27
99
-20
182
-73
206
-168
144
-250
23
-257
-87
-175
-125
-48
-79
52
1
66
47
-5
15
-107
-86
-173
-194
-162
-250
-85
-220
4
-117
49
3
27
90
-49
117
-136
93
-188
49
-190
18
-148
9
-91
22
-47
33
-30
19
-35
-28
-42
-98
-30
-166
16
-195
83
-170
140
-105
148
-40
92
-27
-9
-84
-99
-192
-120
-286
-47
-305
95
-221
235
-66
296
88
255
168
136
155
7
75
-72
-8
-86
-45
-65
-33
-63
-5
-109
-5
-186
-48
-253
-110
-268
-148
-225
-136
-152
-75
-86
2
-47
62
-30
94
-4
111
40
134
96
163
143
183
164
177
165
144
168
105
183
91
201
104
189
124
124
106
17
30
-91
-86
-141
-189
-117
-226
-37
-186
37
-102
57
-37
16
-37
-47
-97
-74
-173
-38
-214
49
-193
140
-132
183
-71
163
-48
106
-65
51
-98
20
-116
16
-109
18
-86
14
-54
8
-14
9
38
16
107
11
180
-20
216
-80
194
-137
122
-151
49
-96
28
6
76
93
168
108
233
39
217
-69
117
-140
-4
-120
-70
-20
-37
95
74
148
187
110
231
9
187
-77
98
-93
33
-33
33
43
87
75
132
36
120
-42
44
-104
-52
-103
-105
-49
-85
7
-14
6
47
-66
52
-173
-9
-252
-95
-267
-158
-210
-161
-127
-116
-59
-57
-29
-13
-24
6
-23
16
-13
30
-1
50
-4
54
-26
31
-54
-16
-58
-58
-31
-71
20
-45
62
-1
68
26
40
12
0
-36
-12
-88
13
-116
69
-103
122
-68
146
-32
131
-16
91
-21
45
-35
1
-53
-37
-75
-74
-104
-105
-141
-112
-170
-82
-165
-23
-117
40
-37
76
40
69
77
33
64
2
16
6
-34
50
-54
113
-43
161
-20
173
-6
152
-9
118
-21
88
-22
59
-5
23
16
-34
23
-105
3
-167
-34
-192
-62
-177
-57
-138
-24
-103
15
-95
32
-107
12
-115
-25
-94
-52
-42
-42
21
9
57
74
37
119
-28
122
-114
84
-182
32
-214
-6
-208
-17
-181
-6
-156
13
-138
24
-125
23
-108
12
-80
1
-40
-4
1
-1
36
11
54
20
49
20
18
-3
-33
-55
-79
-129
-97
-194
-67
-221
8
-180
100
-73
166
67
179
193
127
267
42
274
-39
238
-80
190
-76
152
-44
129
-7
110
18
85
42
60
72
58
112
94
136
161
120
227
45
252
-71
216
-188
134
-255
50
-250
6
-185
22
-107
80
-50
141
-34
168
-37
160
-31
138
6
132
63
153
106
180
107
175
65
116
7
7
-18
-110
12
-187
88
-195
171
-146
210
-84
185
-51
106
-69
21
-124
-30
-174
-33
-187
-4
-153
21
-98
10
-59
-36
-58
-91
-93
-120
-134
-107
-154
-63
-136
-16
-95
0
-70
-23
-78
-64
-127
-88
-187
-75
-221
-26
-207
27
-151
45
-87
16
-49
-50
-50
-118
-73
-153
-84
-146
-54
-122
9
-117
75
-149
99
-210
64
-254
-12
-239
-76
-153
-80
-23
-12
91
101
132
193
81
210
-28
137
-130
5
-168
-122
-120
-183
-11
-153
103
-49
167
76
155
171
80
204
-16
179
-86
123
-101
77
-59
66
18
100
89
162
124
215
105
229
44
184
-31
87
-78
-31
-78
-125
-24
-170
55
-153
124
-99
155
-38
141
2
103
18
65
21
43
27
38
38
33
46
18
30
1
-6
0
-45
28
-57
77
-24
122
41
119
103
62
123
-38
87
-131
14
-175
-49
-153
-64
-88
-21
-25
49
4
102
-3
111
-19
82
-9
47
41
37
115
60
174
102
187
124
151
112
88
66
27
13
-13
-21
-39
-33
-62
-32
-90
-26
-112
-18
-113
11
-88
72
-51
159
-28
243
-43
281
-92
245
-136
148
-136
31
-65
-48
59
-59
188
-9
267
65
262
117
177
117
48
64
-82
-21
-180
-111
-230
-178
-228
-211
-190
-197
-126
-142
-59
-56
-7
34
13
99
4
118
-15
94
-18
48
9
18
58
13
98
26
99
28
54
-6
-11
-70
-59
-130
-64
-146
-37
-104
-15
-27
-31
37
-95
42
-174
-13
-210
-89
-173
-132
-66
-110
54
-38
129
31
127
41
63
-30
-11
-156
-35
-283
8
-354
98
-347
192
-274
247
-174
243
-77
194
-6
121
35
46
49
-11
42
-42
25
-39
13
-4
26
45
62
76
103
62
107
-2
45
-86
-80
-137
-223
-113
-315
-11
-305
116
-190
199
-23
186
119
79
184
-67
168
-185
115
-231
74
-206
69
-151
81
-107
78
-80
37
-45
-24
21
-69
126
-66
231
-18
290
32
281
47
220
9
152
-43
122
-66
124
-31
120
40
63
86
-58
51
-205
-71
-296
-231
-274
-340
-138
-340
49
-227
200
-65
247
64
187
103
75
53
-21
-37
-57
-112
-37
-139
6
-128
30
-110
19
-107
-11
-131
-30
-161
-21
-175
18
-163
67
-127
109
-76
134
-27
136
13
117
36
78
28
25
-15
-25
-87
-50
-163
-36
-214
16
-215
78
-171
113
-117
105
-86
57
-101
7
-151
-2
-198
44
-202
129
-150
216
-57
260
37
249
102
192
118
122
98
61
61
20
21
-7
-22
-25
-67
-33
-109
-21
-134
13
-124
59
-81
90
-24
87
16
52
12
11
-31
1
-86
48
-110
146
-77
259
13
339
119
363
201
321
230
248
199
180
138
142
72
135
22
148
-11
162
-32
164
-55
161
-78
159
-88
163
-75
165
-37
150
11
104
46
20
52
-81
17
-177
-46
-238
-113
-251
-153
-225
-153
-184
-122
-153
-78
-150
-53
-170
-60
-187
-95
-179
-129
-130
-141
-50
-114
29
-62
82
-8
99
24
94
32
91
33
105
54
129
106
141
172
114
218
45
215
-43
162
-105
90
-113
43
-66
52
2
