-414
-54
317
-57
-386
21
-383
45
-371
69
-368
91
318
-137
-356
132
312
-171
301
-188
-315
192
276
-223
262
-239
-276
244
235
-268
-246
275
204
-291
187
-306
168
-315
148
-326
-153
332
-134
340
93
-346
71
-352
52
-356
29
-359
-28
363
-8
363
-32
-358
-52
-357
-74
-354
-93
-349
-112
-346
118
337
140
330
158
323
-187
-313
195
301
-222
-290
228
277
244
261
260
245
274
230
287
215
-306
-198
-318
-181
319
161
330
139
337
121
-351
-104
349
79
351
59
355
38
-365
-20
358
-2
358
-24
-363
45
-360
64
-355
83
341
-106
-344
124
-336
144
-325
164
-4
0
-1
0
-2
-2
-1
0
-1
-1
-1
-3
-2
-1
-1
-2
-3
-1
-98
-350
-342
114
-336
136
325
-157
-175
-317
303
-193
207
291
-228
-284
240
266
252
-260
-239
269
-288
-224
296
203
-187
309
167
-322
326
147
334
127
-112
342
-92
348
-72
351
-358
-49
26
-363
-7
361
-363
16
33
358
-358
55
-78
-354
95
346
-343
117
332
-138
-328
156
315
-177
-306
193
291
-211
-282
228
242
266
257
252
-274
-237
-287
-221
-206
296
-310
-185
317
168
-153
330
-132
336
-345
-110
87
-352
-357
-69
46
-358
0
0
0
0
-1
0
-1
0
-1
0
-1
-1
-2
-1
-1
1
-1
-2
-2
-1
-1
0
-1
-1
-1
-1
-1
-2
0
-1
-1
-2
-1
-1
-2
1
-2
-1
-1
-3
-1
0
-2
-1
0
0
-1
-1
0
0
-3
-1
-1
-1
-1
-2
-1
-1
-1
-1
-1
0
-3
-1
-2
-1
-1
-2
-1
-1
-1
0
-1
0
-3
-1
-1
1
-2
-2
-1
0
-2
-1
-1
-1
-1
-2
-1
0
-4
0
0
0
-1
0
-1
-1
-3
-1
-1
-2
1
0
-1
0
-1
-1
-3
0
-2
-1
0
-1
-1
-1
0
0
0
-1
-1
-1
-1
0
-1
-1
-2
1
0
-2
0
-1
-1
-1
0
0
0
-1
-1
0
-2
-2
-2
0
0
0
-3
0
-2
-1
-1
-1
-3
-2
0
-2
-2
1
0
0
-1
-2
-2
-1
-1
-1
-1
0
0
-1
-2
-1
-2
-1
-4
-1
-2
-3
-1
-1
-2
-1
0
0
-3
0
-1
0
-1
-1
-1
-1
-4
-1
-4
1
-3
1
-2
-1
-4
-1
-1
1
-1
0
-1
-1
-2
1
-2
0
-2
-1
-2
0
-2
0
-1
0
-2
1
-2
2
-2
-1
-1
-1
-3
0
-3
-1
-1
1
-1
-1
-2
1
-2
1
0
0
-1
0
0
0
-3
-1
-1
-1
1
1
-1
-1
0
0
-1
0
-4
0
-1
1
-1
-1
0
-1
-2
-1
-1
-1
-1
1
-1
0
0
0
0
0
0
-1
1
-1
-1
0
0
-1
-1
-2
-2
-1
-2
-1
0
-1
-1
0
-3
-1
0
0
1
-1
1
-2
-1
-2
-1
-1
-1
-1
-1
-1
-1
1
-1
0
0
-1
-1
-1
-3
-1
-1
-1
1
-3
-1
-1
-1
-1
-1
-2
-1
-1
-3
0
-3
-1
-3
-1
-1
-2
-1
-2
-1
-1
-2
-1
-1
-1
-1
-2
-4
-2
-3
-1
-1
-1
-1
-2
-1
-2
-3
0
-2
-1
-2
-2
-1
-1
-2
-1
-3
-1
-2
-1
-1
-1
-2
-1
-1
-1
-1
-1
-1
-1
-2
-2
-4
-1
-1
-1
-4
-2
-2
-1
-2
-1
-3
-1
-2
0
-2
-2
0
-1
-1
-2
-2
-1
-2
-2
-1
0
-1
-2
-1
-2
-2
1
-1
1
-1
-1
-1
-1
-2
1
-1
-1
-1
1
-2
-1
0
-1
-1
1
-2
-2
0
0
-2
1
-1
0
0
0
-2
1
-1
-1
-2
0
-1
0
-1
1
-1
-1
-1
-1
-1
-1
-1
1
-1
0
-1
-1
-1
1
1
0
-2
-3
-1
-1
0
0
-1
0
-1
-1
-1
0
0
0
-1
0
-1
-1
0
-1
0
-1
-1
0
-1
0
0
-1
-1
-1
0
1
-1
0
-1
1
-1
-1
-1
-1
0
1
-1
0
-1
-1
0
0
1
-1
-3
1
-3
0
-1
-1
-1
0
-1
0
-1
1
-1
-1
-1
-1
-2
-1
-2
0
-1
-1
-1
-1
-2
-1
-2
0
-1
-1
-2
-1
-3
-1
-3
-1
-1
-1
-1
0
-1
-3
-2
-1
0
-1
-1
-1
-1
1
-1
-1
-1
0
0
-1
-1
-1
-2
-1
-1
-1
-1
-2
-2
1
-2
-1
-3
0
-1
-2
-1
-1
-1
-1
-1
0
-1
-1
0
1
0
-1
0
-1
-1
-1
0
-1
-1
-1
-2
-1
-1
-2
0
-1
-1
-1
-1
-2
-1
-1
-1
-2
-1
1
-1
-1
1
0
-1
-1
-1
0
-2
-1
-1
-1
-1
-1
-3
-1
-1
0
-1
-1
-1
-2
-1
0
-1
-2
-1
0
0
-1
-2
-1
0
-1
0
1
-2
0
0
-1
-1
0
0
-1
-2
1
-1
0
-3
0
0
0
0
1
-1
-1
0
0
-1
-1
0
1
-2
0
-1
0
-1
-1
-1
0
-1
-1
0
0
-1
0
-1
-1
-1
1
0
-1
-1
-1
-2
0
-1
-1
-1
-3
-1
0
-1
0
-1
-1
-1
-1
0
-1
-1
1
-1
-2
-1
-1
-1
-1
-2
-1
-1
0
0
-1
-2
0
-1
0
-1
-1
-1
-1
-1
-1
-2
-1
-1
0
-1
0
-1
-1
-2
-1
-3
-1
-1
-1
-1
0
-1
-1
-2
1
-1
-1
0
-1
0
-1
-3
0
-2
-1
-1
0
-1
0
-1
0
-1
-1
-1
-2
-1
-1
1
-2
-1
-1
-1
-1
-1
-1
0
0
0
1
-1
1
-2
1
-1
-1
-1
-1
-1
1
-1
0
0
1
-1
-1
-1
0
-1
-1
-1
-1
0
-1
-1
-2
-1
0
-3
-1
-1
-1
-2
1
-3
-1
0
0
-2
-1
-1
0
0
-1
0
-1
-1
0
-3
-1
-1
-1
-2
-1
-1
0
0
-1
-1
-1
-1
0
-2
-2
-2
0
-1
-1
-1
1
-1
-1
-1
0
-1
-1
-1
-1
-2
1
-1
-1
-1
-1
-1
-1
-1
-1
0
-1
-1
0
-2
-1
-2
-1
-1
-1
-2
-1
-1
-1
-2
-2
1
-1
0
-1
-1
0
0
-1
-1
-1
-1
-1
-1
0
-1
-1
-1
1
-1
-1
1
-1
-1
0
-1
0
-1
-1
-1
0
-1
-1
-1
-1
-1
-1
-1
-1
-1
1
0
0
-1
-1
1
0
0
0
0
0
-1
0
-1
-1
-2
-1
-1
-1
0
0
1
0
-1
-1
-1
-1
-1
-1
-2
-1
-1
0
-1
1
0
-1
-2
-1
0
-1
-1
0
-1
0
0
-1
-1
-1
-1
-1
-1
-1
0
0
-1
1
1
0
0
0
-1
-1
0
1
0
-1
0
-1
-1
-1
-1
-1
-2
-1
1
0
-1
-1
0
-1
-2
0
-2
-1
-1
-1
-1
0
0
-1
0
-1
-1
1
0
0
-1
0
-1
1
-1
-1
-1
0
0
0
-1
0
-1
0
-1
0
1
0
-1
1
-2
-1
0
0
-1
-1
0
0
-1
-1
0
-1
-1
-1
-1
-1
0
-1
-1
-1
-1
-2
0
0
-1
-1
-1
0
-1
-1
-1
-1
0
0
-2
1
-1
0
-1
-1
0
0
0
-1
-2
-1
0
-1
-1
-1
-2
1
-1
0
1
1
-1
0
-2
-2
-1
-1
-1
0
-1
0
-1
-1
-1
-3
1
-1
-1
1
-1
-1
-1
0
-1
0
0
0
-1
0
-1
-1
-1
-1
-2
0
-1
1
0
0
0
0
0
0
-1
-1
-1
0
-3
0
0
0
-2
-1
0
-1
-1
-1
0
0
0
0
-1
-1
-1
-1
-1
0
0
1
-1
-1
-1
0
0
0
-1
-1
1
1
-1
-1
-1
1
0
-1
-1
-1
-1
1
-1
1
1
0
-1
1
-1
2
-1
0
0
-1
0
1
1
0
0
-1
-1
0
0
-1
0
-1
1
-2
-1
-1
-1
-1
0
-1
-1
0
-1
-1
-1
1
-1
-1
-1
0
1
0
-1
-1
-1
-1
-2
-1
0
-1
-1
0
-2
-1
-1
0
-2
-1
-1
0
-1
0
1
0
0
-1
-1
-1
0
-1
-1
-1
-1
0
-2
1
0
1
-1
0
-1
1
0
1
-1
-1
-1
0
-1
1
-1
0
0
0
0
-1
-1
0
0
0
0
0
-1
0
-1
-1
-1
-1
0
1
-1
0
0
-1
-3
-1
-2
-1
-1
-1
-1
-1
-2
1
1
-1
-1
-1
0
-1
-1
-1
-1
1
-1
1
-1
1
-1
1
-1
-1
-1
-2
-1
0
0
-1
0
0
0
-1
-1
-1
0
2
-1
-1
-1
-1
-1
0
1
0
-1
-1
-1
-2
1
0
-1
-1
-2
1
-1
0
1
-2
-1
0
-1
0
-1
0
-1
1
0
0
-1
-1
-2
1
0
0
-1
1
0
-1
0
-1
-1
0
0
-1
1
1
0
0
0
-1
-1
1
-1
0
-1
1
1
-1
-1
0
-1
-1
-2
0
-1
-1
0
-1
-1
-1
-1
0
-1
0
-2
-2
-2
-1
-1
0
0
-1
0
-1
-2
-1
-1
0
1
0
-1
0
0
0
0
-1
-1
-1
1
-1
-1
0
-1
-1
-2
-1
0
-1
-1
1
-1
1
-1
0
-1
-1
0
-2
-1
-3
-1
1
0
1
-3
-1
-1
0
-1
-1
0
-1
-1
0
-1
0
-1
0
-1
1
-2
1
0
1
-1
-1
-1
1
0
1
0
0
-1
-1
-1
0
-1
1
-1
1
1
2
0
0
-1
0
0
-1
-1
0
-1
1
0
1
-2
0
-1
2
-1
1
-1
0
-2
-1
-2
0
-1
-1
0
0
-1
0
-1
-1
0
-1
-1
0
1
-1
-1
0
0
-1
1
-1
-1
-2
-1
0
-1
0
-1
1
-1
1
-1
-1
-1
0
-1
-1
-1
-1
0
0
1
1
1
-1
1
-1
0
-2
0
0
0
-1
0
-1
-1
-1
1
-1
0
1
1
0
0
-1
-1
0
0
1
-1
1
0
0
-1
-1
1
-1
-1
-1
-2
0
1
-1
-1
0
-1
-1
-1
-1
-1
-1
-1
-1
-1
-2
-1
-1
-1
0
-2
-1
0
1
-1
1
-1
1
0
-1
-1
-1
1
0
-1
-1
-1
0
1
0
-2
0
-1
1
1
-1
1
0
-1
-1
-1
0
-1
0
-1
0
1
1
1
0
-1
1
0
-1
-1
-1
0
0
1
0
0
-1
-2
-1
0
-1
1
1
-1
-1
-1
0
-1
-1
0
0
-1
0
-1
-1
0
-1
0
0
1
-2
-2
-1
-1
-1
1
-1
-2
-1
0
0
0
0
1
1
-1
1
-1
0
-1
-1
1
2
0
-2
-1
-1
-1
-1
-1
0
-1
1
-2
-1
0
1
1
-1
1
1
-1
1
0
-1
1
-1
1
-1
0
0
-1
1
0
0
0
0
0
-1
0
-1
0
-2
1
1
1
1
-1
0
0
-1
-1
-1
0
0
0
-1
-1
-1
0
0
1
1
1
-2
-1
-1
-1
-1
0
-1
0
-1
-4
-1
0
-1
0
-2
-1
0
-1
0
1
0
-1
1
1
-1
1
-1
0
0
-1
-1
0
0
0
1
-1
-1
-1
-1
0
-1
0
0
-2
-1
0
-1
-2
0
-1
-1
-1
-1
0
-1
1
-1
-1
0
-1
-1
0
-2
1
-1
-1
1
-1
-4
0
0
-1
0
0
0
-1
-1
-1
-1
1
-1
0
0
-1
-1
-1
0
-1
-1
0
-2
1
-1
-1
-1
-1
-1
0
0
1
-1
-1
0
0
1
-1
-2
-1
-1
-1
0
-1
-1
-1
-2
-1
1
1
1
0
-1
0
-1
-1
1
-1
-1
0
-1
1
-1
1
0
1
-1
2
0
0
-1
0
-1
-1
0
-1
1
-1
1
0
0
0
-1
-1
1
1
-1
-1
0
0
0
0
0
1
-1
-1
-1
1
-1
-2
1
-1
1
-1
0
0
-1
0
0
1
0
1
-2
1
-1
0
1
-1
-1
0
-2
-1
0
0
0
1
-1
0
0
0
0
-2
-1
-1
0
-1
-1
1
-1
-1
0
-1
-1
1
0
0
0
-1
0
1
-2
1
0
1
-1
0
-1
-1
0
1
-1
-2
-1
-1
-1
-1
-1
0
1
-1
0
-1
-2
-1
-1
-1
-1
-1
0
0
-1
1
1
0
-1
-1
1
1
-1
-1
1
0
-1
-1
1
0
0
0
1
0
-1
-1
0
-1
1
0
0
1
-2
0
0
-1
0
1
0
-1
-1
0
0
1
-1
1
-1
-1
-1
0
1
0
-1
-1
-1
0
-1
-1
0
-1
-1
-1
-1
0
-1
0
-1
0
1
1
-1
-1
0
-1
-2
1
-1
0
0
-1
1
-1
-1
-1
-1
1
0
0
-1
0
-1
-1
-1
1
-1
0
-1
0
-1
1
1
-2
-2
0
-1
0
-1
-1
-1
-1
0
-1
-1
1
-1
0
-1
1
0
1
1
-1
1
-1
0
0
-1
-1
-1
1
-1
-1
-2
0
0
0
-1
-1
0
-1
0
-1
-1
0
0
-1
0
0
1
0
-1
0
-1
0
-1
0
1
0
-1
-1
-2
0
-1
1
0
-1
-1
0
0
1
-1
-1
0
1
1
-1
0
0
-1
0
0
-1
-1
-1
-1
0
0
-1
1
-1
-1
-1
0
1
-1
1
-1
-1
-1
-1
-1
0
1
-2
-1
-1
-1
0
0
-1
-2
-1
-1
1
-1
1
0
0
-1
-1
-1
0
-1
0
-1
0
0
-2
-1
1
-1
1
-1
0
-1
-1
-1
1
0
0
0
0
-2
0
-1
0
0
0
-1
0
-1
0
0
-1
-1
0
-1
0
-1
0
0
0
0
-2
-1
1
-1
-1
0
1
-1
0
0
1
1
-3
0
0
-1
-1
1
1
-1
-1
-1
-1
-1
3
-3
-1
-1
0
-1
1
-2
-1
-1
-1
-1
-1
0
0
-1
2
-1
1
-1
-1
-2
-1
-2
-1
-2
0
-1
0
0
1
-2
-1
-1
-1
-2
1
-1
0
1
1
0
-1
-1
-1
-1
0
-1
-1
0
-1
-1
1
-1
0
0
-1
1
-1
0
-1
-1
0
-2
-1
0
0
-1
0
-1
-2
-1
0
-3
-1
-1
0
-1
1
-1
-1
-1
1
-1
0
0
-1
-2
1
-2
1
-1
-1
-1
0
-1
1
0
0
-1
0
0
0
-1
0
0
-1
-1
0
0
-1
0
-1
0
-1
0
0
-1
1
-1
0
0
1
-1
0
-1
0
0
1
0
0
1
-1
-1
1
-1
0
0
0
0
0
-1
0
-1
0
0
0
0
0
-2
0
-1
1
1
-1
0
1
-1
-1
-1
-1
-1
-1
-1
-1
-1
0
0
0
-3
1
-1
1
-1
-1
0
0
0
-1
0
0
-1
1
-1
0
0
-1
0
-1
-1
-1
-1
-2
-3
-1
-1
-1
-2
0
-1
-1
-1
-1
-1
-1
1
0
-1
0
-1
-1
-1
-1
-1
-1
-2
1
-3
0
0
-1
0
1
-2
-1
-1
-1
-1
-1
0
0
-1
-1
-1
-2
-1
-1
-1
0
-2
0
-1
0
-1
1
0
0
-1
0
-1
1
-2
0
-1
1
-2
1
-1
0
-1
1
-1
-1
-2
0
-1
-1
-1
0
-1
1
-1
0
0
-1
-1
-1
0
0
0
0
-1
0
-1
0
0
-1
-1
0
-3
-1
-1
0
-1
-1
-1
-1
-1
-1
-1
-1
-1
1
0
0
-1
0
-1
1
0
1
0
0
1
0
-1
0
0
0
-1
-1
-1
0
0
0
-1
-1
-1
-1
0
-1
-1
0
-1
-1
-1
1
1
-1
1
0
1
-1
-1
-1
-1
-1
-2
1
-2
0
-1
0
-1
-1
0
-1
0
-1
-1
0
-1
0
-1
-1
-1
0
-2
1
-1
-1
0
1
-1
1
-1
0
-1
-1
1
-1
-1
-1
-3
-1
-2
1
-2
1
-1
-1
-3
1
-1
-1
-1
-2
-1
-1
0
1
-1
1
-2
0
-1
-1
-2
0
0
0
-1
-1
-4
0
-2
-1
-1
-1
-1
0
-1
1
-1
-1
-1
-1
-1
0
-1
0
-1
1
-1
-1
-1
1
-2
0
-1
-1
0
1
-2
1
-1
1
-1
-1
-1
1
-1
1
-1
0
-2
-1
0
-1
0
-1
-1
-1
0
-1
-1
-1
-1
-1
0
-1
-2
-1
-1
-1
-1
-1
0
0
-1
-1
-1
-1
-1
1
-2
-2
-1
-1
0
-1
-1
0
0
-1
-1
0
-3
-2
-2
-1
-3
-1
0
0
0
1
-1
0
-3
0
-1
-1
-1
-1
-1
0
-3
0
-2
1
0
-1
-1
-1
-2
0
-1
-1
-1
0
-1
-1
-1
1
-1
1
-1
1
-3
0
0
-1
0
-1
-1
0
-2
0
-1
1
-4
-1
-1
0
-2
1
-1
-1
-1
1
-1
0
-1
0
-1
1
0
0
-1
0
-1
1
-1
-1
-1
-1
-3
-1
-1
-1
-2
-1
-1
0
-1
1
-1
-1
0
1
-2
1
-1
-1
-2
-1
-1
1
-2
0
-1
0
-1
-1
-3
0
0
0
-1
0
0
-1
-1
1
-1
-1
-2
0
-1
0
-1
1
0
-1
-2
-1
-2
0
-1
-1
-1
0
-1
0
-2
0
-2
-1
-1
-1
-1
-1
-1
-1
-1
0
0
1
-1
-1
0
0
0
0
-3
-1
-1
0
0
0
0
0
-2
-1
-1
-1
-1
-1
-1
-2
-1
0
-1
-1
-1
-3
-1
-1
-3
1
0
-1
-1
-1
-2
-1
-1
1
0
0
-1
-1
-2
-1
-1
0
-1
-1
-2
0
-1
1
-1
-1
-1
0
-3
-1
-1
1
-1
-1
-1
-1
0
0
-1
-1
-2
-2
-1
-1
-1
-3
-2
-1
-1
-1
-1
-2
-2
-1
-1
0
0
-1
-1
0
-2
0
-1
-1
1
1
0
-1
-2
-1
-2
0
-2
-1
-1
-1
-1
-2
-1
-1
-1
-1
-1
-2
-2
0
-2
0
-1
1
-1
1
-1
0
-1
0
0
1
-1
-2
-2
-1
-1
1
-1
0
-1
1
-1
0
-1
-1
-1
-1
-2
-1
-2
0
-3
1
-2
0
0
0
-1
-1
-1
0
-1
-1
-1
0
-1
0
-1
0
-1
-1
-1
-1
-1
-1
0
-1
-1
0
-2
-1
-3
-1
-2
-1
0
-1
-2
0
-3
1
-1
-1
-1
1
-1
-1
-3
-1
-1
-1
0
0
0
-1
-2
-1
-1
-2
-2
-1
-2
1
-1
-2
-2
0
0
0
0
0
-2
-1
-2
-1
-2
0
0
0
0
0
-1
0
0
0
0
-45
357
22
-362
361
1
18
358
39
356
-60
-358
-81
-353
-348
100
-340
120
-335
140
-161
-325
-180
-315
-303
194
212
287
228
277
262
-247
-249
261
274
232
287
216
-303
-200
310
180
322
163
-147
330
337
124
-344
-105
349
83
-64
354
43
-359
358
22
-3
361
-21
-361
-42
-358
60
355
-83
-352
102
345
339
-124
141
330
-325
161
-314
179
303
-199
288
-214
231
276
-247
-264
-250
261
-232
274
-217
289
-302
-200
181
-315
-323
-164
-332
-145
339
124
105
-346
-352
-84
-355
-64
-42
357
-21
361
360
0
21
359
-42
-358
62
356
83
349
-344
103
-124
-340
334
-145
-162
-322
180
311
-199
-303
292
-216
-274
229
-262
246
-246
260
233
-279
-289
-215
-302
-199
-180
311
161
-324
141
-334
-123
337
346
102
82
-354
356
57
42
-361
-18
356
1
358
23
357
-358
41
-354
63
-351
82
105
343
-125
-342
145
329
-323
161
-182
-313
-301
198
-289
214
233
272
260
-251
246
-267
230
-278
289
212
301
193
-314
-181
-161
320
-335
-144
121
-341
-347
-104
-351
-84
61
-357
-42
355
360
18
-362
1
23
358
42
356
354
-66
86
348
105
344
-339
124
145
329
163
321
183
308
296
-201
216
287
-277
234
260
-250
263
246
-232
279
-216
291
-198
302
-179
315
158
-325
-141
332
117
-340
345
98
-81
354
-59
355
356
37
18
-360
358
-4
-362
23
357
-46
352
-66
-87
-351
-108
-344
336
-128
329
-148
321
-168
-311
182
-200
-301
-287
217
-235
-275
-250
-260
244
-265
-228
276
-291
-213
303
195
-314
-177
158
-324
333
139
121
-342
-346
-100
-351
-79
357
58
356
36
361
16
-359
2
27
358
45
356
-356
66
349
-89
107
343
-337
125
329
-151
-166
-322
-184
-312
-202
-301
-219
-287
273
-238
258
-252
-243
264
228
-281
292
210
-194
303
315
175
-325
-159
-138
330
-119
339
-347
-101
-78
351
-356
-62
-36
356
15
-363
-5
-364
-361
24
356
-49
-356
66
-89
-353
-110
-347
336
-131
330
-151
-168
-321
-311
183
-205
-301
-287
218
-272
235
-260
250
-267
-247
-282
-229
291
209
-306
-194
174
-318
324
154
134
-338
339
117
347
94
-356
-81
-57
354
-361
-37
-14
358
6
358
359
-29
-360
46
66
353
88
349
107
341
-337
128
147
327
167
320
307
-187
201
295
283
-222
233
271
-256
-259
-270
-243
-228
281
-212
293
304
191
315
173
-156
326
331
136
339
116
0
-1
-1
0
-2
-1
-1
-1
-1
-1
-1
0
-1
-1
-2
-2
298
199
311
182
319
164
331
145
338
127
345
107
351
86
355
66
358
42
358
23
-362
-3
360
-18
359
-39
356
-62
353
-81
347
-102
-339
119
333
-143
323
-161
317
-180
-303
196
291
-215
-278
231
264
-248
-249
262
234
-276
218
-291
-198
300
-182
311
163
-323
145
-333
124
-341
-104
343
-84
349
-63
354
44
-363
-18
357
4
-365
21
358
-39
-362
-62
-359
-81
-354
-102
-350
-124
-344
-141
-334
-161
-328
180
310
198
298
-215
-293
-234
-281
-247
-267
264
244
-278
-235
287
211
299
196
310
176
320
158
330
140
337
120
344
100
351
82
-358
-66
356
38
-361
-24
