199
-308
-310
-276
256
203
268
190
168
-322
-340
-186
-175
313
111
-348
330
105
337
85
-88
346
36
-363
-45
354
-375
-13
346
-15
346
-35
-371
51
-88
-357
337
-96
-357
112
-146
-336
-339
153
307
-172
-319
191
197
296
-295
225
230
270
-264
259
231
-268
-296
-220
197
-293
300
192
-323
-171
-156
328
-138
336
-119
343
342
93
-359
-71
-361
-50
-34
360
-12
361
8
361
-37
-359
-361
54
71
351
344
-95
-346
116
332
-135
150
324
168
317
188
308
291
-209
-285
224
-272
243
255
253
266
238
282
222
202
-297
-312
-190
-324
-170
-331
-151
-134
334
-347
-112
88
-351
352
68
-49
358
30
-361
-10
360
13
358
359
-37
56
354
74
349
-96
-349
114
341
136
334
155
325
-318
171
191
304
292
-212
281
-228
-268
241
252
-259
269
235
-289
-222
201
-298
185
-311
317
166
147
-331
336
129
-346
-112
-353
-91
351
67
46
-361
-30
358
-8
362
358
-14
356
-37
54
356
-79
-354
345
-98
-119
-341
332
-137
324
-156
-178
-319
302
-194
209
293
226
279
241
265
-254
256
-275
-237
218
-285
-301
-204
-311
-186
-169
317
-151
328
-132
337
-345
-110
347
87
354
68
-359
-49
-1
0
-1
-1
0
0
-1
-2
0
-2
-1
0
0
-1
-1
0
-1
-2
-3
-2
-1
0
-2
-1
-1
0
-1
0
-2
-1
0
-1
0
-1
-1
-1
-3
-1
0
-3
-1
-1
-1
-4
-2
-1
-1
1
-1
0
-1
-2
-1
-1
-1
-2
-3
-1
-2
-1
-1
0
-1
-1
-1
-1
-3
0
-1
0
0
1
-1
-2
-2
-1
-1
0
0
-1
-1
-1
-1
0
-1
0
-1
-1
-1
-1
-1
1
-1
0
-2
1
-1
0
-1
-2
-1
-1
-1
-1
-1
-1
-1
-1
-1
-1
-1
-1
-1
-1
-1
0
0
-1
-1
-1
-1
-1
-1
-1
-1
-1
-1
-1
-1
1
-2
-1
1
-1
-2
-1
-2
1
0
1
-1
-2
0
-1
-1
-1
-2
-2
-1
-1
-1
0
-1
-1
1
-1
-2
-1
-1
1
-2
-1
-1
-2
0
-1
-1
0
-1
0
-2
-2
-4
-3
-2
-1
-2
1
-3
-1
-3
-2
-3
-1
-2
-1
-1
0
-4
-1
-1
0
-2
1
-1
-1
-2
-2
-2
-1
-1
1
-4
-1
-2
1
-3
0
-1
1
-1
1
-3
-1
-3
-1
-3
0
-1
0
-3
-1
-1
0
-1
0
-1
0
-1
-1
-1
1
-2
1
-1
1
-2
-1
-1
3
-1
0
-1
0
-2
-1
-1
0
-2
0
-1
0
1
1
-1
-1
-1
-1
1
1
0
-1
1
-1
-3
-1
-2
-1
0
1
1
1
0
-1
0
0
0
0
-1
0
0
-1
0
0
-1
-1
-1
0
-1
-1
-1
-1
-2
-1
-1
-2
-1
0
-1
0
-1
-1
0
-1
-2
-1
-1
0
-1
-2
-2
-2
-1
-1
-1
-2
-1
-1
-1
-2
-1
-1
0
-1
-1
0
-1
-2
-1
-1
-1
-1
-2
-2
0
-1
-1
-1
-1
-1
-1
-3
-1
-1
-1
-3
-1
-1
-2
-3
-1
-1
-1
-1
-2
0
-2
-3
-4
-1
-2
-2
-3
-2
-3
-1
-2
-1
-2
-1
-3
-1
-2
0
-2
-1
-2
-1
-3
1
-3
-2
-2
-1
-4
1
-3
0
-2
-1
-2
-1
-3
0
-2
-1
-1
-2
-3
-1
-3
1
-2
-1
-2
0
-2
-1
-2
0
-3
-1
-1
0
0
0
1
0
-4
1
-2
-1
-1
-1
-1
0
-3
1
-1
-1
-1
0
-2
-1
-2
-1
0
0
-1
1
-1
-1
0
-1
-3
1
-2
0
-2
-1
-1
-1
-2
1
-1
1
-1
-1
-1
1
-1
1
0
-1
-1
-1
-1
-2
-2
0
-2
1
-1
0
-1
0
-1
1
-1
-1
0
-1
-1
-1
-2
0
1
-1
-1
-1
0
0
-2
-1
1
1
0
-1
-1
0
-1
-1
-1
-1
-2
0
-1
0
1
-1
0
0
-2
0
-1
0
-1
-1
-1
-2
-1
0
0
0
-1
-1
-1
-1
-1
-1
-2
-1
1
-1
1
-1
0
-1
-2
-1
-1
-1
-1
-1
-1
1
-1
-1
-3
-1
-2
-1
-1
0
-1
-1
-1
-1
0
0
-2
0
-2
-1
-1
1
-3
0
-1
-1
-1
1
0
-1
-2
-1
-1
-1
-1
0
-1
-1
-2
-1
-1
0
0
-1
-4
1
0
-2
-1
-1
-2
0
-4
-1
-1
1
-1
-1
-1
1
-2
1
-1
-1
-1
0
0
3
-3
0
-1
0
-2
0
-1
1
-2
-1
-1
-1
1
-1
-1
-1
-1
0
-1
-1
-3
1
-1
1
0
0
-1
-1
-1
1
-1
-1
-1
0
-1
-1
-1
-1
-2
-1
-1
0
-1
-1
-2
0
-1
-1
-2
0
-1
1
-1
0
-1
-1
-2
1
-1
0
-1
-1
-1
1
0
1
-1
-1
-1
-1
0
1
-2
-1
0
-1
-1
-1
-3
0
0
-1
-1
-1
-1
1
-2
0
-2
0
-1
-1
-2
-3
-2
0
-1
-1
1
0
-2
0
-1
0
0
0
-2
-1
1
-1
-2
-1
-1
-1
0
0
-2
-2
-1
0
-4
1
-2
-1
-1
-1
-1
-1
-3
-1
-1
1
-1
-1
-2
-1
-1
-1
0
1
-2
-1
-2
-3
-1
-1
-1
-1
-1
0
-2
-1
-1
0
-1
-1
-1
-1
-2
0
-2
0
1
0
0
-1
-2
1
-1
0
-1
0
-1
0
-1
-1
-1
-1
-1
0
1
1
-1
0
-1
0
0
-1
-1
0
-1
1
-1
-1
-1
0
-3
-1
-2
0
0
-1
0
1
0
-1
-2
0
0
0
0
0
-1
-1
-1
1
-1
1
-1
-1
0
-1
-1
2
0
-1
-1
-1
0
-1
0
-3
-1
0
-2
0
0
-1
-1
-1
-2
0
-1
1
-1
-1
-1
0
-1
-1
-1
0
-1
-2
-1
-1
-1
-1
-2
1
-1
-1
-1
-1
1
-1
-1
0
-1
-1
-3
1
0
0
0
-2
-3
-1
-1
-1
0
1
-1
0
-2
-1
-2
0
-2
-1
-1
0
-1
1
-1
0
-1
-1
-2
-1
-1
0
-1
-1
-1
-1
-1
1
-1
0
0
-1
-1
0
0
-1
-1
0
-2
-1
-1
-2
-1
-1
1
-1
0
-1
-2
-1
-2
1
-3
1
0
-1
-1
0
-1
0
0
0
2
0
-1
1
1
0
-1
-1
-1
-1
0
-1
0
-1
-1
-1
0
-1
-2
-1
-3
-1
-1
1
-1
0
-1
0
0
1
-1
0
0
-1
-1
0
-2
-1
-1
-1
-1
-1
0
0
-1
0
-1
1
0
-1
-1
-1
0
-1
1
0
-1
0
-1
-1
-1
1
-1
-1
0
-1
-1
0
0
-1
0
-1
-2
1
-1
-1
-1
1
-1
0
0
0
-3
-1
-1
-1
-1
0
-1
0
-1
0
0
0
-1
0
-1
0
-1
1
0
0
0
1
0
-1
-1
-1
-1
0
-1
0
-3
0
0
0
-1
-2
-2
1
-1
-1
0
0
0
-1
-1
1
-1
0
-1
-1
-1
0
-1
-1
-1
-1
-2
0
-1
1
-1
-2
-1
-1
-1
0
-1
-1
-1
-1
0
0
0
-1
-2
-1
0
1
-1
0
-3
0
-1
1
0
-1
-1
1
-1
-1
-1
-1
-1
-1
-1
0
-1
-1
-3
-1
0
0
-2
-1
-1
-2
-1
1
-2
0
-1
0
-1
0
-1
1
-2
1
-2
0
-2
1
-1
1
0
-1
-1
0
-1
1
0
0
0
0
-2
0
-1
1
-1
-2
0
0
-1
-1
-1
0
-1
-1
-2
0
-3
-1
-1
1
-1
-1
0
0
-1
0
-1
1
-2
-1
0
0
0
-1
1
-1
-1
1
-1
-1
-1
-1
-2
0
1
-1
-1
1
-1
-1
-2
-1
-1
-1
-1
0
-1
0
-1
-2
-1
-1
-2
-1
-1
-1
1
-1
-1
-1
-1
-1
1
0
0
0
-1
1
-1
-1
-1
-1
1
-2
-1
0
-1
-1
-1
0
-1
1
-3
-2
-1
0
0
-1
-1
0
0
-1
-2
-1
-2
1
-1
0
0
1
-1
-1
-2
-1
-1
-1
0
-1
-1
1
-1
1
0
1
0
0
0
0
-3
0
-2
-2
-1
-1
-2
0
-1
-1
-1
-2
1
-1
-1
-1
-1
2
-2
-1
-2
-1
0
0
-1
1
0
-1
-1
-2
-1
-2
-2
0
-1
-1
1
1
-2
2
-1
-1
0
-1
1
-1
1
-1
-1
-1
-1
-1
-1
-1
-1
0
1
0
-1
1
-1
1
1
0
-1
1
0
-1
-1
-1
-1
-1
-1
-1
0
0
-1
0
-1
-1
0
1
-1
-1
-1
0
0
-1
0
-3
0
0
1
0
0
-1
-1
1
-1
-2
-1
1
1
-1
-1
1
-1
0
3
-1
-1
-1
-1
0
-1
0
1
1
-1
-1
-2
1
-1
0
-3
-1
0
0
0
1
0
1
-1
0
0
-1
-1
1
0
-1
1
-2
-1
1
-1
-1
1
-1
-1
-1
-1
1
-1
1
-1
-1
0
0
1
-1
1
-1
-1
1
0
0
-1
-1
-1
-1
-1
1
0
-1
-1
0
1
1
-1
-1
0
1
-1
1
0
-1
-1
-1
-1
-1
-1
0
0
-1
0
-2
-2
0
-1
-1
-1
-1
-1
-1
-1
0
0
-1
-1
0
-3
-1
-1
-1
-2
1
-1
-1
-1
-1
-2
0
-1
-1
0
-1
-1
0
-1
1
-1
-1
-4
1
0
0
-1
-1
-1
1
-1
0
-1
-1
-1
-1
-2
0
-4
-1
1
0
0
1
-1
-1
-1
0
-1
1
0
0
0
-1
1
1
1
1
-1
-1
-1
0
-1
0
0
0
0
-1
1
1
-1
0
0
-1
0
-1
0
1
-1
1
0
1
0
1
-1
-1
0
-2
1
0
-1
0
0
-1
0
-1
-1
-1
1
0
0
-1
0
0
1
0
-1
-1
-1
-1
0
-2
0
-1
0
-1
-1
0
1
0
1
-1
-2
-2
-1
-1
-1
-1
-1
0
0
1
-1
1
1
-1
0
1
-1
-2
-2
1
1
-1
0
-1
-1
0
-1
-1
-1
-1
1
-1
-1
1
-1
-1
-1
-1
1
0
0
1
0
-1
-1
0
-1
-2
-1
1
-1
0
-1
-1
-1
0
-1
0
0
-1
0
0
-1
-1
1
-1
-1
-1
1
1
-1
-1
1
1
-1
-1
-1
-1
-1
1
-1
-1
-1
1
-1
-1
-2
-1
-1
-1
-2
1
1
-1
-1
1
-1
-2
-1
-1
-1
1
1
0
1
-1
0
0
1
-1
-1
1
0
1
1
1
-2
-1
0
1
1
-1
1
0
-1
1
-1
-1
-1
0
1
0
0
-1
0
0
-1
-1
-1
-1
1
1
0
0
0
0
0
-1
-1
1
-1
-1
-1
0
-1
0
-1
-1
0
0
1
-1
-1
-1
-1
-1
-1
-1
-1
-1
-1
0
0
-1
-2
-1
0
-1
-1
0
0
0
-1
-1
0
0
-1
1
0
0
-1
-1
0
-1
1
-1
1
-1
1
-1
0
1
-1
-1
0
0
0
0
0
-1
-1
1
0
-1
-1
-1
-1
-1
-1
0
1
1
1
0
0
-1
-1
-1
1
-2
0
-1
-1
1
1
-1
1
0
-1
-1
1
0
0
-1
0
1
-1
-1
1
-1
0
-1
-1
0
1
-1
-1
0
0
0
0
-1
0
-1
3
-1
1
-1
-1
0
-1
-1
0
-1
-1
-1
1
1
-1
0
-1
-1
0
0
-1
0
-1
-1
-1
-1
0
-2
-1
-1
0
0
1
-1
1
-1
-1
-1
-1
-1
-1
-1
-1
-1
1
-1
-1
0
2
-1
-1
-1
-1
-1
0
-1
-1
-1
-1
-1
1
-1
1
-1
0
0
1
-1
-1
-1
-1
-2
0
-1
1
0
0
1
-1
-1
-1
-2
1
1
-1
-2
-1
0
-1
-2
-1
-1
1
-1
0
0
1
-1
0
-1
1
-1
0
-1
0
1
1
-2
1
-1
1
-1
1
1
-1
-1
0
-1
-1
-1
-1
0
-1
0
-1
1
0
-3
0
0
-1
-1
0
-1
-1
0
0
0
-1
-1
0
-1
-1
-1
-1
1
-1
-1
0
1
-1
-1
1
-1
-1
0
0
0
0
0
1
-1
-1
0
-1
0
0
-1
-2
1
1
-1
1
-1
-1
0
0
0
1
-1
0
-1
0
0
0
-1
0
-1
-1
0
-1
-1
-1
-1
0
-1
1
0
1
-1
-1
-1
-1
-1
-1
-1
0
0
1
-1
1
0
-1
-1
-1
0
0
0
-1
-1
1
-1
0
-1
-2
0
-1
0
-1
-1
-1
1
0
-1
0
1
-1
-1
0
1
-1
-1
-1
-1
-1
0
-2
-2
1
0
0
-1
1
0
1
0
-1
-1
-1
0
-1
-1
0
0
-1
0
-1
0
0
-1
-1
-1
-1
-1
1
0
1
-1
0
0
0
-3
0
-1
-1
-1
0
-1
0
1
-1
-1
-2
0
1
-1
1
-1
0
0
0
0
0
-2
0
-1
0
0
0
-1
0
-1
0
-1
0
-1
1
0
-1
0
-1
-1
-1
-1
0
-1
-1
-2
0
1
-1
0
-1
0
1
-1
-2
-3
0
-4
0
-1
0
-1
-1
1
0
-3
1
-1
0
-1
0
-1
1
1
1
-1
0
-1
-2
-1
-1
0
0
0
1
-1
1
-1
-1
1
-1
-1
-1
0
-1
-1
-1
-1
-1
0
1
0
0
-1
-1
-1
-1
0
0
-1
0
-1
2
-1
-1
0
0
0
0
1
-1
-1
0
-1
0
0
-1
0
1
0
1
0
1
-1
0
0
-1
-1
-1
0
1
-2
0
-2
1
-1
-1
-2
0
0
2
-1
1
0
0
0
-1
-1
-1
0
1
-1
0
-2
1
0
-1
-1
1
-2
-1
-1
-1
0
0
-1
0
-2
1
-1
-1
0
-1
0
1
-2
1
0
0
-1
0
-1
0
-1
0
-1
0
-1
0
-1
0
-1
-1
0
0
0
0
-1
1
-1
-1
-1
1
-1
1
-1
-1
1
-1
-1
0
-1
1
-1
-1
-1
0
-1
-1
-1
-1
-2
0
0
1
-1
1
-2
-1
0
0
-1
1
-1
0
-1
0
-1
0
-4
2
-1
-1
0
-1
-1
-1
-1
1
-2
0
-1
0
1
1
-1
0
-3
-1
0
-1
-2
-1
-1
0
1
0
-1
-1
-1
0
-1
1
-1
0
1
-1
-2
1
0
0
0
-1
-1
1
1
2
-1
-1
-1
1
-1
-1
1
0
-1
-1
-1
0
0
-2
-1
-1
-1
-1
0
-1
-1
0
-1
1
0
-1
-1
0
-1
-1
-1
-1
-1
1
0
0
-1
0
-1
-1
0
-1
1
0
-1
0
-1
0
-1
-1
-1
0
0
-1
-1
-1
-1
-1
0
0
-1
1
-1
1
-1
-2
-2
0
-1
0
-1
1
1
-1
0
-1
0
0
-1
0
-2
0
-1
-1
-1
1
-1
0
-1
-1
0
1
-1
-1
0
0
-1
-1
1
0
-1
0
0
-1
-1
1
-1
0
-2
0
0
-2
0
0
-1
-1
-1
-1
-1
-1
-3
-2
0
-1
-2
1
-1
1
-1
-1
-1
0
-1
0
0
-1
-2
0
-1
1
0
1
-2
0
1
1
-1
-1
-1
0
-2
-1
0
0
-1
-1
-2
0
0
-1
-1
-1
0
0
-1
-1
0
-1
-1
0
-1
0
-1
1
0
0
-1
-1
0
-1
0
0
-1
0
-2
-1
-1
-1
-1
-1
0
0
-1
-1
0
0
-2
1
-1
-1
-1
-1
0
0
1
-1
0
-1
0
0
-1
0
0
-1
-1
-1
-1
-1
0
-1
-1
-1
0
-1
-1
-1
-1
-1
0
-1
-1
0
-1
0
-1
0
-1
1
-1
0
-1
0
1
0
0
-1
-1
0
-1
0
-2
-1
-1
0
0
-1
-4
-1
-3
0
0
0
-1
1
-1
1
-1
0
-1
-1
-1
0
-1
0
-1
0
-2
0
-2
0
-2
0
-2
-1
1
0
-2
0
-1
-1
1
-1
-2
0
-2
-1
-1
0
0
0
0
-1
-2
-1
-1
1
-1
1
-1
0
-1
-1
-2
-1
-1
-1
-1
-1
0
0
0
0
-2
1
-1
-1
-1
-1
1
0
1
-1
-1
0
-1
-1
0
0
-1
-1
-1
0
0
-1
-1
0
-1
0
-1
0
-2
0
-1
1
0
-1
-1
1
-1
0
-1
1
0
-1
0
1
-2
0
0
-2
-1
-1
-2
-1
-1
-1
0
-1
-3
-1
-1
0
-2
1
0
0
-1
-1
0
1
-1
1
-4
-1
-2
0
0
-1
-1
-1
-1
1
0
0
0
-2
-1
-1
-3
1
-1
-1
-1
-1
-3
1
-1
-1
-1
1
-1
-1
-1
0
-1
1
0
0
-1
0
-1
0
-3
-1
-1
-1
-3
-1
-1
1
-3
-1
-1
1
-1
0
-2
1
-1
-1
-2
-1
-1
-1
0
-1
-1
1
-1
1
-1
-1
-1
1
-1
-1
-4
1
-2
1
-1
-1
-4
0
-2
0
-1
1
-1
-1
-2
0
-2
1
-2
0
-3
-1
-1
0
-2
0
-1
-1
-1
-1
-2
0
-1
-1
-1
0
-1
-1
-2
-1
0
-1
-1
0
-1
0
-1
-1
-2
0
-1
-1
-1
-1
-1
0
-1
1
1
-1
0
1
-1
0
-2
0
-1
0
-1
-1
-3
-1
0
-1
-1
-1
0
-1
-2
0
-1
1
-4
-3
-1
0
-1
-1
0
-1
-2
1
-3
0
-1
-1
-1
0
-2
0
-3
-1
-1
1
-1
0
0
-1
-1
0
0
0
-1
-1
-3
-1
-1
-1
-2
0
-1
-2
-1
0
-1
-1
-4
-1
-1
-1
-2
-1
-1
-1
-1
-1
-2
-1
-1
0
-1
-1
-1
0
0
-1
0
-1
-1
-1
-2
-1
-2
0
-1
0
0
0
-1
-1
0
-1
-1
0
0
1
-1
-1
0
-1
-1
-1
-2
0
-1
-1
-1
1
-1
-1
-2
0
-1
0
-1
0
0
-1
-1
-1
-2
1
-2
1
0
-1
0
0
-1
0
-1
0
-2
0
-1
-1
-2
-2
-1
-1
-1
0
-1
0
-1
-1
-2
0
-1
-3
-1
-1
-1
1
-2
-2
-2
1
-1
0
-1
-1
1
-1
-1
-1
-3
0
-1
0
-2
0
-1
-1
-1
-1
-1
-1
-1
1
-1
0
0
0
-2
-2
1
0
-2
-1
-3
0
-1
-1
-1
-1
-1
0
-1
-2
-1
-1
0
-1
-1
-1
1
-1
-1
0
1
-1
-1
0
-3
0
0
-1
-1
0
-2
0
0
-361
-47
22
-362
-3
358
-361
17
-360
37
355
-62
351
-82
-346
99
121
339
329
-141
321
-160
179
312
-199
-303
-292
211
-279
230
246
261
-252
260
233
-276
-218
287
-199
298
181
-312
320
162
143
-332
-127
337
-106
344
-351
-86
-358
-65
41
-360
-361
-22
361
-1
19
360
-359
40
-63
-355
351
-85
-102
-348
-124
-340
140
331
-163
-325
312
-180
197
301
214
289
231
276
263
-250
248
-264
232
-279
214
-288
-199
301
180
-313
322
160
144
-331
-123
339
-105
345
-82
351
-62
354
-42
357
21
-361
361
-1
-21
-361
-41
-359
-354
62
83
349
-344
103
-124
-342
334
-145
324
-165
-312
180
-198
-303
-216
-292
-231
-276
-262
245
-262
-249
-276
-233
-291
-216
-303
-202
181
-315
324
160
-330
-144
122
-342
-103
344
-351
-85
62
-358
358
39
361
17
1
359
-361
19
358
-45
-354
62
-349
83
104
343
-339
122
-144
-332
-162
-325
-182
-312
199
300
288
-218
-234
-278
-262
245
-247
262
-277
-235
291
213
-303
-198
-315
-180
161
-327
331
139
-122
337
-103
344
81
-354
-357
-64
-40
358
-21
359
-3
-363
358
-24
-44
-360
-66
-357
85
349
105
343
-126
-339
-331
144
165
320
-310
181
197
298
216
287
231
274
-262
250
244
-264
-232
279
-216
290
194
-303
177
-315
-161
325
332
140
339
120
100
-346
78
-352
355
59
357
37
359
16
-6
-362
24
361
357
-46
65
355
-87
-350
-107
-345
-337
124
328
-146
165
320
-184
-311
202
300
-218
-288
274
-235
260
-252
-245
265
-228
278
213
-293
-303
-195
-314
-177
158
-326
-334
-139
-119
340
100
-349
78
-352
-356
-59
-358
-40
-16
361
4
359
25
360
-357
45
68
354
-349
85
107
344
337
-128
148
329
-320
165
-308
185
204
298
-286
218
-235
-273
-258
250
-266
-246
-280
-229
-291
-214
-194
304
315
175
-325
-158
137
-336
119
-340
-348
-100
353
77
-357
-58
-38
358
-18
358
361
-8
25
356
47
356
-70
-357
349
-91
108
342
-129
-339
329
-151
-168
-321
-186
-310
297
-205
-286
218
272
-239
-259
250
243
-269
226
-284
210
-295
-308
-194
-176
313
156
-329
134
-336
-119
338
347
95
352
74
-57
356
33
-359
13
-362
-6
-362
358
-30
47
356
-358
69
347
-91
-345
109
-339
127
149
329
-170
-322
308
-188
202
296
281
-221
235
272
-256
-256
-245
266
-228
281
207
-296
305
192
-317
-175
-327
-156
-139
335
-118
342
-351
-95
352
76
355
54
30
-359
-15
362
-363
8
-31
-361
356
-49
352
-70
91
349
-345
112
-337
132
-151
-328
169
319
307
-185
297
-206
284
-221
-273
239
-257
255
243
-267
227
-280
209
-294
192
-304
174
-316
-154
325
136
-333
-342
-116
-93
349
355
75
358
54
-358
-33
-359
-13
-7
-361
-359
29
359
-53
72
354
350
-93
344
-115
-334
130
330
-153
173
314
191
305
209
294
226
281
272
-243
257
-257
-269
-245
227
-288
-206
289
192
-311
172
-320
-325
-158
-133
330
115
-347
-347
-100
354
70
-357
-57
361
27
11
-366
-9
-367
357
-36
356
-57
69
349
346
-99
340
-119
-136
-341
324
-156
-320
170
-308
185
-211
-298
-286
221
-272
236
