199
-310
-284
233
257
205
179
-315
168
-323
150
-332
304
139
313
122
329
105
81
-356
-87
346
37
-364
-45
354
-25
356
-27
-366
18
356
-371
51
342
-76
83
345
-356
112
-146
-334
144
327
-184
-317
-317
193
197
295
-293
226
-251
-268
-265
258
229
-268
275
226
197
-295
-320
-185
-323
-171
-157
327
127
-335
-119
344
343
94
64
-355
46
-356
-35
361
-13
361
-366
13
-364
33
50
357
71
352
91
349
111
342
-339
135
150
327
-176
-318
-309
190
205
293
-284
226
264
-243
250
-257
269
236
282
222
202
-298
-311
-189
-174
317
-331
-152
334
129
-348
-113
-353
-93
354
69
-49
356
358
27
-363
-10
13
358
-36
-361
54
356
-76
-355
-97
-350
115
339
135
332
-327
153
-318
173
303
-194
-211
-296
-284
225
-269
240
-259
-255
269
236
-223
283
202
-299
308
185
-322
-170
149
-330
335
127
342
109
88
-352
-356
-71
47
-360
-365
-30
4
-362
-364
13
357
-37
354
-57
349
-79
346
-99
-119
-341
-140
-335
-328
155
314
-175
301
-193
-295
209
-283
228
242
267
-253
256
271
237
284
218
298
204
-309
-187
318
168
148
-331
337
128
-345
-110
347
87
65
-354
-359
-49
0
0
-1
0
-1
-1
-1
-2
-1
-1
-1
-1
-1
-1
-1
-2
-1
0
0
-1
-1
-1
0
0
0
-1
-2
-2
0
-1
-1
-1
0
-1
-1
0
-1
-1
-2
-1
-1
1
-2
-1
-2
-1
-1
-1
-1
-2
1
-1
0
-2
0
0
-1
-1
-1
-2
-1
-1
-3
-1
-3
0
-1
0
-1
-1
-1
-1
-1
0
-2
-1
-1
1
-2
-1
-1
-1
-2
-1
-1
-2
-2
-1
0
-1
-1
0
0
1
0
0
-2
1
-1
-1
-3
-1
-1
0
-1
-1
-1
1
-3
-1
0
-1
-1
-1
0
-1
-1
-3
0
-1
-2
-1
-1
1
1
-1
-1
-2
0
0
-1
-2
0
-2
0
0
-2
1
0
-1
-2
-2
-2
1
0
-1
-1
-1
-2
-1
-2
-2
-2
-1
-1
-2
-1
-1
-1
0
-3
-1
-1
-1
-2
-2
-4
-1
-1
1
-1
-1
-1
-2
-2
-1
-3
0
-4
-1
-3
-1
-3
-1
-3
-1
-1
0
-3
-1
-1
-1
-2
-1
-1
1
-1
-1
-3
-1
-2
-1
-2
-1
-2
-1
-1
0
-2
0
-1
1
-1
-1
-1
-1
-1
-1
-3
0
-1
1
-1
-1
-2
0
-1
0
-1
0
0
1
-2
1
-1
0
-1
0
-1
-1
0
1
-2
0
1
1
-2
-1
-1
-1
-1
0
0
1
-1
-1
0
0
-1
0
0
-1
0
0
-2
-1
-1
-1
0
0
0
0
1
-1
0
-1
0
-1
-2
-1
-1
-1
-1
-3
-1
-1
-1
-1
-1
-1
-1
-1
-2
1
-1
0
-1
-1
-1
-1
-1
0
-1
-1
-1
-1
-2
-1
-1
-2
-1
-2
0
0
0
-1
-1
-1
-3
-1
-1
-1
-1
-1
-1
-2
0
-3
0
-1
-2
-1
-1
-1
-1
1
-1
-1
-3
-2
-1
-1
-1
-1
-1
-2
0
-2
-1
-1
-2
-1
-1
-1
-2
-2
-2
-1
-2
-3
-1
-1
-1
-3
-4
-1
-4
-1
-2
-1
-2
-2
-3
-1
-2
-3
-2
-2
-1
-3
-2
0
-4
-2
-4
0
-1
-1
-2
-2
-2
-1
-5
-3
-2
1
-4
-1
-2
-3
-1
0
-2
-1
-1
0
-1
0
-1
-1
-1
-1
-1
-2
-2
-2
-1
-1
-1
0
-1
-1
-1
0
-1
-1
-2
-1
-1
1
-1
-1
-2
-1
-1
1
-1
0
-2
-1
-1
-1
-1
1
-2
-1
-1
0
-1
0
-1
-1
-1
0
-3
0
-1
0
-3
-1
1
-1
-1
0
-1
-1
-1
1
-1
-1
-1
-1
0
-1
-1
1
-2
-1
0
0
0
1
-1
-1
-1
-2
1
1
0
-1
-1
1
-1
-1
-1
-1
0
-1
0
0
0
0
0
1
-1
0
-1
1
-1
1
0
-1
0
0
2
0
0
0
0
-1
-1
0
-3
-4
-1
1
-3
-1
-1
1
-1
-1
-1
0
-1
-1
-1
1
-1
0
-1
-1
0
-3
-1
-1
-2
-1
-1
-1
-1
-1
-1
-1
-1
-1
-1
-2
-1
-2
-2
-2
-1
0
-1
1
-2
-1
0
-1
-3
-1
-3
0
-2
-1
-1
0
-1
-1
0
-1
-1
-1
-2
-1
-2
0
0
0
-1
0
-1
1
-1
1
-3
1
-1
0
-1
-1
-1
-1
0
-1
-3
-1
-1
-1
-2
-1
-1
1
-1
-1
-1
-1
-2
-1
-1
0
-3
1
1
1
0
-1
-1
1
0
-1
-2
1
-1
-1
-2
-1
-1
-2
-1
-1
-1
0
-1
0
-2
0
-1
-1
-1
-1
-1
0
-2
0
-1
-1
-1
-2
-1
1
1
1
-2
0
-2
0
-1
-1
-3
-1
0
-1
0
1
-1
0
0
0
-2
-1
1
1
1
0
-1
-1
-1
1
-1
-2
-1
-1
0
-1
-2
-1
-2
-2
-2
-1
-2
-1
-1
-2
0
1
1
-1
-2
-1
-1
-1
-1
-1
-3
-3
-1
0
-1
0
-1
-1
0
-1
-1
0
-3
-2
-3
-1
-1
-1
0
-1
-2
-1
0
1
-1
0
-2
-1
-2
-1
0
0
0
-1
-1
1
-2
0
-1
-1
-1
-2
-1
1
-1
-1
-1
-2
-1
-1
-1
-1
0
-1
-1
-2
-1
-1
-2
0
0
-1
-1
0
-1
-1
-2
1
-1
0
-2
1
-2
-1
0
0
1
0
0
0
-1
0
0
-1
-2
-1
0
1
-2
1
-1
1
-1
-1
-1
-1
-1
-1
-1
-1
0
-1
-3
-1
-1
0
0
-2
-1
-1
-1
1
-1
0
-2
-1
-1
-1
-1
0
-3
-1
-1
1
-1
0
0
-1
-1
-1
-1
-1
1
-1
-1
0
0
-1
-1
0
-1
0
-1
1
-1
0
0
-1
-1
-1
-1
-1
0
-1
1
-1
0
-1
-1
1
-1
-1
-1
0
0
-1
-1
1
-1
0
-1
-1
-3
0
-1
-1
-1
-1
-2
-1
-1
0
-1
-1
0
0
-2
-1
-1
0
-1
1
-1
-1
0
-1
-1
0
0
1
-1
0
-2
-1
-1
1
-1
-1
-1
0
-1
1
-1
1
-1
1
-1
-1
-1
-1
1
-1
-1
-1
-1
0
-1
0
-1
1
1
-1
-1
-1
-1
-1
-1
0
-1
-1
-1
-1
-1
0
-1
-1
-1
0
-1
0
0
1
-1
0
0
1
-1
0
-1
0
-3
-1
1
0
0
0
-2
0
-2
0
-1
1
-1
1
-2
0
-1
0
-1
0
-1
0
-1
1
-1
1
-1
0
-1
1
0
-1
0
-1
-2
-1
-2
0
-1
1
0
1
-2
0
-1
0
0
-1
0
0
-1
1
-1
-1
-4
-1
-1
-1
-3
-2
0
-1
-1
1
-1
-1
-1
0
-1
-1
-1
-1
0
0
-2
0
-1
0
-3
-1
1
-1
-1
-1
0
0
0
0
-1
-1
-1
-1
-1
1
-1
-1
-3
1
0
0
-2
-2
-1
-1
-1
1
-1
-3
-1
0
-1
-1
0
0
-1
-1
-1
0
0
0
-1
0
-1
-1
-2
0
0
-1
-1
-1
-1
1
-3
0
-1
0
-1
0
-1
0
-2
0
-1
0
-2
0
-1
0
0
1
0
-1
-1
-1
-1
-1
-2
0
-1
0
0
-1
0
1
-1
2
-1
-1
-1
1
-1
-1
-1
0
1
0
0
-1
1
-1
-1
-2
-2
1
0
0
-1
1
0
-1
-1
0
-1
0
-1
0
-1
0
-1
0
1
1
0
-1
-1
-1
-1
-1
-1
0
0
-2
-1
0
-1
0
0
-1
1
-1
0
0
-1
-1
-1
-1
-1
-1
0
0
-1
-1
-1
0
-1
-1
1
0
0
0
-1
1
-1
1
-1
0
-1
-1
-1
-1
0
1
-1
1
-1
-1
-1
-1
-1
-1
-3
-1
0
-1
-1
-1
1
-2
-1
-1
0
0
-1
1
1
-1
-1
-1
-1
-1
0
-1
0
0
-1
-1
-1
-1
-1
0
-1
0
0
-1
-1
-1
-1
0
-1
-1
-2
-1
0
0
-1
1
-1
1
-2
0
0
0
-1
-1
-1
-1
0
-1
0
0
1
0
-2
0
-1
-2
-1
-1
-1
0
-2
-1
-1
-1
1
-1
0
-1
-1
0
-1
-1
0
0
-1
-1
-1
0
-1
-1
-2
-1
-2
-1
-1
-1
0
-1
0
0
-1
0
-1
0
-1
1
-1
-1
-1
-1
-1
1
1
0
-1
-1
-2
-1
1
-2
-1
-1
-1
-1
0
1
-1
0
-1
0
-3
0
-1
-2
1
0
0
0
-1
-2
-1
0
0
1
-1
-1
1
-1
-1
0
-1
0
-1
-1
0
1
-1
-1
-1
1
0
-1
-3
-1
0
0
-1
1
-1
-1
1
-2
-1
-1
-1
-2
1
0
-1
0
0
-2
-2
-1
-1
-1
-1
-1
1
-1
1
-1
-1
-1
-1
1
0
1
0
1
-1
-1
0
-1
1
0
0
0
0
-1
-1
-1
0
0
-1
-1
-1
-1
2
1
0
-1
-1
0
0
0
0
-1
0
0
0
-1
-1
-2
-1
-1
1
-1
-2
1
-1
0
1
0
-1
-1
0
1
-2
-1
-1
-1
0
-1
1
-1
-1
1
-1
0
-1
-1
-1
0
-1
0
1
-2
-1
-1
-1
0
-1
-1
-1
0
-2
1
0
0
-1
-1
0
0
0
-1
-1
1
0
-1
0
-1
-1
0
-1
0
-2
-1
-1
-1
-1
1
-1
-1
-1
-1
0
-1
-2
1
-2
0
1
-2
-1
-1
-1
-1
0
-1
0
-1
0
-1
0
0
-2
0
1
1
-1
-1
0
-1
0
0
0
2
0
0
-1
0
0
0
-1
-1
-1
0
-1
0
-1
-1
-1
-1
-1
-1
-1
-1
-1
1
0
-1
0
0
0
0
-1
1
-1
0
1
-1
-1
-1
-1
-2
0
-2
-1
-1
0
-1
-1
-1
-1
-1
1
0
-1
-1
1
1
-2
0
-1
-1
1
-1
-1
-1
-1
1
-1
-1
-1
1
0
1
0
1
-1
1
-1
1
-1
1
0
0
1
-1
-1
0
0
-1
-1
-1
0
-1
-1
1
0
0
-1
-2
-1
-1
-2
0
1
0
-1
0
-1
-1
0
-1
-1
1
-1
-1
1
-2
0
0
0
-1
-1
1
-4
1
-1
-1
-1
-1
-1
0
0
1
-1
-2
-2
0
-2
1
1
-1
0
1
-1
0
0
-1
-1
-1
-3
0
-1
-2
-1
-1
1
-1
1
0
0
0
-1
1
-2
1
1
0
0
-1
-1
0
-1
0
1
-1
0
0
0
0
-1
1
0
2
-1
1
-1
0
0
0
-1
-1
0
1
0
-1
-1
0
-1
-1
1
0
-1
0
-2
1
1
-1
1
1
-1
1
-1
0
-1
-1
1
0
0
-1
0
-1
-1
0
1
-2
1
-1
-1
0
-1
1
0
1
1
0
1
-1
-1
0
0
-1
-1
1
0
0
-1
0
-1
-2
1
-1
-1
-1
1
-1
1
-1
0
-1
1
0
-2
-2
-1
-1
1
-1
1
1
-1
1
0
1
1
-1
1
0
-1
0
0
1
1
-1
0
-1
-1
-1
0
-1
0
1
0
0
-1
-1
1
0
0
-1
-1
-1
0
-1
1
0
-1
-2
-1
-2
0
0
0
-1
0
-1
-1
1
0
-2
1
-1
0
0
1
0
0
-1
1
0
0
0
0
-1
-2
0
1
-1
0
-1
-1
0
1
0
0
-2
-1
-1
1
-1
0
-2
-1
-1
-1
-1
1
0
1
-1
0
0
-1
-1
0
0
-1
0
0
0
0
1
1
-2
-1
-1
0
-1
-1
-1
1
-1
-1
0
-1
1
-1
-1
-1
0
-1
1
-1
1
1
-1
0
-1
1
-2
-2
-1
-1
1
-1
-1
0
-1
0
-1
0
-1
1
0
-1
-1
-1
1
0
-1
-1
-1
-1
0
1
-1
-1
-1
-1
-1
0
-1
-1
1
-1
-1
-1
1
-1
-1
-1
1
1
0
1
-1
-1
0
-1
-1
-1
-1
-1
0
-1
-1
0
-1
-1
-1
-1
1
-1
-1
1
0
1
-1
1
-1
-1
-1
1
-1
-1
-1
-1
-1
0
0
0
-1
1
-1
0
0
0
0
0
0
-1
1
0
0
0
-1
0
-1
-1
-1
0
0
1
0
0
-1
-1
-1
-1
0
0
-1
-1
1
1
0
-1
-1
0
0
-1
-2
0
-1
1
0
-1
-1
0
0
1
0
0
0
1
-1
-1
-3
0
0
-1
-1
1
-1
-1
-1
1
0
-1
-2
-1
0
0
0
1
-1
0
0
0
1
0
-1
1
-1
0
-1
-1
-1
-1
-1
-1
0
0
0
0
-1
1
0
1
-1
-1
0
-1
1
-1
0
-1
-1
0
-1
0
0
1
0
-1
1
-1
-1
0
0
-1
-1
0
-1
0
-1
1
-1
1
0
0
-2
0
0
0
-1
-2
-1
0
0
-1
-1
1
0
-1
-1
0
-1
0
-1
-1
-1
1
0
1
0
-1
0
1
0
1
1
0
-1
-1
-1
-1
-2
-1
0
1
0
0
1
-1
1
-1
-1
-1
1
1
0
1
-1
-1
-1
-1
-1
-1
-1
-1
0
-1
0
0
-1
-1
0
0
0
0
0
0
-1
-1
-1
0
1
1
-3
-1
-1
-1
-1
-1
-1
1
-1
0
-1
-1
-1
1
-1
1
1
1
-2
1
0
0
-1
-1
0
-1
0
-1
-1
1
-1
1
-1
-1
0
0
0
1
-1
0
-1
-1
-2
1
1
-1
-1
-1
-1
-1
-1
1
-1
1
0
-1
-1
0
0
-1
-1
0
0
0
-1
0
-1
-1
-1
-1
0
0
-1
0
-1
-1
0
0
-1
-1
1
1
0
-1
0
0
-1
-1
-2
-1
0
-1
-1
-1
-1
0
-2
0
0
1
0
2
-2
1
-1
-1
-1
1
-2
1
-1
-1
0
-1
-1
-1
-2
1
-1
0
1
1
-1
-2
-3
1
-1
1
0
-1
-2
-1
-1
0
-1
1
-1
-1
0
1
-1
-1
-2
1
-1
1
-1
-1
1
-1
-1
-1
-1
0
-1
1
0
0
-1
-1
0
-1
-2
0
-1
1
-1
1
-1
0
-1
1
-1
1
-2
-1
-1
0
0
0
1
0
-2
0
0
1
-1
0
-1
-1
-1
-1
-1
0
-1
-1
-4
1
-1
-2
-1
1
0
0
0
1
-1
-1
-4
0
0
1
-1
2
0
0
-1
-1
-1
1
1
0
-1
1
-1
-1
1
1
-1
-1
1
1
0
0
0
-1
0
1
-1
0
0
0
-2
-1
-1
-1
0
1
-1
0
-1
1
-2
-1
-1
1
0
1
-1
-1
-1
0
-1
-1
-1
0
-1
1
-1
-1
-1
-1
-1
-1
-1
0
-3
1
-3
-1
-2
0
-1
0
0
0
-1
0
0
0
0
1
0
-1
-1
-1
-3
-1
1
-1
-1
0
0
0
1
0
0
0
-1
0
-1
1
0
0
-1
1
-2
1
-1
1
-3
1
-1
1
0
0
-1
-1
-1
0
-1
-1
-1
0
-1
1
-1
-1
-1
-1
-1
0
-1
0
0
-1
-2
-1
0
-1
-1
1
-2
1
-1
-1
-1
1
0
1
-1
1
-1
-1
-1
-1
0
-1
-1
0
-1
1
1
0
-1
-1
-2
-1
-2
0
-2
-1
-3
1
-3
-1
-1
-1
0
0
-1
-1
-1
0
-1
-1
-1
-1
-1
0
0
1
-1
0
0
0
-1
-1
0
0
-2
-1
0
0
0
-2
-1
-2
-1
0
-1
-1
-1
-1
-1
0
-1
0
-1
-1
0
-1
0
-1
0
1
-1
0
-1
0
-1
1
1
0
-1
-1
0
0
-1
-1
0
0
-3
0
-1
0
-1
1
-1
1
-1
0
-1
-1
-3
-1
0
1
-1
0
-1
0
-3
0
-1
0
-1
-1
-1
-1
-1
0
1
0
-1
0
-1
0
0
1
-1
0
-1
0
-1
1
-1
0
-1
0
-1
-1
1
0
0
-2
-2
0
-2
-1
0
0
0
-1
-1
-1
0
-1
-1
1
-2
-1
-1
0
-1
-1
-3
1
-1
0
1
-1
0
0
-1
0
0
0
-1
-1
-1
-1
-1
1
-2
0
-1
-1
-1
-1
-1
0
0
-1
0
-1
0
1
0
0
0
0
0
-1
-1
0
-1
-1
0
-1
-1
-1
-1
0
0
-1
-1
0
-1
-1
-2
0
-1
-2
-1
1
-2
-1
-1
-1
-1
-1
0
0
-1
0
-1
-1
-1
-1
-1
-1
-1
0
-2
-1
-2
-1
-1
-1
-4
-1
-1
1
-2
0
-1
-1
0
-1
-2
0
-3
-1
-2
1
-1
-1
-3
0
-2
0
-1
0
-3
1
0
0
-1
-2
-2
0
-1
0
-1
-1
-2
-1
0
0
-2
1
-1
-1
-1
0
-1
0
-1
0
-1
1
-2
0
-1
-1
-3
1
-2
-1
-1
0
-1
0
-1
-1
-1
1
-1
-1
-1
0
-2
1
-1
-1
-2
-1
-1
2
-2
0
-3
1
-2
-1
-3
-1
-1
0
-1
-2
-1
-1
-1
0
-1
-3
-1
0
-1
-1
-1
0
-2
1
-1
0
-1
-1
-1
-1
-1
-1
-1
-1
-1
1
-1
-1
-2
-1
-2
-1
-1
0
-1
0
-1
0
-2
-1
-2
-1
-1
1
-1
0
-1
0
-4
-1
0
0
-2
-1
-1
-1
-2
-1
-3
0
-4
1
-2
1
0
0
-1
0
0
0
-1
0
-2
-1
-3
-1
-1
1
-2
-1
-2
-1
0
-1
0
-1
0
1
-2
-1
0
-1
-1
-1
-1
-1
-1
-1
0
-1
-2
0
-1
1
-3
-1
-1
-1
0
0
-1
-1
-2
-1
0
-1
-1
0
0
1
-1
1
-1
0
-1
-1
-1
0
-1
0
-1
-1
1
-1
-1
0
0
1
1
0
-2
-1
1
-1
-1
1
-1
-1
-1
0
0
-1
-1
0
-1
-1
-1
-1
-1
-1
-1
-2
-1
0
-3
0
0
-1
-2
-1
-2
-1
1
-1
-1
0
0
-1
-1
1
-1
-1
-1
-1
-2
0
0
-1
-2
0
-1
0
-2
-1
-1
1
-2
-1
-1
-1
0
-1
-2
0
-2
-1
-2
-1
-2
-1
-4
-1
-2
0
-1
-1
0
-1
-3
-1
-1
1
-2
-1
-2
-1
0
-1
-1
-1
-1
-1
-3
2
0
-1
0
0
-4
1
-1
0
0
0
-1
0
-1
-1
-1
1
-1
-1
-1
-1
-1
-1
-1
-1
-1
-1
-2
-1
1
-1
-1
1
-1
-1
-1
0
-1
-358
-46
23
-361
-3
360
-362
18
-360
38
355
-61
351
-83
-347
102
119
339
332
-141
323
-161
177
311
-198
-303
-291
212
-281
230
244
262
-252
259
232
-276
-218
286
-201
301
180
-313
322
161
146
-331
-126
337
-107
344
-354
-86
-356
-65
43
-360
-361
-22
360
1
20
359
-360
40
-62
-354
351
-83
-103
-345
-122
-342
141
331
-162
-325
313
-180
198
303
215
289
233
276
262
-247
249
-262
233
-278
216
-290
-198
301
180
-313
321
161
145
-334
-123
339
-104
346
-83
351
-63
355
-42
358
21
-361
359
-1
-21
-361
-41
-359
-354
62
85
349
-345
102
-124
-342
332
-144
323
-164
-312
182
-198
-303
-214
-290
-231
-276
-262
247
-263
-249
-276
-235
-288
-216
-301
-201
180
-315
323
159
-330
-144
123
-342
-103
344
-352
-85
62
-358
358
38
361
18
1
358
-359
19
360
-45
-355
62
-351
82
105
342
-338
122
-144
-334
-162
-323
-181
-313
199
299
288
-220
-233
-279
-262
247
-247
261
-279
-235
291
211
-303
-197
-315
-180
160
-326
332
139
-121
338
-103
346
81
-354
-356
-64
-40
357
-20
358
-3
-362
361
-25
-44
-359
-65
-356
84
349
107
344
-125
-339
-334
143
164
320
-315
181
199
297
216
286
232
274
-262
249
243
-265
-231
278
-215
291
194
-303
177
-315
-161
325
332
141
338
122
98
-346
78
-353
354
59
358
37
358
17
-6
-361
22
360
357
-47
66
356
-87
-351
-109
-345
-337
126
328
-147
164
322
-182
-310
201
301
-219
-287
272
-236
259
-252
-247
264
-228
277
214
-291
-305
-195
-315
-176
158
-325
-333
-139
-119
340
99
-346
79
-354
-356
-59
-358
-37
-19
358
3
359
26
360
-358
44
67
353
-350
85
108
343
336
-130
146
327
-320
165
-310
183
202
296
-286
218
-235
-274
-259
250
-266
-246
-281
-230
-293
-215
-194
303
315
175
-325
-158
139
-335
118
-344
-347
-100
354
75
-357
-59
-35
357
-16
358
362
-7
26
356
-358
46
354
-71
88
347
109
343
-340
127
328
-151
320
-170
-187
-310
-204
-300
-287
218
272
-239
-260
250
-268
-247
-281
-229
210
-296
-308
-194
315
171
-327
-158
332
135
-118
339
96
-349
-356
-79
-358
-59
32
-361
-361
-16
-8
-363
-361
26
47
356
354
-72
-351
88
344
-112
-338
129
-151
-330
-321
167
-312
186
202
296
-224
-286
269
-239
255
-255
-244
266
224
-281
-211
292
-194
305
-318
-175
153
-327
332
136
337
116
-351
-95
-77
354
-359
-54
33
-361
-14
360
6
361
-363
29
-52
-357
351
-71
91
351
-344
112
-338
132
-152
-329
319
-168
309
-188
-206
-296
284
-219
-240
-269
255
255
-240
269
227
-279
-208
293
-304
-190
-173
316
-154
327
335
135
342
115
96
-349
356
74
-53
356
-360
-34
15
-361
-7
-363
-358
28
-355
51
355
-72
350
-93
114
341
-334
131
-328
149
171
314
-187
-312
209
296
286
-225
271
-243
-256
250
-267
-244
-281
-228
-206
290
-305
-194
317
168
-153
323
-133
330
-343
-119
351
90
75
-357
-356
-57
-33
355
11
-363
-359
5
358
-37
355
-57
-77
-359
-95
-355
339
-118
130
331
325
-156
-318
168
-310
186
203
293
281
-227
238
266
