-310
199
-281
235
197
-303
268
190
-327
-206
151
-333
-174
314
313
119
100
-350
335
84
-367
-79
37
-364
346
23
346
6
348
-16
-374
28
-66
-361
341
-76
-362
93
-129
-345
-346
134
144
328
161
317
179
306
283
-208
-293
226
-251
-268
246
256
-248
273
-233
286
197
-295
298
190
313
170
-334
-151
332
131
-349
-110
-98
349
64
-354
45
-358
-366
-29
-365
-10
6
361
356
-35
354
-54
71
353
-354
95
-121
-343
-339
134
-331
155
313
-175
187
305
-298
209
-286
224
-245
-268
255
252
267
238
219
-284
202
-300
184
-310
-322
-172
325
149
-342
-133
-348
-112
-95
347
351
69
-360
-50
-30
358
-6
360
-361
13
-362
34
357
-56
-78
-354
347
-98
-344
115
333
-137
155
325
173
313
-195
-308
293
-212
225
279
-245
-268
-253
256
235
-273
218
-287
-299
-206
308
186
-321
-169
148
-330
127
-337
107
-347
-353
-91
-70
354
355
49
25
-361
-8
360
359
-17
34
358
-359
57
-79
-353
347
-96
339
-119
-140
-337
-159
-327
314
-175
-194
-308
291
-211
-229
-281
-246
-267
-255
258
-238
273
-287
-223
-206
298
-188
311
320
167
147
-328
-339
-129
-111
344
-351
-90
354
66
-48
357
-1
-1
-1
-1
-1
-1
-1
-1
-1
0
-1
-2
-1
0
-1
-1
-1
-1
-2
-1
-2
-1
-1
-1
-4
-1
-1
0
-1
-3
0
0
-1
0
-3
0
-2
-2
-1
-1
-1
-1
0
-1
-1
0
-3
-1
-1
0
-1
-1
-1
0
-2
-2
-1
-1
-3
-1
0
0
-1
1
-1
0
-1
-1
-2
-1
-1
-1
-1
-1
-3
-1
-1
-3
0
0
-2
-1
-1
-1
-1
-1
-2
-1
-1
-1
-1
-1
0
0
-1
-1
-1
0
-3
-1
-1
0
-1
0
-1
1
-1
0
-1
-1
-1
0
-1
-1
0
0
-1
0
-2
-1
-2
-1
-1
1
-1
-1
0
0
0
-1
0
-1
0
0
0
-1
-1
-1
1
0
-1
-1
-1
-1
-2
-1
-2
-1
0
-1
-1
-3
-2
0
-1
-1
0
1
-1
-2
-1
-2
-1
0
-1
-1
-2
-2
-2
-2
-1
-1
-2
0
-3
-1
-1
0
-4
-1
-2
-1
-2
-1
-3
-1
-4
-1
-1
0
-1
-1
-2
-1
-1
-1
-2
0
-2
-1
-2
0
-4
-1
-3
-1
-1
1
-1
1
-3
0
-3
0
-1
1
0
0
-1
1
-1
0
-1
0
-4
-1
-1
1
-1
-1
-2
-1
-3
0
-1
-1
0
0
-1
1
-3
0
-2
1
-1
0
-2
0
-1
0
-1
1
-1
1
0
-1
-2
1
-1
-1
-2
0
-1
2
-3
-1
0
-1
0
1
-1
-1
-1
-1
-1
-1
0
0
-2
-1
-1
-1
-1
0
-3
-1
0
-1
-1
0
-1
-1
-1
-1
0
-1
-2
-3
-2
-1
-1
1
-1
-1
0
0
-1
0
-1
-1
0
-1
-1
-1
-3
-2
-2
-1
0
-1
-1
-1
-2
-1
0
-1
-1
-1
-2
-1
-1
-3
-2
-2
-1
-2
-1
-4
-1
-1
-4
0
-1
-1
-2
-1
-2
-2
-1
-1
-1
0
-1
-2
0
0
-1
-1
-1
-1
-2
-2
-2
0
-2
-1
0
-2
-4
1
-1
-1
-1
-1
-3
-3
-1
-1
-2
-2
-3
-2
-2
-1
-1
-1
-3
2
-2
-1
-2
0
-1
-1
-2
-1
-2
-1
-3
-1
-1
0
-1
-1
-2
-1
-1
-1
0
1
-1
1
-1
-1
-2
0
-3
0
-1
-1
-1
1
-2
-1
-1
1
-1
-1
-1
-1
0
0
-1
1
-1
-1
-2
0
-2
-1
-4
1
-1
0
-1
1
-1
-1
-1
1
-2
0
-1
-1
-2
-1
-1
-1
-2
1
-1
0
0
1
1
1
-1
-1
-1
-1
-1
-1
-1
0
-1
-1
-1
1
-1
1
-1
-1
0
0
-1
1
-2
-1
-1
0
-1
-1
0
-1
0
-1
1
-1
1
-2
-1
-1
-2
-2
-2
-1
-1
-1
0
-1
1
-1
-1
-1
-3
0
-1
-1
1
-2
-1
0
-2
-1
-1
-2
1
-1
-1
-1
-1
-1
-1
0
1
0
-1
-1
-2
0
-1
1
-3
0
-1
0
-2
1
0
-1
-1
0
-2
1
-1
-1
0
0
-2
-1
0
-1
-3
-1
-3
0
-3
0
-1
0
-1
0
-1
1
-1
0
-2
0
-1
1
-3
0
-1
0
-1
-1
-4
-1
-2
1
-1
-1
-3
0
-1
-2
-1
-1
-1
-1
-1
1
-2
-1
-1
-1
-1
0
-1
-1
-2
-1
-2
-1
-1
0
-4
-1
-1
0
0
0
-3
-1
-2
-1
-1
-1
-3
-1
0
-1
-1
-1
-1
0
-1
-1
-1
-1
-1
-1
-1
-2
0
0
0
-1
0
-1
-1
0
-1
-1
-3
-1
-1
0
0
1
0
-1
0
1
-1
0
-1
1
-1
-1
0
-1
-1
-1
0
-1
-1
0
-1
-1
-1
1
0
-1
-1
0
0
0
-1
-1
-1
-1
-1
-1
-1
-1
-2
1
-1
-1
0
-1
-3
-1
-1
0
-1
-1
-1
-2
-1
0
-1
0
0
-1
-1
2
-2
1
-1
0
-1
0
0
0
-2
0
-3
-1
0
0
1
0
-1
1
0
0
-1
-1
-1
-1
-1
2
-1
1
-1
0
-1
-1
-1
-2
-2
0
-1
0
-1
0
-2
0
0
0
-1
0
-1
-1
-1
-2
-1
-1
-3
0
-1
0
-1
-2
0
0
-1
-1
0
0
-2
-1
-1
-1
-1
-1
0
-1
-1
1
-1
1
-1
0
-2
0
-1
-1
-1
1
0
-1
-1
-1
0
1
-1
1
0
1
0
0
-2
-1
-1
-1
0
-1
1
0
0
0
-1
0
0
-1
-1
1
-1
0
-1
-1
-1
0
-1
0
-1
-2
-1
-1
-1
0
-1
-3
-1
-1
0
-1
-2
0
0
-1
1
1
0
-1
0
-1
-1
0
-2
-1
-1
1
-1
1
0
-1
-1
0
-1
-1
0
0
-1
0
-1
0
-1
1
0
0
-1
-1
-1
-1
-1
-1
-1
-1
-1
0
-1
0
0
-1
-1
-1
-1
-1
-1
-1
-1
-1
-1
-1
0
-1
0
1
0
0
0
0
-1
0
0
0
-1
-1
0
0
-1
1
-1
-1
-1
-1
-1
0
-1
-1
-2
0
-1
0
0
-1
0
0
0
0
-1
-1
1
0
-1
0
-1
-1
0
-1
-3
2
-1
1
-1
-1
0
-1
-1
1
0
-1
-1
-1
-1
-1
0
1
0
0
0
-1
-1
-1
0
0
-1
0
-1
-1
0
0
-1
0
0
0
-1
1
0
0
-1
1
0
0
0
-1
-1
1
-1
1
-1
1
-1
-1
-1
1
-1
-1
-1
0
-1
-1
0
-1
0
1
-1
-1
-2
-1
-2
-1
-2
0
-1
0
-1
1
1
-1
-1
-1
-1
-1
-1
2
-1
-1
-1
-1
-1
1
0
1
0
-1
0
0
-1
1
-1
0
1
0
-1
0
-1
0
0
0
-1
-1
0
-1
-2
0
1
1
-1
0
-1
-1
0
-1
0
0
-1
-1
-2
-1
-1
-1
-1
1
-1
0
-2
0
-1
0
0
-1
0
-1
0
-1
-2
0
0
1
-1
-1
-1
-1
0
-1
-1
1
-1
-1
-1
-1
-1
1
-3
0
-2
-1
-3
1
-1
0
-1
0
1
0
-1
-1
-1
-1
2
0
0
-1
1
1
-1
-1
0
0
0
-1
-1
-1
1
0
-1
0
-1
0
-1
0
-1
0
-1
1
-1
0
1
-1
-1
0
-1
0
1
-3
1
0
-1
-1
-1
-1
-1
-1
-3
0
1
0
-1
0
-1
1
1
-1
0
1
1
1
-2
-1
-2
-1
-1
-1
-2
-1
-1
0
-1
-1
1
-1
-1
-1
0
0
2
-2
-3
0
0
-1
-1
0
-1
-1
-1
-1
-1
-1
0
1
1
-1
-1
-2
-1
-1
-2
-1
-1
-1
-1
-1
-1
-1
-1
-1
0
0
-1
0
1
-1
0
1
-1
-1
0
-1
-1
0
-1
0
-1
1
0
1
0
0
-1
-1
-1
0
-1
0
-1
-1
-1
1
-1
-1
-1
0
-1
1
-1
0
0
0
-1
-1
-1
-1
-1
-1
-2
-1
-1
0
1
0
0
-1
-1
-1
1
1
-1
2
-1
-1
0
-1
-1
1
1
-1
0
0
1
-1
0
-1
-1
1
-1
1
-2
1
-1
-1
-1
-2
-2
0
0
-1
0
-2
0
-1
0
0
0
0
-1
-2
-1
-1
0
0
-2
1
0
2
0
-1
0
1
-1
1
-1
1
-1
-1
-1
0
-2
1
-1
-1
1
-1
-1
-1
-1
-2
0
-1
-1
-1
-2
-1
-1
-1
-1
0
-2
-1
-1
1
1
-1
-2
-2
-3
1
-1
-1
-1
0
-3
0
1
-3
-1
-1
-1
0
-2
0
0
-1
-1
0
-1
-2
-1
1
0
0
0
0
-1
-2
-1
-2
-1
-1
0
0
0
0
0
-2
-1
-1
0
-1
-1
0
1
0
-1
-1
-1
0
-1
-1
0
0
0
0
0
1
1
1
1
-1
-1
-1
-1
-2
-1
-1
-1
-1
0
0
-1
0
1
0
0
1
-2
1
1
-1
0
-2
-1
-1
-1
-1
-2
0
-2
1
-2
0
-1
2
-1
1
-1
-1
-1
1
-2
1
-1
-1
0
-1
-1
0
-1
0
0
-1
-1
1
-2
-1
-1
-1
0
-1
1
1
0
0
-1
-1
0
-1
-3
1
0
1
0
-1
-2
1
-2
0
-1
-1
-1
1
-1
1
-1
-1
-1
0
0
0
-2
1
-1
1
-1
0
0
0
-1
-1
-1
1
-2
0
-1
0
-1
0
0
-1
0
1
-1
-1
-1
-1
-1
-1
-1
0
0
1
0
-1
0
-1
1
0
-1
0
-1
-1
-1
0
-1
-1
0
0
0
-1
-1
1
-1
-1
1
-1
0
0
1
0
-1
0
0
-1
0
-2
-1
-2
-2
-2
-1
-1
-1
0
0
1
1
-1
0
0
-1
-1
-1
1
1
1
-1
-1
1
-1
-1
0
-1
1
-1
0
1
-1
0
-1
-1
0
-1
-1
-1
-1
-1
0
-1
-1
1
0
-1
1
0
0
-1
-1
-1
0
-1
0
-1
-1
1
-1
0
-1
0
-1
-1
-1
-1
0
0
1
-1
-1
-1
-1
-2
-1
-1
-1
0
-1
-1
-1
-1
1
0
0
0
0
-1
-2
-1
-1
1
-2
0
-1
0
-2
-1
-1
-1
1
-2
0
1
-1
0
-1
-1
-1
-1
0
0
-1
1
0
1
-1
1
1
-1
-1
1
-1
-1
-2
-2
0
1
0
1
-1
-1
-1
-1
-3
-1
-1
-1
0
1
2
-1
0
1
1
-1
1
0
0
-2
0
0
0
-1
-1
-1
0
-1
-1
-1
-1
1
0
-1
-1
1
0
-1
-1
0
1
1
0
-1
0
-1
0
-1
0
0
1
-1
-1
-1
1
0
-1
1
-1
0
-1
-1
-1
0
-1
1
-1
-1
1
-1
0
1
-1
0
0
-1
-1
-1
0
1
1
0
1
0
-1
-1
0
0
-1
-1
-1
-1
0
1
1
-1
1
0
-1
0
-1
-1
-1
-1
-2
-1
-1
-1
-1
0
-1
-2
1
0
0
-1
-1
-1
-1
0
0
-1
-1
-1
-1
-1
1
1
-1
-1
0
-1
-1
0
-1
0
-1
-1
-1
0
-1
1
0
1
0
-1
0
-1
-1
-1
-1
1
0
1
-1
-1
-1
0
-1
0
0
-1
1
-1
-1
0
1
0
-2
0
0
-1
0
0
0
-2
-1
-1
-2
-1
-1
-1
-1
1
0
-1
0
-1
0
1
-1
-1
1
0
0
-1
-1
0
0
0
-1
0
1
-1
0
-2
-1
0
0
-1
0
0
0
0
0
-1
-1
-1
-1
-1
-1
-1
-1
1
-1
-1
0
0
-1
1
-1
-1
-1
0
-1
-1
-1
-1
-1
1
0
0
-1
0
-1
-1
0
0
0
0
-1
-1
0
-1
-1
1
0
-2
-1
-1
-1
1
-1
-1
-1
-1
-2
0
-1
-1
-1
0
0
1
0
0
-1
1
-1
-1
0
-2
-1
-1
0
-1
1
1
-1
-1
-1
-2
-1
-1
1
1
-1
0
-1
0
0
0
0
-1
1
-1
0
1
0
-1
0
-1
-1
0
-1
-1
0
-1
-3
-1
-1
0
-1
-1
-1
0
1
0
-1
-1
-1
0
0
0
-2
1
-1
0
0
0
-1
-1
1
0
0
1
1
-1
-1
1
1
-1
1
-1
-1
-1
-1
-1
-1
1
1
0
0
0
-1
1
-1
0
0
-1
0
1
1
0
-1
0
-1
1
-1
-1
-1
-1
-1
0
1
0
0
0
0
-1
-1
-1
0
0
-1
-1
-1
-2
-1
0
0
1
0
0
-1
1
-1
1
-1
-1
0
1
-1
-1
-1
-2
-1
-1
0
0
0
0
0
-1
1
1
-1
0
0
0
-1
1
-1
0
0
0
-1
0
-1
-1
-1
1
-1
-1
-1
-1
-2
0
-1
1
-1
0
0
1
-2
-2
-1
-1
1
1
-1
0
-2
-1
-3
-1
-1
1
0
-1
-1
-1
-2
1
-1
0
0
1
0
0
-2
1
-1
0
-1
0
-1
0
-1
-1
-1
1
0
-1
-1
-1
0
0
0
0
0
1
0
1
-1
0
0
-1
-1
-1
0
-1
-1
0
-1
-1
0
1
-1
-1
1
1
-1
-1
-1
0
-1
-1
1
0
-1
-1
0
-1
-1
-1
-1
1
-1
1
-1
2
-1
0
0
0
-1
1
1
-1
0
-1
-1
1
-1
0
1
0
0
-1
-2
-2
-1
1
-1
-1
-1
1
-1
0
0
1
-1
0
-1
-2
-1
-3
-1
0
-1
-1
-2
-1
-2
0
-1
0
-1
0
1
-1
1
1
1
-1
-1
-1
-1
0
-1
1
-1
0
-1
0
-1
1
0
0
-1
0
0
1
-1
-1
-1
1
1
-1
-1
1
-1
1
-1
0
-1
-1
-1
0
1
0
-1
1
-2
0
-3
0
-2
-1
-1
0
0
-1
0
0
-1
0
-1
-1
-2
0
-1
1
0
-1
-2
1
-2
1
0
0
0
-1
-1
1
-1
0
0
0
-2
-1
-1
1
-1
1
-1
1
-1
1
-1
-1
-1
1
-2
0
0
-1
-3
0
-2
-1
-1
-2
-3
0
-1
0
-1
-1
-1
-1
-1
0
-2
1
0
0
-1
-1
0
-1
1
2
0
1
0
-1
-2
0
0
0
-1
-1
-2
-1
-1
1
-1
-1
-2
1
-1
1
1
-1
-1
-1
-2
0
-2
-1
0
0
-1
1
-1
1
0
1
-1
1
0
1
-1
-1
-1
0
-1
0
-1
-1
-1
1
-1
0
-1
-1
-1
-1
-1
0
-3
-1
0
1
-1
0
-1
-1
0
-2
-1
-1
-1
0
-1
1
-1
0
0
0
0
0
-1
0
-1
0
-1
0
-1
-1
-1
0
-1
0
-1
1
-1
-1
0
-1
0
0
-1
-1
-1
0
-1
1
-1
1
-1
1
-1
-3
0
0
-1
0
1
0
0
-1
0
-1
0
0
-1
1
-2
1
-2
0
-1
-1
-1
-1
0
-2
-1
-1
-1
0
-1
0
-1
-1
-2
0
-1
0
-1
-1
-2
-1
1
0
-1
-1
-1
1
-1
-1
-2
0
-1
-1
0
-2
-2
0
-1
-3
-1
1
-1
-1
-1
-1
-1
-1
0
0
-2
-3
-2
-1
-1
-1
-1
-1
-1
-1
-1
-1
-1
1
-1
0
-1
-1
-1
-1
-1
-1
-1
0
0
0
-1
-1
-1
0
-3
1
-1
0
0
1
0
-1
-2
-1
-1
-1
-1
0
-1
-1
-1
-2
-1
1
-1
-1
-1
1
-2
-1
1
0
0
0
-1
-1
-1
-2
-1
-1
-1
-1
0
1
-2
2
-1
0
-1
-1
-1
0
-1
-1
-1
0
0
-1
0
-1
-1
0
-1
-1
-1
-1
-1
-1
-1
1
0
1
-2
-1
-1
0
1
0
0
1
-1
1
-1
0
0
-1
0
0
-1
-1
-1
1
-2
-1
1
0
0
1
-1
1
-1
-1
-1
-1
0
1
0
-1
0
-1
0
-1
-2
-1
-1
1
-2
1
-2
1
0
-1
-1
-1
-1
1
-2
-1
-1
-2
0
-1
0
0
-1
1
-2
0
0
0
1
-1
-2
0
-1
-2
0
0
0
0
-2
-1
0
0
-1
-1
-1
-1
-1
0
-1
0
-1
0
0
-1
-1
0
0
0
0
0
-1
2
0
-1
-1
0
-3
0
-3
-1
0
-1
-1
-1
-1
-1
0
-1
-1
0
-1
-2
0
0
-2
1
-1
1
-1
0
-1
0
-2
1
-1
0
-1
1
-2
0
-2
-1
0
1
0
1
-2
-1
-3
-1
-1
-1
-2
0
-1
-1
-1
0
-2
-1
-1
-1
-1
1
-3
0
-2
1
-1
0
-1
0
-1
-1
-1
-1
-2
1
-2
0
-1
-1
1
1
-1
1
-1
-1
-1
0
0
1
-4
-1
-2
1
-1
-1
-1
-1
-1
1
-1
0
-3
0
-2
-1
-2
0
-2
-1
-1
-1
-1
-2
-2
0
-3
0
-1
0
-1
0
-1
-1
-1
-1
-2
0
0
-1
-1
0
0
-1
-1
-2
-1
-1
-1
-1
-1
0
1
-1
-2
1
0
0
-2
0
-1
0
-1
0
0
0
0
-1
-1
-1
-2
1
-2
-1
-1
-1
-1
-2
-3
-1
0
0
-1
0
-1
-1
-1
-1
-1
-1
-1
-1
0
-2
-1
-1
-2
-1
-1
-1
-1
-1
-1
0
-2
1
0
-1
-2
0
-2
-1
-2
-1
-1
-1
-1
-1
-3
-1
-1
-2
-2
0
-1
-1
-1
-2
-1
-1
-1
0
-1
-1
-1
-1
-2
0
-2
-1
-1
-1
-1
-1
1
0
-1
0
0
0
-2
-1
-1
0
-1
-1
-1
0
-3
1
-1
-1
-1
-1
-1
-1
-1
0
-2
1
0
0
-1
-1
-1
-1
-1
-1
-1
-1
-1
-1
0
0
-2
0
0
0
-1
-1
-1
-1
-2
-3
0
-1
-1
-1
-3
0
-1
1
-1
-1
-1
-1
-1
-1
0
0
-3
-2
-2
-1
-2
-1
0
0
-1
0
-1
-1
-1
-1
-1
-1
-3
-1
-1
0
-2
-1
-2
-1
-1
-1
0
1
0
-1
-1
-1
-1
0
-1
-1
-1
-1
-2
-1
-1
-1
-2
-1
-1
0
-2
1
-1
-1
0
0
0
-1
-1
-1
-4
-1
-2
-1
-1
0
-1
0
-2
-1
-2
-1
0
-1
-1
0
-1
0
-2
0
0
-1
-2
0
-2
0
-1
0
-1
0
-3
-1
-1
-2
-2
1
-1
-1
-2
0
-2
-44
356
-362
-25
-361
-6
-361
17
359
-40
-61
-356
82
351
345
-104
121
337
-142
-335
159
322
-315
177
301
-199
-215
-293
-279
230
-267
245
248
-262
233
-277
-291
-219
-201
299
310
180
-164
324
-147
331
340
123
103
-346
-86
349
355
62
42
-360
-25
359
-363
-2
-361
19
-42
-357
-63
-356
352
-83
-105
-349
339
-124
141
332
323
-163
-315
178
-199
-303
290
-216
277
-233
-250
-264
-265
-249
-232
276
-291
-216
-198
302
-181
311
162
-325
144
-333
124
-339
-346
-104
83
-354
-356
-64
358
42
-21
358
0
-359
-21
-362
42
358
64
355
83
351
346
-105
339
-125
-146
-332
-322
163
180
313
-199
-302
218
288
-231
-277
249
261
247
-263
233
-279
215
-291
197
-304
180
-314
162
-325
330
139
-340
-124
-346
-105
352
81
356
60
-358
-42
-21
359
-363
0
-360
21
44
358
66
354
-351
82
105
342
126
337
331
-146
322
-166
-313
180
-199
-304
-289
215
276
-236
-249
-264
264
245
279
228
-291
-216
-198
301
-315
-181
-325
-163
333
140
339
119
345
98
-83
350
355
56
359
35
-358
-22
-361
-1
360
-24
-360
43
-66
-356
-352
83
-347
104
125
336
-148
-332
-165
-322
311
-186
-200
-301
-292
217
-235
-276
-250
-262
-267
-245
-281
-231
212
-293
192
-305
-180
313
-159
322
332
139
340
119
344
101
-82
351
358
59
36
-360
-362
-18
2
361
359
-25
358
-47
65
354
351
-87
-346
106
-339
127
144
331
-166
-321
310
-184
-301
202
-219
-288
235
274
-259
250
-245
264
279
229
-293
-213
-194
304
-178
313
325
157
139
-334
341
118
-347
-100
350
78
-59
355
-38
360
16
-361
5
358
-361
25
47
357
-354
66
-350
88
107
344
339
-130
-146
-330
168
318
-185
-312
-299
202
286
-221
-272
234
-251
-262
-266
-247
281
227
-293
-215
195
-305
-176
315
158
-326
136
-335
-343
-120
-348
-100
-78
351
-356
-60
36
-363
360
13
6
361
-362
27
-48
-361
69
351
-90
-354
-111
-345
-337
127
148
327
-167
-322
-187
-313
297
-206
284
-223
272
-238
251
255
-245
266
-282
-231
294
209
-194
305
173
-317
156
-327
334
134
-343
-119
95
-351
-78
351
-358
-59
-37
356
13
-363
6
359
360
-32
-358
47
354
-74
348
-93
342
-113
336
-132
148
327
168
318
-189
-310
-205
-299
-288
221
-274
235
-255
-260
-270
-243
279
226
292
209
-195
305
171
-318
-156
325
332
134
342
115
94
-349
352
76
51
-358
-35
358
-361
-14
-363
7
28
360
-52
-359
-355
72
90
351
-344
112
-132
-337
-330
151
-319
170
187
309
206
298
285
-223
238
273
-258
254
-241
269
-281
-224
295
208
-190
307
-172
318
325
155
136
-334
-343
-115
95
-349
-353
-74
358
53
-359
-32
363
12
10
360
-358
30
361
-54
354
-74
93
347
345
-117
-130
-337
331
-153
172
316
308
-191
209
293
-282
219
271
-243
257
252
-240
267
-226
279
-208
292
192
-310
173
-321
-327
-156
-334
-138
344
110
-349
-98
354
69
52
-361
30
-365
-9
356
12
357
356
-36
-359
49
71
350
347
-100
340
-119
-134
-341
151
323
170
315
-193
-310
-300
204
-227
-286
-243
-272
