-86
16
-59
55
-2
74
68
56
129
10
170
-57
182
-129
163
-192
119
-231
64
-231
22
-194
6
-139
24
-90
57
-71
74
-89
45
-118
-31
-117
-117
-54
-158
69
-115
199
20
283
187
258
313
127
327
-51
233
-204
74
-262
-71
-209
-136
-83
-108
46
-13
127
95
142
176
112
219
70
238
38
249
18
255
-1
248
-28
216
-54
157
-61
89
-32
35
32
19
109
40
175
90
208
147
201
190
152
209
76
192
-15
141
-97
59
-151
-28
-163
-97
-131
-123
-72
-98
-18
-40
4
20
-19
52
-69
45
-119
11
-144
-21
-136
-35
-113
-32
-90
-22
-83
-21
-83
-32
-79
-47
-59
-45
-22
-21
12
18
31
58
30
86
16
100
-1
103
-16
99
-27
88
-42
62
-59
13
-66
-46
-52
-99
-15
-127
33
-135
71
-134
85
-141
81
-169
83
-202
112
-203
173
-153
237
-53
267
67
235
156
140
179
19
129
-79
36
-113
-54
-75
-100
12
-93
107
-43
177
19
202
68
187
86
148
76
108
48
76
18
55
-8
37
-25
13
-42
-20
-67
-62
-106
-98
-152
-115
-186
-104
-189
-74
-156
-49
-98
-50
-45
-85
-23
-134
-40
-168
-71
-157
-86
-100
-52
-21
26
33
112
41
167
6
165
-34
121
-40
76
3
64
74
100
126
153
125
182
70
158
-8
86
-72
-3
-91
-71
-78
-99
-56
-97
-48
-91
-60
-87
-73
-81
-70
-57
-49
1
-28
78
-28
146
-58
179
-103
169
-135
129
-132
90
-91
62
-32
49
25
38
67
18
101
-7
128
-28
151
-42
159
-55
149
-78
126
-112
107
-137
112
-129
130
-75
139
8
102
78
16
93
-98
43
-184
-37
-201
-91
-148
-81
-72
-21
-28
42
-47
52
-104
-2
-143
-78
-117
-108
-28
-54
63
62
86
167
9
182
-121
88
-218
-60
-199
-163
-56
-147
144
-11
298
169
334
292
259
298
144
206
84
87
118
28
218
56
309
139
322
207
239
206
108
136
-8
43
-67
-17
-74
-18
-69
21
-93
56
-157
52
-233
6
-276
-53
-258
-87
-187
-74
-91
-23
-11
40
35
83
43
92
35
64
25
13
33
-43
64
-83
110
-93
157
-64
187
-10
179
49
119
78
18
59
-93
-8
-173
-90
-190
-144
-141
-139
-58
-70
13
33
37
122
6
168
-57
156
-113
107
-139
52
-127
14
-90
-4
-55
-10
-36
-18
-33
-32
-40
-51
-49
-72
-57
-88
-64
-98
-71
-103
-78
-96
-88
-86
-104
-75
-129
-77
-159
-102
-182
-144
-177
-189
-129
-206
-40
-173
64
-93
150
11
185
97
169
136
125
127
89
93
88
71
118
87
151
127
151
162
98
153
6
86
-83
-23
-132
-129
-122
-194
-70
-201
-15
-166
10
-127
-5
-111
-40
-122
-61
-134
-43
-115
6
-48
56
57
64
158
13
209
-83
187
-182
105
-238
5
-228
-66
-162
-91
-84
-77
-30
-58
-18
-65
-33
-110
-42
-165
-16
-199
44
-180
113
-114
152
-27
135
37
66
54
-23
25
-92
-21
-114
-50
-90
-35
-45
22
-13
95
-18
155
-59
173
-121
143
-171
79
-187
7
-154
-46
-82
-62
1
-45
65
-11
91
6
76
-14
40
-71
11
-144
18
-192
62
-194
118
-146
148
-78
129
-30
68
-28
-4
-66
-38
-108
-12
-108
64
-49
146
51
187
141
173
178
120
149
76
76
76
4
129
-33
203
-34
260
-23
273
-35
251
-74
225
-126
221
-151
241
-129
263
-64
252
18
195
82
97
112
-16
107
-116
83
-190
50
-233
11
-252
-32
-237
-69
-187
-81
-105
-51
-8
28
66
126
90
208
57
243
-8
224
-66
176
-91
131
-76
109
-48
105
-25
103
-16
88
-11
66
5
52
33
62
52
81
44
81
-4
38
-63
-41
-98
-119
-81
-152
-31
-116
7
-40
-18
13
-113
-6
-235
-101
-311
-218
-287
-281
-165
-242
-6
-110
104
47
125
156
67
174
-10
125
-48
59
-28
21
23
15
59
8
58
-31
37
-98
38
-152
87
-142
157
-55
194
68
144
153
5
139
-165
29
-284
-118
-288
-217
-189
-218
-49
-135
48
-35
63
16
10
-13
-49
-95
-63
-175
-16
-209
60
-190
119
-150
135
-120
116
-106
88
-94
70
-63
57
-13
23
31
-45
29
-131
-28
-191
-116
-182
-180
-100
-173
25
-91
127
32
157
131
109
168
14
137
-78
64
-128
-10
-139
-62
-122
-93
-105
-116
-92
-138
-76
-151
-47
-146
-9
-115
25
-74
35
-41
22
-31
1
-41
-8
-50
0
-47
10
-34
4
-32
-28
-64
-62
-126
-67
-179
-16
-181
76
-103
164
38
190
179
124
253
-13
225
-156
112
-232
-21
-208
-106
-98
-109
36
-44
130
35
157
84
131
82
92
50
79
28
100
37
131
84
142
141
115
182
58
190
-6
172
-48
148
-57
140
-41
151
-18
171
-1
185
7
186
11
170
16
144
24
110
40
71
57
30
77
-11
101
-39
131
-47
158
-28
171
11
151
54
94
75
-2
57
-114
-7
-216
-109
-274
-221
-273
-310
-209
-348
-103
-320
16
-237
107
-122
148
-9
134
71
78
106
7
95
-57
52
-88
-1
-83
-48
-40
-69
29
-56
110
-4
179
72
212
151
196
196
133
184
52
117
-6
22
-13
-58
36
-81
114
-45
175
25
177
82
115
87
27
37
-49
-35
-73
-91
-49
-105
-6
-89
24
-70
25
-77
18
-111
30
-147
81
-148
163
-102
235
-24
264
44
238
73
178
53
122
16
98
-6
100
1
100
24
72
30
17
0
-40
-59
-58
-110
-25
-112
43
-58
105
31
117
105
72
127
-3
93
-61
29
-72
-21
-39
-33
12
-9
40
19
28
23
-16
-11
-69
-71
-101
-138
-105
-185
-81
-202
-44
-188
-11
-146
5
-85
-4
-20
-45
26
-112
36
-192
8
-253
-45
-272
-91
-238
-104
-169
-72
-96
-11
-49
46
-39
81
-47
86
-52
83
-42
90
-30
105
-35
109
-69
76
-119
5
-148
-81
-131
-134
-64
-124
19
-52
74
42
66
112
4
130
-72
108
-120
78
-124
72
-99
93
-77
116
-79
110
-95
71
-95
21
-58
-6
12
12
81
62
108
103
86
103
31
59
-13
3
-20
-25
6
-8
28
38
5
69
-64
47
-152
-23
-209
-106
-201
-154
-138
-141
-58
-78
-8
-6
-6
40
-37
45
-71
25
-78
11
-52
20
-16
47
11
77
18
95
11
101
5
100
6
103
4
105
-6
95
-27
66
-49
23
-60
-22
-53
-56
-37
-78
-25
-97
-18
-123
-13
-150
4
-164
40
-151
80
-107
104
-58
95
-30
62
-38
30
-69
32
-88
74
-67
132
-9
167
57
153
86
96
62
37
-3
16
-61
48
-71
112
-25
162
54
161
117
105
141
24
124
-43
92
-80
67
-91
56
-96
40
-104
8
-104
-35
-74
-64
-5
-48
83
19
148
111
160
184
112
205
33
177
-36
124
-68
83
-69
64
-62
54
-64
34
-67
1
-50
-21
4
4
82
80
136
176
124
230
45
197
-54
79
-100
-61
-46
-138
96
-101
252
30
331
175
284
242
133
186
-35
30
-129
-141
-108
-247
8
-253
145
-176
233
-80
242
-16
187
-6
112
-42
51
-98
16
-158
6
-214
13
-257
37
-281
80
-264
135
-196
173
-91
163
12
95
73
-18
72
-131
18
-198
-47
-199
-87
-141
-85
-56
-42
24
15
83
76
119
129
136
175
130
204
92
203
25
155
-54
59
-117
-62
-135
-165
-105
-224
-48
-232
5
-211
28
-188
28
-178
28
-167
46
-135
83
-67
118
19
118
92
75
115
5
81
-52
14
-69
-52
-37
-86
21
-86
71
-66
95
-47
94
-35
81
-25
69
-8
49
13
16
21
-31
5
-73
-33
-86
-63
-53
-54
11
6
69
95
85
168
46
187
-20
143
-64
74
-59
21
-1
18
66
52
95
77
72
56
12
-24
-39
-132
-38
-218
13
-251
85
-235
135
-194
144
-165
120
-156
95
-143
88
-107
94
-38
91
40
57
95
-6
106
-61
85
-75
66
-37
84
33
139
91
204
104
233
73
205
28
123
7
28
28
-48
76
-93
121
-117
137
-146
127
-187
115
-225
120
-229
144
-186
166
-107
157
-25
108
31
40
51
-14
59
-31
81
-17
126
0
180
-7
207
-47
184
-94
117
-115
45
-92
0
-42
0
0
27
4
47
-34
40
-87
11
-115
-3
-103
30
-69
113
-52
210
-81
275
-153
273
-229
210
-262
124
-222
64
-128
46
-21
58
54
59
85
22
93
-51
115
-117
173
-139
247
-94
298
-11
281
63
191
83
59
46
-58
-23
-122
-72
-122
-69
-93
-21
-78
36
-105
56
-164
16
-214
-63
-214
-138
-151
-165
-49
-131
42
-60
86
6
71
30
19
15
-25
-15
-37
-23
-23
1
-9
45
-29
71
-83
48
-147
-23
-180
-107
-151
-161
-67
-154
30
-96
99
-25
105
15
64
6
16
-32
-3
-61
21
-46
59
8
72
74
39
108
-34
84
-106
20
-134
-46
-103
-75
-28
-52
45
-3
84
41
79
52
49
29
26
-6
23
-31
33
-35
34
-36
16
-52
-18
-83
-41
-119
-35
-127
-2
-97
31
-38
37
16
4
32
-49
1
-92
-59
-91
-112
-42
-132
30
-118
95
-90
130
-73
136
-75
134
-86
137
-90
148
-78
144
-60
115
-60
64
-93
12
-145
-10
-187
10
-188
61
-134
103
-45
100
37
44
78
-43
63
-119
20
-151
-14
-127
-12
-76
35
-27
101
-6
158
-18
184
-44
178
-62
155
-53
134
-28
123
-2
112
10
86
4
36
-8
-37
-10
-114
8
-175
44
-204
81
-202
101
-180
95
-156
63
-136
16
-124
-28
-114
-63
-98
-86
-81
-100
-65
-106
-59
-103
-64
-77
-69
-23
-57
53
-20
131
40
185
103
195
138
163
129
110
76
65
3
51
-59
70
-90
105
-84
132
-59
138
-30
126
-9
109
13
103
46
103
100
99
163
70
211
10
224
-71
193
-148
125
-199
46
-210
-23
-186
-62
-144
-73
-96
-57
-55
-21
-27
29
-15
84
-21
136
-42
169
-72
185
-98
185
-110
177
-106
173
-95
163
-86
143
-82
103
-78
49
-59
-4
-20
-33
31
-32
70
-12
75
-4
45
-24
4
-67
-19
-109
-2
-114
47
-66
95
18
106
101
66
143
-6
130
-71
81
-97
33
-74
13
-23
24
27
43
57
56
69
54
83
54
107
69
133
107
134
139
97
137
26
82
-47
-13
-81
-113
-58
-173
13
-170
93
-115
139
-40
136
22
87
53
21
57
-37
50
-76
45
-92
45
-91
54
-76
75
-50
110
-16
158
6
206
6
233
-18
217
-52
157
-69
77
-47
11
15
-13
93
7
149
50
158
85
121
86
60
59
8
19
-21
-11
-18
-27
-2
-27
18
-22
44
-11
78
11
119
53
153
110
152
154
103
154
11
92
-93
-21
-165
-144
-188
-234
-165
-268
-129
-250
-119
-214
-149
-192
-204
-199
-243
-214
-237
-206
-177
-145
-88
-32
-11
103
19
206
-4
248
-53
219
-89
145
-80
74
-21
40
59
50
113
85
111
104
48
77
-45
5
-122
-81
-148
-132
-119
-121
-63
-50
-25
45
-34
112
-82
124
-135
83
-153
27
-108
-8
-23
-3
65
28
113
47
107
24
65
-44
25
-129
16
-192
38
-203
70
-162
78
-95
47
-30
-20
12
-99
29
-165
32
-202
30
-208
30
-185
38
-141
55
-86
85
-34
117
-4
139
-10
125
-44
63
-83
-33
-94
-119
-62
-158
1
-129
44
-57
26
4
-64
1
-193
-81
-291
-201
-305
-297
-223
-316
-86
-252
36
-153
98
-76
94
-62
66
-100
62
-149
106
-163
177
-129
232
-71
236
-31
194
-30
131
-58
89
-81
86
-72
103
-21
111
52
85
105
22
119
-53
86
-114
26
-135
-37
-115
-86
-59
-110
18
-99
98
-52
167
22
204
106
193
173
139
200
57
185
-22
140
-74
91
-97
47
-100
10
-102
-40
-97
-107
-71
-169
-4
-197
98
-158
199
-65
250
37
215
89
111
57
-13
-45
-88
-156
-83
-218
-16
-204
59
-139
93
-76
72
-50
31
-59
9
-65
28
-35
62
30
73
93
28
106
-53
52
-122
-37
-129
-102
-65
-96
21
-23
73
67
54
111
-21
86
-90
23
-100
-20
-45
0
40
79
91
165
71
199
-1
153
-72
56
-88
-33
-35
-70
55
-45
126
11
144
54
106
63
45
45
-11
22
-52
9
-87
-5
-135
-37
-185
-98
-214
-165
-194
-207
-127
-190
-40
-120
20
-35
25
21
-18
27
-74
-6
-103
-44
-91
-54
-52
-25
-21
16
-17
47
-38
55
-58
54
-61
60
-48
84
-34
108
-40
107
-61
68
-74
5
-53
-52
13
-69
100
-42
170
7
192
37
167
31
125
1
99
-18
105
7
117
71
97
138
18
157
-103
103
-211
-3
-250
-100
-194
-124
-75
-58
40
68
82
182
30
214
-83
155
-187
37
-221
-66
-173
-95
-88
-49
-30
31
-49
81
-136
58
-242
-26
-298
-115
-266
-144
-160
-86
-40
40
35
177
37
265
-16
286
-74
255
-97
217
-75
202
-29
209
-2
216
-6
196
-35
149
-57
97
-54
71
-35
83
-25
112
-54
117
-114
80
-170
8
-175
-51
-107
-45
13
42
127
183
174
314
133
371
28
337
-82
234
-144
119
-137
37
-91
6
-48
4
-42
3
-78
-21
-140
-68
-201
-127
-239
-181
-251
-217
-238
-228
-205
-211
-159
-158
-111
-82
-81
-2
-88
45
-125
40
-167
-20
-171
-97
-112
-136
11
-106
149
-3
245
126
258
223
192
251
89
212
6
149
-24
107
-5
104
26
129
36
149
18
138
-14
98
-31
43
-18
0
16
-24
53
-36
78
-46
88
-56
88
-60
77
-55
53
-46
8
-51
-54
-77
-106
-112
-118
-121
-78
-66
-9
62
44
225
34
356
-50
403
-166
352
-247
243
-240
146
-140
111
4
148
124
209
167
239
134
202
61
106
-4
-11
-33
-111
-33
-177
-30
-221
-37
-257
-53
-288
-45
-290
-6
-235
59
-117
112
45
112
194
52
288
-50
305
-147
264
-193
210
-177
180
-123
185
-70
204
-50
208
-72
174
-108
105
-132
31
-119
-13
-78
-11
-33
29
-16
78
-36
101
-84
88
-123
52
-121
29
-72
45
2
105
61
180
68
223
22
202
-42
122
-78
25
-56
-28
13
-12
74
57
71
118
-16
110
-158
18
-281
-122
-317
-231
-250
-243
-127
-153
-30
-18
-16
78
-87
83
-181
5
-223
-90
-173
-134
-55
-97
64
-12
119
62
95
72
29
22
-21
-47
-22
-83
18
-68
53
-25
47
1
2
-11
-47
-49
-62
-74
-32
-51
15
11
30
66
-10
69
-83
8
-141
-90
-140
-163
-73
-171
18
-115
72
-43
55
-7
-21
-33
-107
-107
-155
-181
-142
-214
-92
-198
-40
-156
-16
-117
-22
-101
-33
-98
-29
-89
-3
-57
23
-3
25
47
-8
71
-70
53
-141
-2
-194
-76
-213
-148
-191
-191
-132
-195
-55
-149
20
-64
62
33
56
110
0
133
-82
96
-154
18
-180
-66
-151
-117
-82
-128
-9
-111
36
-91
47
-87
38
-98
25
-112
19
-110
9
-104
-13
-104
-49
-123
-86
-158
-101
-185
-83
-186
-45
-156
-9
-113
3
-86
-5
-91
-8
-112
16
-119
74
-87
139
-19
173
54
148
89
70
64
-21
-12
-81
-100
-89
-156
-56
-162
-17
-133
-5
-101
-26
-91
-66
-103
-88
-116
-74
-103
-25
-39
35
75
74
216
63
347
-13
429
-143
428
-295
334
-421
170
-468
-13
-411
-144
-252
-175
-52
-97
116
41
185
158
141
193
25
122
-88
-14
-131
-144
-81
-204
29
-175
139
-80
194
30
175
109
103
140
13
131
-63
95
-108
51
-122
8
-100
-21
-47
-21
24
13
89
71
118
118
101
119
51
67
10
-16
14
-83
66
-93
137
-47
176
11
150
35
75
1
0
-64
-23
-101
11
-74
67
11
84
100
33
129
-64
82
-141
-6
-140
-63
-60
-37
49
62
110
169
81
211
-16
160
-110
52
-135
-36
-76
-54
23
6
92
90
91
143
30
135
-40
91
-71
56
-55
57
-23
83
-10
103
-25
90
-47
51
-39
21
8
31
73
82
112
137
100
153
49
117
5
56
4
16
43
28
86
71
85
102
33
82
-47
13
-100
-64
-95
-100
-49
-75
-6
-19
-13
15
-71
-6
-137
-69
-157
-124
-114
-121
-33
-59
25
19
26
54
-26
16
-74
-70
-62
-139
25
-140
149
-62
242
45
253
122
185
127
85
66
6
-13
-15
-69
9
-78
52
-50
81
-6
88
40
78
85
58
126
28
146
-18
128
-64
62
-85
-28
-47
-103
56
-114
192
-58
304
35
340
102
295
98
200
21
122
-85
102
-165
136
-179
183
-141
202
-86
170
-51
104
-44
40
-49
2
-40
-11
-12
-20
18
-36
33
-57
24
-61
11
-37
16
8
45
49
83
59
103
36
88
5
52
-6
24
12
37
37
81
27
129
-33
136
-125
91
-202
21
-219
-15
-171
18
-99
112
-59
219
-91
276
-174
251
-257
163
-277
75
-213
40
-95
77
15
151
65
204
47
194
-11
118
-52
11
-40
-78
25
-116
115
-98
184
-51
205
-5
175
11
110
-12
41
-61
-4
-112
-12
-141
16
-124
57
-62
82
23
65
96
-2
117
-102
74
-190
-16
-228
-113
-197
-177
-115
-192
-17
-168
64
-135
119
-108
158
-76
202
-24
243
66
257
168
209
237
90
224
-60
124
-177
-22
-202
-136
-123
-156
7
-77
110
47
122
134
47
130
-64
40
-132
-76
-114
-153
-26
-153
76
-98
133
-36
123
-12
72
-30
25
-59
12
-62
19
-26
18
25
-18
53
-86
40
-148
6
-163
-10
-128
27
-71
107
-41
194
-69
228
-135
191
-190
110
-185
49
-105
59
5
144
73
247
43
295
-74
235
-214
79
-298
-100
-265
-216
-132
-214
35
-112
149
27
165
124
96
136
6
78
-33
10
7
-13
104
35
205
124
256
204
240
226
182
183
138
107
140
42
196
28
273
65
328
129
331
180
277
194
190
163
104
105
37
40
2
-19
-11
-65
-3
-93
16
-99
43
-82
68
-47
74
-11
55
8
11
-7
-39
-51
-65
-102
-54
-126
-12
-107
33
-54
47
-3
15
15
-48
-12
-101
-64
-110
-95
-64
-71
10
14
64
130
62
228
3
269
-87
252
-160
201
-186
158
-165
139
-125
141
-92
137
-77
115
-66
77
-37
49
21
59
86
110
126
176
112
216
46
194
-35
124
-85
42
-69
0
0
23
80
99
125
181
107
224
43
206
-24
145
-55
82
-37
50
5
53
33
65
21
51
-23
-9
-66
-97
-73
-170
-23
-187
60
-135
134
-33
160
73
122
144
42
163
-43
144
-99
114
-115
97
-101
91
-80
91
-67
77
-59
47
-46
8
-20
-28
16
-56
55
-77
85
-100
106
-129
128
-156
163
-158
211
-129
253
-69
271
4
244
55
177
70
93
47
18
4
-33
-37
-60
-70
-79
-98
-103
-136
-125
-185
-132
-231
-105
-240
-47
-197
16
-100
50
13
24
94
-54
107
-144
57
-190
-12
-156
-46
-50
-4
77
103
163
222
163
285
80
252
-29
125
-99
-35
-86
-160
8
-200
127
-154
207
-68
204
-4
122
0
6
-57
-89
-139
-121
-197
-93
-203
-30
-160
26
-94
54
-35
54
2
42
21
30
33
21
41
2
35
-30
5
-71
-49
-100
-106
-100
-139
-71
-126
-35
-69
-23
3
-57
49
-126
47
-194
8
-221
-34
-186
-40
-103
8
-10
98
45
185
41
231
-9
210
-78
136
-124
35
-128
-59
-90
-119
-26
-141
45
-123
105
-74
143
-8
152
60
132
112
91
132
48
126
26
110
37
103
74
121
113
147
133
160
119
134
90
70
71
-6
86
-56
133
-57
178
-19
190
26
151
42
79
20
16
-23
-6
-47
22
-29
70
24
103
76
102
92
84
66
86
29
127
21
199
66
255
144
247
198
152
184
4
85
-139
-61
-218
-190
-218
-250
-173
-233
-136
-173
-146
-119
-199
-107
-265
-129
-300
-158
-286
-163
-233
-140
-175
-105
-134
-82
-117
-86
-104
-115
-83
-148
-44
-168
3
-171
42
-162
65
-146
73
-127
66
-107
47
-89
18
-85
-19
-103
-49
-137
-48
-165
-4
-152
74
-79
146
39
168
162
113
236
-15
228
-170
144
-296
23
-356
-78
-346
-124
-296
-110
-251
-60
-239
-10
-257
19
-291
20
-313
4
-308
-16
-269
-25
-202
-17
-119
8
-35
49
32
98
69
133
71
140
44
111
10
55
-11
2
-8
-27
11
-23
27
-1
22
28
-6
41
-38
45
-56
58
-52
91
-41
138
-47
174
-83
170
-137
115
-182
23
-190
-71
-150
-143
-81
-180
-9
-198
52
-206
103
-204
163
-163
232
-69
292
78
295
229
216
320
60
308
-110
197
-218
51
-219
-49
-121
-58
6
13
81
91
57
95
-40
1
-133
-156
-148
-293
-58
-324
91
-233
211
-67
228
82
132
144
-29
112
-162
30
-206
-24
-158
-1
-69
91
-8
196
-20
251
-88
222
-161
134
-189
35
-143
-18
-54
-6
25
47
47
93
-4
91
-98
33
-186
-52
-234
-121
-231
-148
-204
-133
-186
-98
-197
-78
-231
-91
-264
-127
-269
-168
-235
-187
-176
-178
-113
-150
-70
-124
-54
-112
-62
-124
-77
-155
-88
-192
-85
-226
-67
-247
-37
-247
7
-221
55
-161
98
-74
118
21
100
99
49
137
-21
134
-80
99
-111
60
-106
36
-78
32
-51
35
-42
26
-51
-2
-61
-44
-55
-78
-27
