-413
-54
320
-58
-384
22
-383
45
-371
71
-370
89
318
-137
-355
132
311
-171
301
-187
-315
192
276
-223
262
-238
-277
243
235
-268
-247
276
202
-293
187
-305
168
-317
148
-324
-153
332
-134
338
92
-348
71
-353
51
-355
31
-358
-31
361
-8
362
-31
-358
-52
-358
-73
-353
-94
-349
-110
-347
119
337
139
330
158
321
-189
-313
194
300
-223
-289
228
276
242
261
259
247
273
230
286
214
-306
-197
-318
-179
321
160
328
139
337
121
-351
-103
348
81
351
59
354
40
-366
-19
357
-3
358
-25
-361
44
-360
63
-356
84
344
-108
-344
124
-334
144
-326
163
-5
-2
1
-1
1
0
-1
-1
-1
-1
-1
-3
0
-2
-1
-1
-1
-2
-97
-351
-117
-345
332
-139
155
324
-175
-319
-308
192
-210
-296
-284
224
240
266
-255
255
-274
-240
-286
-221
296
202
308
185
317
166
327
149
334
129
-112
344
348
88
-356
-71
-360
-49
25
-362
-361
-8
12
360
32
357
-58
-358
-356
76
-98
-349
-343
118
-335
136
-329
153
315
-175
-306
192
293
-211
279
-228
-268
242
257
252
-238
272
284
218
-205
297
-310
-185
165
-321
325
147
-131
336
-345
-110
-353
-89
-69
353
-50
358
-1
-1
-1
-1
-3
0
-1
-2
-2
-1
-1
-1
0
-1
-1
-1
-1
-2
-2
-1
-1
-1
-1
-1
-2
0
-1
-1
-1
0
-1
-2
-1
-1
-1
-1
-1
-1
-1
-3
-1
0
-3
-1
-1
-2
-1
0
-1
-1
-2
-1
-1
-1
-1
-1
-1
0
-1
-1
-1
-1
-3
1
-2
-1
-1
0
-1
0
-2
-1
0
-1
-1
-1
-1
0
-1
-1
-2
-1
-1
0
-1
-1
-1
0
-1
-1
-1
1
-1
-3
0
-1
-2
-1
-2
-1
-2
-1
-4
0
-1
1
-1
-1
-1
-1
-1
-1
-1
-1
-1
-1
0
0
-1
-1
-1
0
0
-3
1
0
0
-1
-1
-1
-1
-2
-1
-1
-2
1
-1
0
-1
-1
-1
-1
0
-1
0
0
0
-1
-2
-3
-1
-1
-2
-1
0
0
0
-1
-1
-1
-1
-1
-2
-1
-1
-1
-1
0
-1
-1
-1
-1
-1
-1
-2
-2
-4
-1
-1
-2
-3
-1
-2
-1
-3
-2
-1
0
-1
-2
-2
-1
-2
1
-2
-1
-2
-1
-1
0
-3
-1
-1
0
-1
1
-2
0
-2
0
-2
-2
-1
0
-1
0
-3
1
-1
0
-3
-1
-1
1
-2
-1
-1
0
-1
1
-3
-1
-2
1
-3
2
-1
1
-1
-1
-1
-1
-4
-1
0
0
0
1
-1
-1
-1
-1
-1
1
-3
-1
-1
0
-3
-2
-1
-1
-1
-1
0
1
-1
-1
-1
-1
-1
0
-1
1
-1
-1
0
-1
-3
1
-1
-2
1
-1
-2
1
-2
0
0
-1
-1
-1
0
-1
-1
-1
1
0
-2
0
-3
-1
0
-1
0
-1
-1
-1
-1
-3
-1
1
-2
0
-2
-1
-1
0
-1
-1
-2
-2
-1
-4
0
0
0
0
-1
0
-1
-2
-2
-1
-2
-3
-2
-1
-1
-4
-2
-1
-1
0
0
-1
-3
-1
-2
-1
-2
-1
-1
0
-1
-1
-3
-2
-3
-3
-1
-1
-1
-2
-3
-1
-2
-2
-2
0
-1
-2
-1
-1
-3
0
-1
-1
-1
-1
-2
0
-1
-1
-2
-1
-2
-1
-4
-1
-3
-1
-4
-2
-1
1
-3
-1
-2
-1
-2
1
-1
1
-2
0
-2
-1
-4
-1
-3
-1
-1
-1
-2
0
-2
-2
-1
0
-1
-1
-1
-1
-1
1
0
1
-1
-1
-3
1
-1
0
-1
2
-1
-1
-2
-1
0
0
0
0
-1
0
-1
0
-1
1
-1
1
-1
0
-3
-1
-1
1
-1
0
0
-1
-2
-1
-1
0
-1
-1
0
-1
-2
1
0
-1
0
2
-1
-1
-1
-1
-1
-1
-1
-1
0
1
-2
0
-1
0
-1
-1
-1
0
-1
1
-2
1
-1
-1
-1
-2
-1
1
-1
-1
-2
-1
1
0
-2
-1
0
-1
0
0
-1
-1
0
-1
-1
-1
-1
-1
-2
-1
-1
-1
-1
-1
-1
-1
0
-1
-1
0
-1
-1
-1
-1
-1
-1
-2
-1
-1
-1
-2
-1
-1
-1
-1
0
-1
-1
-2
-3
-1
0
-1
0
-3
-1
-1
-1
-1
0
-1
-1
0
0
-1
-1
-2
-1
-1
-1
-2
0
-1
0
-1
0
-1
-1
-1
0
-1
0
-1
0
-1
0
-2
1
-1
-1
-1
-1
-2
0
-1
0
0
-1
-2
0
-1
0
-1
-1
-3
1
0
0
-3
-1
-1
-1
-2
-1
-1
-1
-1
-2
-1
0
-1
-2
-2
-1
-1
-1
-2
-1
-1
0
-1
-1
-1
-2
-2
0
-1
-1
-1
-1
-1
0
-1
-1
-1
0
0
-1
-1
-1
-2
-3
0
0
-1
-1
0
0
-1
-1
-1
1
-1
-1
-1
-1
-2
-1
-1
-1
-1
-1
-1
-1
-2
-2
0
0
0
-1
-1
-1
-1
-1
0
-1
-2
0
-1
-1
-1
0
0
-1
-1
-1
-1
-1
0
-1
0
-1
-2
1
-1
-1
-1
1
-1
0
-1
-1
-2
-2
-1
-1
0
-1
-1
-2
-1
-1
0
-1
-1
-2
-1
-1
-4
-1
0
-1
1
-1
0
0
-2
-1
-1
-1
-1
-1
-1
0
-1
0
-1
0
-3
1
-2
-1
-2
-1
-1
0
-1
-2
-1
0
-1
0
-1
-1
-1
-1
-1
-1
-1
0
0
-1
0
-1
-1
-1
0
0
-1
-1
-1
-1
-1
-1
-1
1
0
-1
-1
1
1
0
-1
0
-1
0
-1
-1
0
-1
0
-1
-1
1
-3
-1
-2
0
-1
-1
0
-1
-1
0
-1
-1
-2
0
-1
-1
0
-1
-2
0
-1
1
0
1
-1
-1
-1
-1
-1
-1
-1
0
0
-1
-1
-1
-1
0
-1
-1
0
-1
-1
-1
-1
1
0
-1
-3
-1
-2
-1
-3
0
-1
-1
-1
-1
-1
0
-1
0
-4
-2
-1
-1
-2
-1
-1
-1
-1
0
-1
0
0
1
0
-1
-1
1
0
-1
-3
-1
-1
-1
-1
0
-1
-3
-2
0
-1
0
-1
-1
-1
-1
-1
0
-1
-2
-1
0
-1
1
-1
-1
-1
-1
-1
-1
0
-1
-1
-1
-1
0
-2
-1
-2
1
-2
0
-3
-2
-1
-1
-2
0
-1
0
-1
-1
-1
0
-1
0
0
-1
-1
0
-1
-1
0
-1
0
0
-1
1
0
1
0
1
0
0
-1
-1
-1
1
-1
0
0
-1
-1
-1
-1
-1
0
-1
-2
-1
1
-1
-3
-1
-2
1
-1
0
-1
-1
0
1
-1
0
-1
1
-2
-1
-3
1
0
1
0
0
-1
-1
-1
1
0
-1
-1
-1
-1
-1
-1
-1
1
-1
0
-1
-1
-1
-1
-1
-2
-1
-1
1
-1
1
-1
-1
0
-1
-1
-1
-1
-1
-1
0
-1
-1
-2
-1
-2
-2
-1
0
-1
1
0
-1
-1
1
-1
0
-1
-1
-1
1
-1
-1
-1
0
-2
-1
-1
0
-2
-1
-1
0
-1
0
-3
1
0
-1
0
-1
-1
0
0
0
-2
-1
-1
-1
0
0
-1
-1
-1
-1
-1
-1
-2
-1
-1
0
-3
-1
-1
0
-1
1
1
0
-1
-1
-1
-1
-1
-1
0
0
-1
0
-1
1
-1
-1
-1
-1
-1
0
-1
-1
0
-1
-2
0
0
-1
-1
-1
-1
0
-1
-1
1
1
-1
-1
-1
1
0
1
-3
0
0
-1
0
1
-1
0
0
0
-2
1
-1
0
1
1
0
1
-1
-1
-3
0
-1
0
-1
0
-1
1
1
-1
-1
0
-1
-1
1
0
0
-1
1
-3
0
1
0
1
0
-1
1
-1
0
0
0
0
-1
0
-1
-1
-2
0
1
-1
0
0
0
-1
-1
-1
1
-1
-1
1
-1
-1
-1
-2
-1
-1
-1
1
0
-1
-1
-1
-1
0
-1
-1
-1
-1
-2
-2
-1
1
0
0
-1
0
-1
1
-1
-1
-3
-1
-1
1
0
-1
1
0
-1
0
-1
0
1
1
-2
1
1
-1
-1
0
-1
1
-1
-1
-1
-1
-2
1
-1
0
0
1
-1
0
-1
1
-1
-1
-1
1
-2
1
1
1
0
1
1
0
-3
1
-1
-1
-1
1
-1
2
-1
-1
-1
-1
-1
-1
-1
-1
0
1
-1
-1
1
-1
0
-1
-1
0
-1
-1
-1
-1
0
-1
-1
1
0
1
-1
-1
1
1
0
-1
-1
1
-1
-1
1
1
0
0
-1
1
-2
-1
-1
0
-1
-1
-2
-1
-1
0
-1
-1
-1
-1
-1
0
0
1
-1
1
0
1
-2
-1
-1
-1
-1
0
1
-1
0
-1
-1
1
-1
-1
-1
-1
-1
0
-1
-2
0
0
0
1
-1
0
-1
-2
-1
1
1
1
-1
-1
-1
0
-1
0
-1
1
-1
1
1
0
-1
1
-1
0
1
0
-2
1
0
-2
1
0
-1
-1
-1
1
0
0
-1
-1
0
-1
-1
1
-1
-2
-1
1
-1
0
0
0
1
-1
-1
-1
-1
-1
-1
-1
0
-1
0
-1
-2
-1
0
-1
-1
-1
1
-1
0
-1
-1
2
-1
0
-1
-1
-1
0
-1
-2
-1
-1
1
-1
-1
-1
-1
-1
-1
0
-1
-1
0
0
-2
0
0
1
-1
1
-1
-1
1
1
0
-1
1
0
-1
0
0
-1
-1
1
-1
2
-1
0
-1
0
-1
1
0
1
-2
1
1
-1
-1
0
-1
0
0
-1
0
-1
0
0
0
1
-1
-1
1
-1
0
-1
-1
0
0
-1
-1
-1
-1
1
-1
1
0
-1
0
2
-1
-1
0
1
-2
0
-1
0
-1
0
-1
1
1
0
-1
0
0
-1
-1
1
-1
1
-1
-1
-1
-1
1
1
1
-1
2
1
-1
-1
-1
-1
1
1
0
0
-1
-1
-1
0
-1
-1
0
-1
-1
0
0
-1
0
1
-2
0
0
-1
-1
-1
-1
0
-2
-1
0
1
-1
-1
-1
0
-2
-1
-1
1
0
-1
-1
0
-1
-1
0
0
-1
1
-1
1
-1
0
-1
-1
-1
-1
-2
-1
-1
-2
-1
-1
0
-1
-1
-1
-1
-4
-2
0
-1
1
-1
-1
1
1
0
0
-1
0
-1
0
-1
0
0
0
-1
-2
0
0
0
-1
0
-1
-1
-1
1
-1
-1
-1
1
1
1
-1
-1
-1
-1
0
-1
-1
-1
-1
1
1
0
-1
-1
1
0
2
1
0
0
1
-1
1
0
0
-1
-1
1
0
0
1
1
-1
-1
-1
-1
1
-1
1
-1
-1
0
-2
1
-1
0
-1
-1
0
1
1
-1
0
-1
1
-1
1
1
1
0
-1
-1
-1
0
-1
1
1
1
0
-1
-1
-2
0
1
0
-1
-1
0
-1
0
-1
1
-2
0
0
0
-1
0
-1
-1
-1
0
0
-1
-2
1
0
0
-1
1
-1
1
0
-1
-1
0
-1
-1
0
0
0
0
-1
0
-1
-1
-1
-1
1
-1
1
1
1
1
-1
-2
1
0
-1
-1
-1
1
-1
-1
-1
-1
0
-1
0
0
1
-1
-1
0
-1
0
-1
0
-1
-1
-1
-2
1
1
-1
0
-1
-1
-1
1
0
1
1
1
-1
1
-3
0
1
-1
0
0
0
-2
0
0
0
1
-1
-1
-2
0
-3
1
-1
0
0
0
-1
1
0
-1
0
-2
0
0
1
0
-1
-1
-1
1
1
-1
0
-1
0
-1
0
1
-1
-1
-1
0
-1
0
-1
-1
1
-1
-1
0
-1
0
0
-1
-1
-1
0
1
-1
0
-1
0
0
0
0
0
-1
-1
-1
-1
-2
-1
0
1
-1
-1
0
-1
1
1
0
0
-2
0
-1
-1
-1
-1
-1
-1
0
0
0
-1
-1
1
0
0
-1
2
-1
-1
1
0
-1
0
-1
1
-1
-1
-1
0
0
1
1
-1
-1
1
-2
-1
0
0
-2
-1
-1
0
-1
1
-1
1
0
-1
0
-1
-1
-1
1
-1
0
-1
-1
0
-1
-1
0
0
1
-1
-1
-1
-1
0
-1
-1
-2
-1
0
-1
0
1
1
0
-1
2
-1
2
-1
0
-1
1
-1
-1
-1
-1
-1
-1
0
0
0
0
-1
-1
1
1
0
0
0
1
0
-1
-1
-1
-1
0
0
0
-1
1
-1
0
-1
1
1
0
-2
-1
-2
-1
-1
0
1
0
-1
0
-1
1
-1
-1
1
1
-1
1
-1
-1
0
-1
-1
0
0
0
-1
-1
-1
-1
-1
-1
0
-1
-1
1
-3
0
0
0
-2
1
1
0
1
-1
0
1
-1
-3
-2
-1
-1
1
-2
-1
-1
-1
-1
0
-1
-1
-2
-1
0
1
-1
-1
0
0
0
0
-1
0
-1
1
-1
0
0
-3
1
-1
-1
-1
0
1
1
0
-1
0
0
-1
-1
0
-1
-1
-1
0
-1
-2
1
1
-1
0
-1
1
-1
-1
1
-1
0
0
-1
-1
-1
0
-1
0
0
1
-1
0
-1
0
-1
0
-1
0
0
0
-1
-1
-1
0
-1
0
-1
-1
-1
-1
-4
-1
-1
-1
-1
-1
-1
-1
-3
0
-2
1
-1
1
-1
1
0
-1
-1
-1
0
0
1
-1
-1
0
-1
0
1
0
0
-1
-1
1
-1
1
1
-1
-1
1
-1
1
-1
0
0
-1
0
-1
-1
1
0
-1
1
-1
0
1
-1
1
0
0
1
-1
-1
1
0
-1
-1
-1
0
-1
0
1
1
1
0
-1
-1
1
-1
-1
-2
1
0
-1
-1
1
-1
1
-1
0
-1
1
1
-1
-1
2
-2
-1
-2
-1
-1
0
-1
1
-2
-1
-2
0
0
1
-1
-2
-2
1
0
0
-1
-1
1
0
-1
1
-1
-1
-1
1
1
1
-1
0
-2
1
-2
-1
1
-1
-1
0
-1
-1
-1
0
-1
-1
-3
-1
-1
0
-2
-1
-1
0
0
0
0
1
0
-1
-1
-1
1
1
-2
-1
-2
-1
-1
0
-1
0
-2
0
-1
0
-3
-1
-1
1
-1
-2
-2
0
-2
0
-1
-1
-1
1
-3
-1
0
-1
1
-1
1
-1
-1
1
-2
0
0
-1
1
-1
-1
-1
0
-1
-1
0
-1
2
-1
1
-1
-1
-2
0
-1
-1
-1
0
-1
1
-1
0
-1
1
-1
-1
-1
0
-1
0
0
-1
-1
-1
-1
-1
0
0
-1
1
-2
-1
-1
-1
-1
0
0
-1
-1
1
1
1
1
1
-1
1
0
1
-1
1
0
0
-1
1
-1
-1
-1
1
-1
1
-1
0
0
0
-2
-1
1
0
-1
-1
-1
-1
0
1
0
-1
-1
-1
-1
0
-1
1
0
1
-1
1
0
0
-1
0
-1
0
-1
1
-1
1
-1
0
0
0
0
0
0
-1
-1
0
-1
-1
0
1
-1
-1
-1
-1
-2
0
0
0
-1
0
-1
-1
-1
-1
-1
0
-1
1
-2
0
-1
0
-1
0
0
-1
-1
-1
0
-2
0
-1
0
-1
0
-1
-1
0
0
-1
-1
-1
-1
-1
0
-1
0
-1
-1
1
-2
0
-1
1
-1
0
-1
0
-1
-1
-2
0
-1
0
-1
-1
-1
-1
-1
1
-2
-1
-2
-1
0
1
-1
-1
-1
-1
-1
0
0
1
-1
-1
-1
-1
-2
1
-2
-2
-1
-1
0
-2
-2
0
1
1
-1
0
0
1
-1
1
-2
-1
-1
1
-1
-1
0
-1
-1
-1
-1
-1
-1
1
0
0
0
-1
-1
-1
-1
-1
0
-1
-1
1
0
1
1
0
0
0
-1
-1
-1
0
-1
1
-1
-1
-1
-1
0
0
-1
0
-1
-1
-1
-1
0
-1
-1
1
-1
-1
0
-1
0
-1
-1
-1
1
-1
-1
1
-2
-1
-1
-1
-1
1
-1
-1
-1
0
-1
-1
0
-1
-1
0
0
0
0
1
-1
0
-1
-1
-1
0
-1
1
-1
0
-1
0
-2
0
-2
1
1
-1
-1
2
-2
0
-1
0
-1
1
0
1
-1
0
0
-1
-1
-1
-1
-1
0
0
0
-2
0
0
-1
0
-1
0
-1
0
-1
0
-1
0
-1
0
-1
0
-1
0
0
-1
-1
1
-3
-2
-1
-1
0
-1
-1
-1
-2
-1
-1
-1
-1
-1
0
1
1
0
-1
-1
0
-1
0
0
-1
-1
0
0
0
-1
0
-2
-1
0
-1
-1
-1
0
0
0
-1
1
-2
-2
-1
0
-1
0
-1
0
-1
-1
-2
-2
-2
-1
-2
-1
-1
-2
-1
0
-1
1
-1
1
0
-1
-2
1
-1
-1
-1
0
-2
0
-1
0
-1
-1
-1
-1
-3
0
-1
-1
0
1
0
-1
-1
0
-1
-1
-1
0
-2
-2
-1
0
-2
-1
-1
-1
-1
0
-1
0
-2
0
-1
-1
-1
-1
-1
-1
-1
1
1
-1
-1
-1
-1
-1
-2
0
-1
-1
-1
0
-1
0
-1
0
-4
0
-2
-1
-1
1
-3
0
-1
0
-1
1
-3
-1
-2
-1
-1
-1
-2
0
-2
0
-1
0
-2
-1
-1
1
-1
-1
-1
1
-3
-1
0
-1
-1
0
-2
2
-1
-1
-1
-2
-3
-1
-1
-1
-2
0
-1
0
-1
0
1
-1
-1
-1
-1
0
-1
0
-2
1
-1
0
-1
0
-1
-1
-1
2
-4
-1
-1
0
-1
0
0
0
-3
1
-3
-1
-1
0
0
-1
-1
0
-3
1
-1
-1
-2
-1
-1
-1
-1
0
-1
0
-1
-1
-1
1
-1
-1
-1
0
-4
-1
-1
1
-1
0
-1
-1
-2
1
-1
-1
-1
-1
0
0
0
-1
-1
0
-3
-2
-2
-1
-1
-1
-1
-1
-1
-1
-1
0
-1
-1
-1
-1
0
-1
-1
0
-1
-1
-1
-1
-1
0
-1
-1
-1
-1
1
-1
-1
0
-4
0
-1
0
-1
-1
-1
1
-3
0
-1
0
-1
-1
-1
-1
-1
-1
0
0
-1
-1
-2
0
-1
-1
0
-1
-1
0
-1
-1
-1
-2
-1
0
-1
-2
-1
0
-4
0
0
0
0
0
-1
-1
-1
1
-1
1
-1
-1
-1
-1
-1
-1
-2
1
-2
-1
-1
-1
-1
-1
-2
1
0
1
0
0
-1
-1
-1
-1
-2
0
-1
1
-1
1
-1
0
-2
-1
-1
1
-4
-1
1
0
-1
0
-4
-1
0
1
0
0
-2
-1
-1
-1
-1
1
-1
-1
-2
0
-1
-1
-3
-1
0
0
0
0
-1
-1
-1
-1
-1
-2
-1
-1
-1
1
-1
-1
-2
0
-1
-1
-1
-1
-1
-1
-1
-1
-1
-45
354
22
-361
360
1
18
359
39
356
-62
-356
-82
-353
-349
98
-340
121
-334
139
-163
-325
-180
-315
-304
196
214
289
230
277
262
-247
-250
261
274
232
288
217
-303
-199
310
181
320
163
-146
330
337
124
-344
-105
349
83
-64
355
42
-359
358
21
-2
361
-20
-361
-41
-359
62
356
-83
-351
102
346
339
-123
141
332
-325
162
-312
179
300
-199
288
-216
231
277
-247
-264
-249
262
-231
274
-216
288
-301
-199
178
-313
-323
-164
-332
-144
339
124
105
-345
-350
-83
-355
-65
-42
358
-22
359
359
0
21
361
-42
-358
62
354
83
349
-344
102
-123
-339
331
-144
-162
-322
180
311
-199
-303
288
-217
-275
229
-262
247
-246
260
232
-277
-289
-215
-302
-201
-179
311
163
-325
143
-335
-121
339
346
100
82
-354
355
59
42
-361
-18
358
0
359
23
357
-358
41
-355
64
-350
83
104
342
-124
-341
144
329
-322
163
-181
-314
-301
197
-288
214
232
273
261
-251
247
-264
230
-281
290
211
301
194
-313
-181
-160
320
-334
-144
121
-342
-347
-106
-351
-84
61
-359
-40
355
361
17
-363
1
22
360
45
356
354
-65
84
349
106
344
-339
124
145
330
164
320
182
310
298
-199
216
286
-276
232
260
-250
262
245
-232
278
-216
290
-199
301
-179
313
158
-325
-141
332
119
-340
345
100
-81
352
-61
355
358
39
18
-359
360
-3
-362
24
357
-46
352
-66
-88
-350
-107
-345
339
-129
330
-146
321
-165
-312
182
-203
-300
-288
217
-235
-274
-251
-260
243
-265
-228
276
-293
-214
303
194
-314
-177
158
-324
334
140
120
-342
-346
-100
-351
-80
358
57
359
37
363
16
-361
4
27
358
47
357
-354
67
349
-88
108
344
-337
127
331
-148
-165
-322
-185
-310
-203
-301
-218
-288
274
-237
258
-252
-244
265
228
-281
292
211
-194
303
315
175
-325
-161
-137
330
-118
338
-347
-100
-80
351
-356
-61
-39
358
16
-363
-6
-363
-360
25
357
-48
-69
-356
-352
87
-108
-346
337
-130
-148
-332
167
318
-310
182
204
296
218
285
236
269
-259
248
266
241
279
225
-211
291
-307
-194
314
173
-327
-158
-334
-138
339
117
-349
-99
351
73
-358
-59
-360
-38
-15
358
-363
5
-30
-362
-360
46
352
-71
-351
90
-346
109
-337
128
-151
-330
167
317
-311
187
202
295
-288
218
235
272
-256
-260
-269
-244
280
226
-296
-210
304
191
313
173
-158
326
-139
334
116
-342
-1
-2
-1
-3
-1
-2
-1
-1
-1
-1
-1
0
-1
-2
-1
0
299
199
310
182
320
163
330
146
339
126
346
106
351
86
354
65
356
44
361
24
-362
-1
361
-19
360
-41
356
-61
354
-81
349
-102
-340
120
333
-141
324
-162
316
-180
-303
196
291
-214
-278
231
264
-247
-248
260
235
-277
216
-289
-199
300
-181
311
165
-323
145
-334
124
-342
-104
343
-83
347
-64
353
45
-363
-18
356
2
-364
21
357
-40
-362
-61
-359
-83
-356
-102
-349
-123
-343
-141
-334
-161
-329
179
309
199
298
-216
-293
-231
-281
-248
-266
264
244
-278
-238
288
209
298
194
310
176
321
160
330
141
337
119
342
100
349
80
-358
-66
357
38
-363
-25
