34
80
103
58
150
-19
144
-112
95
-176
32
-186
-7
-148
-2
-97
41
-62
91
-59
129
-86
137
-129
119
-177
74
-218
4
-247
-90
-247
-197
-207
-287
-112
-324
25
-290
156
-184
245
-56
255
42
192
68
99
26
21
-44
-4
-100
26
-109
77
-80
115
-33
125
6
116
35
111
71
117
133
122
211
103
272
42
284
-42
230
-107
136
-109
56
-37
34
76
82
169
167
193
230
142
233
49
173
-34
88
-76
18
-76
-13
-69
-24
-81
-46
-112
-99
-127
-163
-93
-194
2
-156
123
-44
206
86
207
165
126
147
16
37
-48
-106
-25
-207
75
-225
192
-169
257
-90
241
-41
160
-41
65
-73
-3
-92
-31
-72
-41
-18
-64
39
-116
70
-180
64
-226
41
-237
24
-214
22
-180
27
-153
21
-137
3
-116
-16
-80
-4
-35
50
-16
124
-51
183
-149
182
-276
115
-383
16
-422
-66
-389
-100
-309
-81
-226
-43
-167
-18
-126
-16
-83
-21
-21
-13
44
6
83
17
78
-19
42
-102
14
-206
37
-266
112
-233
199
-109
223
45
136
148
-50
137
-267
21
-419
-134
-448
-243
-357
-252
-211
-170
-89
-52
-40
36
-63
60
-112
26
-147
-35
-148
-91
-119
-130
-88
-157
-58
-180
-32
-196
-4
-194
29
-171
56
-136
69
-105
64
-88
56
-83
60
-73
80
-45
96
-9
88
13
42
-5
-23
-65
-78
-143
-97
-199
-77
-208
-48
-172
-40
-123
-73
-92
-128
-89
-170
-93
-171
-73
-134
-12
-89
69
-69
129
-83
137
-110
88
-110
17
-63
-40
23
-56
110
-42
158
-30
158
-40
122
-71
78
-102
47
-105
22
-78
-16
-40
-76
-15
-146
-8
-195
-8
-202
7
-165
53
-108
113
-59
158
-28
165
1
140
54
113
133
111
211
138
245
156
206
126
103
24
-15
-125
-95
-268
-109
-347
-78
-344
-52
-291
-69
-233
-130
-207
-198
-210
-230
-204
-203
-157
-136
-71
-78
25
-57
81
-69
78
-78
33
-51
-6
21
-5
105
37
148
83
120
85
34
17
-64
-98
-114
-209
-96
-264
-29
-240
44
-166
78
-84
59
-35
8
-29
-37
-51
-45
-73
-14
-74
44
-48
103
-3
143
43
153
77
134
93
96
83
49
50
6
8
-18
-26
-22
-41
-16
-34
-12
-13
-24
0
-51
-8
-76
-35
-80
-58
-50
-60
7
-26
65
27
99
79
100
108
81
110
60
100
55
99
62
116
61
135
36
139
-12
112
-64
59
-94
3
-89
-33
-57
-40
-21
-29
-1
-25
6
-39
19
-57
57
-50
125
8
195
118
232
247
197
344
86
366
-62
308
-200
192
-277
68
-279
-23
-220
-60
-139
-52
-74
-28
-40
-15
-37
-32
-42
-74
-36
-126
1
-165
66
-169
146
-131
215
-59
250
26
233
98
170
133
76
129
-21
97
-95
62
-138
42
-158
40
-170
50
-187
56
-209
47
-226
28
-221
10
-194
6
-149
16
-100
34
-63
45
-38
38
-16
18
16
0
64
-2
122
23
170
71
189
122
168
154
111
156
35
124
-37
70
-83
16
-98
-18
-86
-23
-57
0
-31
37
-20
71
-26
91
-34
93
-32
87
-8
88
31
103
71
123
93
128
88
101
65
30
48
-66
57
-163
107
-228
182
-243
255
-215
301
-163
296
-114
249
-84
171
-79
89
-90
17
-108
-35
-128
-63
-138
-68
-136
-52
-117
-28
-82
-5
-44
0
-24
-11
-37
-28
-81
-30
-134
1
-169
59
-160
115
-112
134
-57
90
-34
-4
-64
-110
-141
-182
-218
-190
-254
-145
-224
-82
-142
-42
-47
-43
23
-71
56
-88
64
-73
81
-23
117
36
170
76
211
83
216
74
190
69
155
88
142
116
162
126
193
87
202
6
161
-86
78
-144
-5
-134
-43
-68
-11
11
79
57
178
44
234
-11
221
-64
161
-69
94
-5
72
102
111
205
198
252
288
217
330
110
296
-32
190
-158
37
-228
-110
-233
-218
-181
-262
-107
-245
-46
-194
-17
-138
-18
-100
-32
-78
-31
-54
-5
-6
37
62
66
131
59
165
21
137
-17
62
-11
-17
64
-44
185
9
297
113
337
207
279
223
156
141
39
-1
-3
-128
51
-173
153
-127
231
-40
228
18
151
4
54
-62
4
-121
29
-112
94
-20
131
101
84
174
-42
148
-183
37
-265
-94
-235
-163
-115
-134
23
-29
110
86
107
146
40
125
-36
47
-65
-38
-35
-88
36
-90
112
-52
157
3
157
52
111
76
28
60
-80
-6
-180
-117
-243
-238
-238
-325
-163
-332
-49
-255
41
-132
64
-27
11
9
-74
-23
-127
-71
-103
-70
-22
4
57
127
72
226
-3
235
-123
143
-215
1
-216
-118
-123
-162
11
-134
120
-83
168
-54
168
-64
163
-83
181
-70
216
-17
221
48
166
74
57
34
-62
-59
-129
-151
-124
-190
-66
-163
-4
-103
20
-51
14
-28
12
-15
45
28
104
112
148
209
131
256
52
206
-42
75
-74
-72
-4
-146
146
-105
298
23
360
159
298
223
151
190
-1
103
-95
27
-111
10
-89
46
-83
94
-110
118
-153
108
-173
98
-146
116
-93
164
-49
205
-44
202
-56
148
-48
78
13
47
113
81
193
146
197
171
110
102
-13
-59
-85
-238
-48
-337
86
-297
231
-142
284
27
196
110
0
59
-204
-89
-313
-238
-293
-308
-182
-265
-61
-151
-5
-41
-31
13
-104
2
-166
-43
-184
-83
-154
-95
-99
-81
-47
-55
-5
-25
33
16
69
74
93
143
88
202
45
220
-22
194
-86
135
-117
70
-107
27
-64
13
-17
19
17
24
40
25
57
29
79
43
99
69
103
91
78
85
30
39
-19
-36
-41
-112
-19
-159
31
-161
81
-129
101
-93
77
-81
26
-98
-23
-132
-51
-154
-49
-150
-33
-119
-23
-77
-35
-43
-62
-32
-91
-38
-103
-49
-91
-50
-57
-30
-20
2
5
31
7
42
-7
25
-26
-14
-33
-64
-18
-109
15
-137
59
-145
106
-138
146
-115
177
-81
198
-35
204
19
190
65
151
86
90
73
29
30
-11
-25
-10
-60
23
-62
66
-37
88
-10
75
-8
40
-43
14
-93
25
-122
81
-99
150
-18
193
83
175
161
96
179
-11
135
-99
59
-135
-11
-115
-42
-65
-33
-16
-2
6
30
-2
40
-28
33
-57
8
-79
-26
-91
-66
-83
-100
-55
-117
-8
-107
49
-66
95
-11
112
35
100
46
78
26
74
0
103
-4
161
30
212
87
227
132
192
136
127
91
63
18
35
-46
39
-81
56
-87
56
-91
32
-112
-4
-149
-21
-180
-6
-177
31
-133
63
-68
64
-12
32
9
-9
0
-31
-14
-19
-8
10
18
31
48
24
53
-6
26
-35
-18
-40
-48
-23
-47
-8
-30
-24
-26
-74
-60
-136
-131
-170
-199
-150
-230
-84
-194
-15
-114
14
-34
-13
6
-74
-7
-129
-48
-144
-86
-117
-93
-73
-80
-37
-65
-19
-64
-6
-65
20
-46
59
8
85
84
67
141
-8
136
-110
68
-185
-30
-187
-96
-112
-81
-11
8
52
113
29
164
-66
117
-170
-5
-211
-136
-153
-201
-19
-167
119
-61
190
49
165
103
76
77
-17
6
-57
-54
-34
-60
21
-13
52
47
29
72
-38
32
-104
-52
-122
-136
-74
-174
19
-148
110
-83
151
-23
132
-5
74
-42
23
-98
13
-134
46
-122
91
-59
110
19
74
69
-5
68
-93
25
-148
-29
-148
-61
-103
-50
-44
-11
-3
30
9
49
-3
37
-14
8
-13
-21
3
-40
18
-52
23
-66
16
-86
11
-98
15
-84
25
-40
21
20
-18
62
-95
54
-183
-13
-239
-105
-221
-175
-122
-177
23
-100
154
23
221
135
209
189
137
166
54
88
4
-7
-1
-84
33
-124
76
-134
111
-127
127
-108
132
-80
129
-42
119
4
99
48
66
81
29
97
-2
105
-21
112
-27
122
-35
127
-45
115
-64
88
-71
49
-64
21
-35
18
4
45
28
81
24
110
-5
116
-41
102
-61
90
-59
94
-43
114
-37
132
-51
120
-81
68
-100
-13
-81
-88
-14
-128
84
-117
182
-67
245
-4
260
44
238
70
198
83
161
95
124
112
78
118
21
99
-43
44
-88
-33
-92
-100
-40
-132
45
-115
135
-70
192
-26
209
-13
204
-35
202
-65
231
-78
280
-49
330
15
342
83
303
119
216
109
116
51
37
-27
2
-94
11
-129
47
-129
89
-103
115
-65
123
-30
110
-6
86
1
54
-12
31
-36
28
-57
51
-54
94
-21
132
35
146
87
117
101
63
59
13
-18
10
-93
64
-118
155
-80
233
-3
257
63
205
73
113
20
28
-64
-4
-122
22
-117
69
-51
86
35
40
85
-59
70
-163
4
-220
-76
-207
-119
-139
-113
-57
-76
6
-45
33
-38
45
-60
65
-88
105
-103
153
-98
190
-84
204
-76
194
-71
182
-58
170
-24
153
30
107
83
26
99
-81
61
-181
-16
-232
-96
-216
-139
-148
-129
-71
-87
-28
-54
-28
-59
-50
-110
-59
-170
-28
-206
37
-192
100
-134
123
-69
89
-35
16
-42
-60
-74
-106
-101
-110
-95
-88
-55
-67
-1
-65
39
-82
50
-95
43
-89
36
-54
43
-13
65
9
78
0
59
-37
-7
-75
-106
-83
-204
-42
-260
33
-257
108
-204
147
-133
128
-88
64
-91
-5
-129
-37
-167
-15
-162
50
-101
117
-6
146
83
122
127
64
113
16
68
8
33
47
39
95
81
115
124
83
125
11
70
-59
-18
-80
-91
-40
-107
30
-59
83
18
80
71
21
71
-48
24
-83
-25
-60
-34
4
11
58
83
62
128
8
106
-66
21
-103
-83
-71
-146
25
-136
132
-61
198
34
187
93
116
93
18
37
-56
-36
-82
-92
-65
-114
-32
-106
-2
-82
11
-54
14
-30
11
-2
5
26
-13
41
-45
32
-85
-14
-110
-83
-100
-146
-40
-172
61
-136
170
-49
243
62
250
148
195
178
101
144
16
64
-19
-18
6
-60
81
-45
165
17
220
97
229
157
190
176
132
156
78
114
50
67
46
30
56
1
67
-27
74
-56
79
-84
91
-104
108
-107
121
-100
122
-91
107
-86
83
-90
62
-90
49
-74
42
-43
34
2
11
47
-30
77
-83
93
-132
95
-173
93
-197
88
-211
78
-216
62
-209
46
-186
33
-146
35
-98
49
-53
68
-28
78
-16
71
-11
52
-1
31
18
20
37
18
52
21
52
16
46
13
43
20
46
47
45
86
26
120
-18
125
-73
97
-112
55
-110
31
-67
51
-16
102
6
146
-26
136
-95
59
-147
-56
-141
-148
-64
-165
43
-103
115
-4
104
64
9
59
-117
-16
-211
-111
-232
-170
-188
-165
-126
-114
-88
-59
-87
-33
-107
-37
-106
-42
-78
-26
-37
9
-22
32
-49
3
-102
-90
-137
-209
-106
-301
-7
-310
126
-234
228
-109
252
2
199
64
105
71
23
54
-17
50
-16
75
-1
117
2
150
-11
159
-24
146
-20
137
9
144
47
169
70
194
63
197
33
172
0
129
-16
93
-11
77
6
81
18
93
20
105
16
116
15
131
24
161
33
203
25
240
-13
245
-81
199
-153
103
-198
-14
-189
-110
-123
-149
-28
-120
50
-51
71
16
24
31
-70
-18
-156
-115
-187
-206
-137
-241
-28
-198
89
-93
158
14
152
70
88
46
21
-38
0
-129
49
-177
146
-155
238
-86
276
-17
243
13
158
-16
69
-79
11
-141
5
-169
34
-151
73
-94
100
-16
104
66
85
139
41
188
-18
200
-86
166
-139
95
-153
21
-118
-28
-40
-31
45
4
100
41
107
46
83
13
66
-30
90
-40
150
16
210
128
214
237
134
283
-11
232
-161
102
-243
-43
-220
-139
-115
-144
21
-76
122
16
157
84
136
106
96
88
74
61
84
52
114
66
140
93
142
110
115
100
74
59
34
-4
18
-66
36
-103
77
-98
122
-54
139
5
101
40
13
21
-98
-54
-180
-152
-197
-212
-144
-190
-61
-89
-11
43
-40
138
-144
147
-266
82
-337
-1
-316
-35
-224
11
-126
105
-83
177
-117
175
-184
91
-216
-21
-165
-83
-41
-57
91
43
161
150
132
195
28
157
-85
57
-149
-45
-148
-109
-100
-123
-52
-112
-25
-104
-20
-103
-11
-100
11
-75
36
-32
45
8
24
19
-16
-2
-46
-37
-44
-54
-12
-34
20
12
17
42
-31
30
-98
-32
-144
-110
-134
-164
-72
-163
16
-110
88
-26
124
52
122
118
96
166
59
197
8
202
-57
164
-125
78
-170
-37
-160
-136
-85
-174
30
-135
131
-46
170
41
133
77
47
56
-30
10
-65
-16
-53
9
-31
67
-37
121
-91
126
-166
79
-218
6
-215
-48
-156
-57
-81
-30
-26
-3
-16
-8
-34
-55
-48
-119
-32
-165
12
-175
57
-155
73
-135
51
-140
9
-168
-13
-195
4
-182
53
-114
103
-2
114
108
63
170
-31
164
-128
93
-182
-1
-172
-78
-101
-112
-8
-105
75
-78
123
-57
139
-54
134
-62
124
-73
115
-78
101
-82
77
-92
46
-115
22
-141
17
-156
37
-142
70
-99
92
-46
83
-12
47
-13
2
-45
-19
-76
-5
-79
30
-39
54
21
29
62
-46
50
-141
-16
-211
-96
-218
-146
-171
-139
-107
-86
-69
-35
-81
-30
-117
-77
-129
-148
-76
-184
37
-149
163
-50
243
62
238
129
160
122
59
59
-16
-13
-41
-54
-35
-57
-39
-44
-74
-54
-127
-93
-161
-135
-148
-138
-92
-78
-30
22
-15
117
-65
153
-157
105
-238
7
-257
-89
-199
-134
-94
-115
6
-56
59
1
55
27
21
21
-13
8
-31
7
-42
21
-64
29
-107
15
-161
-31
-202
-91
-204
-130
-164
-127
-107
-81
-67
-14
-67
40
-109
56
-173
33
-224
-8
-249
-45
-240
-64
-214
-66
-183
-59
-156
-48
-128
-35
-95
-4
-59
49
-37
112
-52
155
-115
142
-212
55
-299
-89
-323
-236
-258
-315
-112
-286
55
-151
166
32
170
180
66
233
-89
185
-218
89
-260
13
-210
4
-117
59
-44
129
-31
157
-65
117
-100
29
-81
-47
1
-66
117
-16
208
71
232
141
182
160
93
130
11
78
-36
36
-53
16
-57
6
-62
-4
-65
-23
-50
-31
-6
-8
52
47
102
119
112
176
81
194
28
176
-22
138
-52
107
-68
88
-92
66
-137
19
-191
-54
-227
-140
-218
-196
-159
-199
-81
-151
-16
-79
9
-21
-2
3
-24
1
-30
-6
-13
1
11
18
22
25
7
-1
-21
-57
-29
-122
-1
-153
66
-129
141
-52
182
48
165
129
88
154
-21
119
-119
34
-170
-61
-153
-130
-76
-146
32
-101
130
-16
180
69
165
115
95
96
7
21
-57
-74
-67
-143
-30
-161
25
-130
59
-80
52
-42
10
-33
-34
-38
-60
-35
-65
-14
-70
11
-94
6
-133
-41
-161
-115
-136
-173
-51
-163
69
-81
161
38
175
130
100
140
-17
65
-109
-46
-122
-124
-59
-127
30
-62
84
21
70
66
4
48
-64
-9
-90
-62
-59
-74
1
-42
50
1
62
27
42
18
18
-13
21
-37
56
-32
102
7
133
56
129
90
92
91
41
60
-1
13
-21
-38
-13
-74
19
-87
59
-74
99
-40
119
2
107
30
66
25
4
-21
-49
-95
-67
-168
-40
-212
22
-212
94
-173
148
-115
167
-62
151
-31
115
-21
74
-30
39
-47
17
-66
8
-79
15
-77
28
-60
37
-32
35
-6
16
4
-13
-6
-33
-25
-34
-33
-14
-20
8
8
11
29
-12
23
-50
-14
-79
-61
-78
-88
-54
-83
-32
-57
-37
-41
-75
-52
-119
-88
-139
-109
-116
-83
-76
-5
-59
83
-104
124
-202
78
-296
-33
-321
-148
-244
-198
-94
-151
63
-45
155
60
164
106
123
95
93
69
103
79
136
138
135
202
62
209
-75
122
-209
-34
-267
-182
-219
-252
-93
-216
33
-119
93
-28
77
5
30
-12
8
-32
40
-7
95
68
119
146
74
168
-29
107
-131
-8
-167
-107
-121
-129
-32
-68
30
33
11
95
-91
78
-213
-13
-287
-119
-276
-177
-190
-158
-86
-71
-19
27
-18
88
-69
88
-132
41
-166
-25
-151
-71
-98
-86
-33
-70
16
-50
34
-47
28
-71
18
-114
27
-153
67
-156
130
-109
178
-27
176
45
108
61
-8
-6
-116
-127
-154
-241
-100
-281
24
-221
147
-86
197
51
152
122
35
103
-83
21
-142
-55
-127
-84
-74
-59
-36
-21
-45
-9
-88
-45
-129
-102
-128
-137
-78
-125
-12
-68
34
2
42
58
21
86
1
103
-1
129
13
164
23
192
18
195
7
173
11
144
42
135
87
151
112
166
92
139
30
49
-33
-85
-47
-209
5
-268
100
-245
177
-174
188
-116
125
-113
33
-165
-32
-226
-32
-241
21
-194
81
-103
100
-16
68
29
6
28
-45
1
-60
-21
-46
-27
-21
-25
1
-21
18
-15
38
6
59
47
64
94
34
113
-29
85
-95
19
-117
-40
-74
-39
16
40
93
163
101
261
26
274
-84
200
-153
93
-133
36
-29
67
90
167
144
259
107
279
6
207
-81
90
-98
-3
-42
-24
33
11
64
47
24
31
-53
-43
-111
-129
-105
-168
-47
-129
13
-40
18
40
-49
64
-153
21
-232
-51
-246
-99
-194
-95
-115
-45
-53
17
-28
58
-29
71
-34
73
-26
76
-17
78
-20
65
-42
23
-68
-45
-71
-106
-40
-135
14
-123
57
-89
64
-66
39
-78
1
-117
-11
-155
18
-163
76
-127
133
-64
159
-1
150
39
114
56
70
56
28
48
-13
28
-54
-8
-92
-60
-107
-106
-91
-124
-45
-100
4
-45
30
8
14
26
-26
-1
-54
-59
-41
-112
16
-131
98
-115
168
-81
204
-57
204
-48
190
-48
171
-37
148
-9
109
22
40
37
-52
27
-140
1
-197
-17
-215
-4
-204
38
-194
86
-201
107
-218
91
-221
49
-184
16
-105
12
-11
43
58
84
76
100
44
72
-16
8
-71
-71
-97
-128
-98
-151
-90
-141
-92
-112
-107
-80
-131
-50
-148
-24
-151
6
-134
43
-103
86
-69
129
-41
163
-25
174
-32
149
-49
81
-65
-16
-52
-117
1
-182
92
-182
190
-115
252
-8
250
91
178
150
66
153
-42
122
-109
87
-127
72
-112
75
-83
83
-56
83
-23
79
23
93
83
139
132
209
139
275
87
294
-15
253
-122
163
-187
72
-187
25
-134
40
-71
100
-34
165
-37
197
-59
193
-69
173
-44
166
6
180
48
194
53
175
18
95
-28
-35
-40
-171
3
-266
93
-287
186
-243
235
-176
216
-132
145
-129
62
-158
11
-177
9
-158
35
-95
57
-14
41
42
-12
53
-74
18
-115
-35
-112
-71
-80
-77
-49
-66
-47
-69
-80
-106
-129
-177
-160
-253
-145
-298
-91
-285
-26
-224
11
-150
4
-98
-40
-84
-81
-93
-91
-89
-65
-51
-27
21
-14
88
-50
112
-122
76
-184
-1
-197
-65
-139
-69
-41
5
41
123
54
224
-15
250
-136
184
-238
58
-270
-69
-205
-134
-71
-112
72
-26
167
80
184
151
135
160
58
112
1
39
-11
-18
25
-30
90
11
146
89
160
166
119
211
39
199
-53
134
-114
44
-121
-31
-69
-64
11
-49
86
-6
122
33
117
47
86
28
52
-1
34
-26
29
-40
25
-45
11
-64
-4
-91
-4
-112
28
-95
86
-33
137
65
147
156
100
199
11
175
-75
105
-116
32
-98
-3
-43
10
4
45
13
63
-20
41
-60
-13
-74
-62
-42
-74
18
-38
74
25
95
81
75
108
37
104
11
89
7
86
20
96
28
104
26
103
18
91
18
89
32
110
45
156
32
196
-26
195
-122
129
-209
14
-247
-106
-204
-177
-95
-169
35
-88
130
22
155
113
110
152
29
132
-52
71
-103
-5
-112
-69
-85
-108
-33
-110
30
-78
82
-18
105
45
84
85
30
84
-37
45
-82
-6
-90
-39
-66
-37
-38
-13
-37
-1
-67
-23
-108
-76
-125
-128
-96
-142
-35
-99
21
-25
28
33
-19
31
-89
-28
-127
-107
-98
-149
-6
-122
99
-42
155
39
134
64
57
8
-24
-106
-54
-223
-11
-291
85
-286
184
-222
245
-134
246
-59
197
-11
122
6
41
-3
-27
-30
-71
-62
-79
-78
-55
-64
-14
-17
13
41
3
70
-51
35
-119
-61
-148
-177
-99
-245
28
-219
180
-94
283
74
286
206
185
257
37
220
-91
141
-152
72
-154
40
-129
31
-117
9
-120
-44
-114
-110
-68
-151
20
-137
117
-74
177
-5
177
30
131
16
85
-16
77
-21
106
24
127
102
95
149
-5
112
-132
-21
-211
-193
-180
-317
-40
-333
147
-236
291
-88
328
30
254
64
125
12
6
-78
-52
-148
-54
-168
-37
-147
-37
-117
-69
-107
-115
-121
-145
-144
-139
-154
-96
-141
-35
-106
28
-61
77
-18
112
18
126
33
119
19
98
-28
74
-101
69
-177
95
-222
147
-217
199
-166
218
-103
183
-65
105
-74
23
-120
-21
-170
-6
-177
56
-133
125
-53
159
28
146
76
98
79
40
47
-4
1
-25
-42
-33
-79
-33
-115
-25
-139
-2
-143
41
-111
91
-43
122
37
121
95
85
104
45
62
37
1
86
-36
187
-24
306
35
390
110
416
161
373
158
294
105
214
25
160
-47
133
-91
123
-108
110
-105
88
-94
64
-78
49
-51
45
-3
52
63
49
131
25
175
-29
176
-94
127
-151
37
-176
-61
-158
-140
-108
-180
-49
-183
-16
-171
-21
-165
-59
-183
-105
-216
-129
-238
-116
-226
-73
-169
-25
-80
2
8
2
74
-10
110
-13
131
11
163
50
214
83
269
79
294
32
267
-36
184
-84
80
-81
4
-28
-12
40
