-415
-54
320
-58
-385
23
-383
46
-373
70
-368
89
318
-139
-356
131
310
-171
301
-189
-315
193
276
-223
263
-239
-275
243
235
-269
-247
274
204
-291
186
-304
168
-316
148
-325
-154
332
-134
339
93
-348
74
-351
51
-354
32
-359
-28
362
-7
363
-32
-360
-53
-356
-73
-354
-93
-349
-111
-345
119
338
139
330
157
322
-187
-313
196
302
-221
-291
229
276
243
261
260
244
273
231
286
214
-306
-197
-317
-182
322
159
330
141
336
122
-352
-102
349
81
352
59
355
40
-366
-21
358
-3
358
-25
-363
43
-358
63
-356
85
342
-106
-344
124
-335
146
-327
164
-4
-3
-1
1
2
-1
0
0
-3
-1
-1
-4
-1
-2
-2
-2
-1
-1
-98
-349
115
339
334
-138
326
-157
-175
-318
-194
-309
-296
206
279
-228
240
265
-255
255
-240
272
-222
283
295
202
185
-311
-170
320
-151
327
334
129
109
-346
87
-351
-356
-71
-358
-50
-362
-30
-10
360
13
359
33
357
354
-57
-354
76
95
346
-342
117
334
-139
324
-158
-317
174
-305
193
-295
210
-282
226
243
266
257
252
271
235
-223
286
201
-300
-311
-185
163
-321
146
-331
-339
-130
-346
-110
-353
-90
-356
-68
46
-359
-1
0
-1
-1
-3
1
-2
-1
-1
-1
-1
1
-1
-1
-1
-1
-1
-2
-1
-1
-1
-1
-1
-1
-1
0
-2
-1
-3
-1
0
-3
-1
0
-2
-1
-2
-1
-1
-1
-1
-1
-2
-1
-1
-1
-1
-1
0
0
-2
-1
-1
-1
-1
-1
-1
-1
0
0
-1
-2
-1
-1
-3
0
-1
-1
-1
-1
-4
0
-1
-1
-2
-1
-3
-1
-2
0
0
0
-2
-1
-1
-1
0
1
-1
-1
0
0
-1
0
-2
1
1
-1
0
-1
-1
-2
-2
-1
-1
0
-1
1
-2
0
-1
-1
-2
0
-1
-1
-3
-2
-3
1
-2
-1
-1
-1
0
-1
-1
-1
-1
-2
0
-1
-1
-1
-1
0
0
1
-1
-1
-1
-2
-1
-1
0
0
-2
-1
-1
-2
0
-1
-3
-2
1
-1
-1
0
-1
-1
-1
-1
-2
0
-1
-2
-2
-1
-1
-1
-1
-1
-4
-2
-2
-1
-2
-2
-2
-2
-2
0
-2
-2
-4
0
-1
-1
-2
0
-2
-1
-1
-1
-3
-1
-2
-1
-2
-1
-1
-1
-3
-1
-2
-1
-2
-1
-4
-1
-3
1
-1
1
-2
0
-2
1
-1
-1
-3
1
-1
-1
-1
0
-2
-2
-1
1
-1
0
-2
-1
-1
1
-1
0
-1
0
-2
-1
-1
0
-1
0
-3
0
0
0
-1
0
-1
1
-1
-1
-1
0
-1
-1
-1
1
-1
-1
-1
-1
1
2
0
0
-1
-1
-2
1
0
0
-1
-1
-1
0
0
0
-1
1
-2
-1
-1
0
-1
0
-1
-1
0
-1
0
-1
-1
-1
-1
-1
0
-1
-2
-1
-1
-3
-2
0
-1
-1
0
-2
-2
0
0
-1
0
-1
-1
-1
-2
-1
-1
-1
-1
-1
-1
-1
-1
-2
-1
-1
-1
-1
-2
-1
-3
-1
-1
-1
-1
-1
-3
0
0
-1
-3
1
0
-1
-1
0
-1
-1
-1
-1
-3
-2
-1
-1
-1
-2
-2
-1
-1
-2
-1
-1
-2
0
-2
-1
-2
-1
-3
0
-1
-3
-2
-1
-3
-1
-4
-3
-3
-1
-2
0
-3
-1
-4
-3
-3
-3
-2
-1
-1
-2
-2
-2
-2
-1
-4
-1
-3
-1
-2
-1
-3
-2
-1
-1
-3
1
-1
0
-1
-1
-1
-1
-4
-1
-3
1
-1
-1
-1
-1
-1
-1
-1
1
-3
-1
-1
1
-1
0
-1
0
-1
0
-1
-1
0
1
-1
-2
-2
0
-2
0
-1
0
0
0
-3
0
-2
0
-2
-1
-1
0
-2
-1
-2
0
-2
-1
-2
2
-1
0
-1
-1
0
-1
-1
0
-1
0
0
1
-1
1
0
2
-1
0
-1
0
-1
-1
-1
-1
-1
1
-1
-1
-1
-1
-1
-1
-1
1
-2
0
-3
0
-1
0
-1
0
-1
0
0
-1
0
-1
-1
-1
-1
-1
-1
-1
0
-2
-1
0
-1
-1
-1
-1
-1
-1
-1
1
-2
-1
-1
-1
-1
-1
-1
-2
-1
-1
-1
-1
-1
-1
-1
-1
0
-1
-4
0
-1
0
-2
0
-1
0
-1
-1
-1
0
1
0
-3
1
-1
-1
-2
0
-1
0
0
0
0
0
-1
-1
-1
0
-1
-2
-1
-1
-2
-1
-2
0
-1
0
-1
-1
1
-1
-2
1
-1
-1
-3
-1
-3
0
-1
1
-1
-1
-2
1
-2
0
-1
-1
-1
-1
-1
1
-1
0
-1
-1
-1
-1
-1
-2
0
0
-1
-1
-1
-1
-2
0
0
0
-1
0
-1
-1
-1
0
-1
1
-1
-1
-1
-1
-1
-1
-1
-1
-2
-3
-1
0
0
0
-1
-1
-1
-1
-1
-1
-1
0
-1
0
-2
1
-1
-1
-1
0
-1
0
-1
-1
1
0
0
0
-1
-1
0
0
-1
0
0
-1
-1
0
-1
-1
-1
-2
-1
-1
-1
-1
-1
0
-1
0
-1
-1
-1
-1
0
0
-1
1
-1
-1
-1
1
-1
-1
-1
-1
0
0
0
-1
-1
-1
-1
-1
-1
0
0
0
1
-1
0
0
-2
-1
-1
-2
0
0
-1
-1
-1
-1
-1
0
0
0
-1
-2
-1
0
-1
-1
-1
-1
-1
0
-1
-3
-3
0
0
-1
-1
0
-1
-2
-1
-1
-2
0
-1
-1
-1
-1
-1
-1
-1
0
-2
1
-1
0
1
-2
0
0
0
-1
-1
-1
-1
-1
-1
-1
-2
0
-1
-1
0
1
0
0
-1
1
0
-1
-1
-1
1
-1
1
0
-3
-1
-1
0
-1
0
-1
-1
-1
0
0
0
1
1
1
0
-1
0
-2
-1
-1
1
-1
-1
0
-1
-2
0
-1
-1
-1
0
-1
0
-1
0
0
-1
-1
-1
-2
-2
-1
-1
-1
-1
0
-1
-1
-1
-1
1
-3
-1
-1
1
0
1
-1
-1
-1
0
-2
-1
-1
1
-1
0
-1
0
1
1
0
-1
-1
-1
-1
-1
-2
0
0
0
-3
0
-3
-1
-1
-1
-1
1
-2
-1
-2
-1
-2
0
-1
-3
-1
0
0
-1
-1
0
1
0
-1
-1
-1
-1
0
1
-1
0
1
-1
-1
-1
-1
0
-1
0
-1
1
-1
1
-2
-1
1
1
0
0
0
1
-1
-1
0
0
0
0
0
-1
-1
0
0
-1
-1
-1
-1
-1
-1
-1
0
1
-1
0
-1
-1
-1
-1
-1
0
-1
-1
-3
0
-1
0
-1
-1
0
0
-1
1
0
0
-1
0
-1
-1
-1
-2
0
0
0
1
0
0
-1
1
-2
0
0
0
-1
-1
-2
-1
-1
0
-1
-1
-1
-1
-1
-1
-1
1
0
-1
0
-1
-1
-1
-1
0
0
-1
-2
-1
-1
-1
-1
-1
0
-1
-2
0
-1
0
-1
0
-1
0
-2
0
0
0
-1
-1
-1
0
1
0
1
-1
-1
0
-1
-1
-1
0
-3
1
-1
0
-4
0
-3
0
-1
-1
-1
1
-1
-1
-2
0
0
-1
-2
-1
-1
0
-1
0
-1
1
-2
-1
0
-1
0
0
0
1
-1
-1
-1
-1
-1
-1
-1
-1
-1
-3
-1
0
-2
1
-1
0
0
-1
-1
-1
-1
-1
0
-1
-1
0
-2
0
-1
0
-1
-1
-1
-1
-2
-1
0
1
-1
-1
0
-1
-1
0
-2
0
-1
0
-1
0
1
0
-1
-1
-1
0
0
-1
1
-1
0
0
-1
0
1
-2
0
1
0
-1
-1
1
0
2
-1
-1
-1
0
-1
1
-1
0
1
1
-1
0
-1
0
-1
0
-3
0
-1
1
-1
0
1
-1
-1
-1
-1
-1
-1
-1
-1
-1
-1
0
-1
-1
-1
0
1
-1
-1
1
0
-1
-1
0
-1
-1
0
-1
-1
0
0
-1
-1
-1
0
-1
1
-1
-1
1
1
0
0
-1
1
-1
-1
-1
-1
-1
0
0
0
-1
1
-1
-2
-1
-1
-1
-1
1
-1
1
-1
0
-2
-1
-1
0
-1
-1
-1
0
-1
-1
-1
-1
0
-1
-1
0
0
-1
-1
-1
-1
0
-2
0
-1
1
-1
0
-1
1
-1
1
-3
-1
0
-1
-1
1
-1
1
-2
-1
1
1
-1
0
-1
-1
-2
0
1
0
-1
-2
-2
0
-1
1
-1
2
-1
0
-2
0
-1
0
-1
1
0
1
-4
-1
-1
0
0
-1
1
-1
-1
-1
0
0
1
0
2
1
-1
-1
-1
2
-2
1
1
1
0
-1
0
-1
-1
-1
0
-1
0
1
-1
0
0
0
0
-1
1
-1
-2
-1
0
-1
0
-1
-2
-2
0
2
-1
-1
0
-1
-2
-1
-1
0
0
-1
-1
0
0
-1
-1
-1
1
-1
0
-1
0
-1
-1
0
0
0
-1
-1
-1
-1
0
-1
-2
-2
2
-1
-1
-1
-1
-1
-1
0
1
0
-1
-1
0
-1
-1
0
-3
1
0
0
-1
0
1
-1
1
-1
-2
-1
-1
0
1
-1
0
-2
1
1
-1
-2
-1
-1
-1
0
0
1
-2
0
0
-3
0
1
0
1
-1
-1
0
-1
-2
-1
-1
-2
-1
-1
0
-1
-1
1
-2
-1
0
0
0
-1
-1
1
0
0
-1
-1
-2
-1
0
-1
0
0
-1
-1
1
0
-1
-1
-1
1
-1
-2
-1
1
0
1
-1
-1
1
0
-1
-1
-2
-1
1
0
-2
-1
-2
-1
1
0
1
-1
-2
1
0
0
-1
-1
-1
0
-1
1
-2
0
-1
2
-1
-1
-1
0
0
0
-2
0
1
1
1
-3
-1
-1
-2
0
-1
-1
-1
1
0
0
-1
-1
0
-1
0
0
-1
0
0
-1
1
0
-1
-1
0
1
-1
-1
1
-1
-1
0
-1
0
-1
0
-1
0
-1
1
0
-1
-1
0
0
-1
0
1
-1
1
-1
0
0
-1
0
-1
-1
-1
1
0
-1
1
-1
0
-2
-1
0
-1
-1
-3
-1
1
-1
-1
-1
0
1
-1
-1
-1
-1
-1
-3
-1
0
1
1
-2
-1
-1
0
-1
1
-1
0
0
1
0
-1
-1
0
1
0
-1
0
-1
0
1
-1
0
-2
1
-1
1
-1
0
-1
-1
-1
-1
-1
1
-1
-1
-1
0
1
-1
1
0
0
1
-2
0
-1
1
1
-1
1
0
1
1
1
0
-1
-1
0
-1
0
0
0
1
1
1
-1
-1
0
-1
-1
-1
-1
0
-1
0
0
-1
0
-1
-1
0
0
1
-1
-1
1
-1
-2
-1
1
-1
0
1
-1
-1
1
1
-1
0
-2
-1
-1
0
0
-1
0
0
1
-1
-1
-1
0
0
-1
-1
-1
-1
-1
1
1
1
0
1
-1
0
1
-1
1
1
-1
0
1
-2
0
0
1
-1
-1
0
1
0
1
0
2
-1
0
0
-1
1
0
1
0
1
-1
0
1
-1
-1
0
-2
0
0
0
0
-1
-1
0
0
0
-1
-1
-1
-1
-1
0
1
-1
-1
-1
1
0
-1
-1
-1
-1
-1
-1
-1
-1
0
0
1
-1
-1
0
0
-1
-1
-2
-1
0
1
0
0
-2
-1
-1
-1
-1
0
-1
0
-2
-1
1
1
-1
0
-1
1
-1
1
-1
-1
-1
0
-1
0
0
-1
-1
-1
-1
1
-1
1
-1
2
-1
0
1
0
-1
0
0
-1
0
-1
-1
-1
-1
1
-1
0
0
1
-1
1
-2
0
0
-1
-2
-1
-1
0
-1
-1
-1
-2
-1
-1
-1
-1
0
1
-2
-1
-1
-2
-1
-1
0
-1
1
0
0
1
0
-1
0
0
-1
0
0
1
-1
-1
-2
0
-1
1
-1
0
-1
-2
-2
-1
-1
0
1
-1
-1
0
-1
1
1
-1
-1
-1
1
0
1
1
-1
-1
1
-1
0
0
0
1
1
0
-1
-1
0
0
-3
-1
1
-1
-1
1
-2
-1
-3
0
0
0
-1
1
1
-1
1
-2
-1
-1
-3
-1
-1
1
0
-1
0
0
-1
0
1
-1
-2
-1
-2
0
-1
-1
-1
-1
1
1
-1
1
-1
1
1
0
-1
1
0
1
-1
0
1
-1
0
1
-1
2
0
0
-2
-2
1
-1
0
0
-1
-2
-1
-1
0
1
0
-1
-1
1
-2
1
1
0
-1
1
-1
-1
-1
-1
0
0
-1
0
-1
0
-1
-1
-1
0
0
-1
-1
1
-1
-2
-1
-1
0
1
-1
-1
0
-1
-1
0
0
-1
-1
-1
-1
1
-1
-1
-1
1
1
0
-1
-1
-1
-1
-1
1
-2
0
-1
0
0
-1
1
-1
-1
-1
0
-1
-1
1
-2
0
-1
1
0
0
-1
-1
-1
0
0
-1
-1
-1
0
-1
-1
1
-1
-1
-2
0
1
-1
0
-1
0
1
1
0
-1
1
-1
0
-1
-1
-1
2
-1
-1
0
1
0
0
1
-1
0
0
0
1
-1
-1
-1
0
0
0
-1
1
0
1
0
-1
0
1
0
0
-1
1
0
-1
0
-2
0
1
0
0
-1
0
-1
-1
-1
0
0
0
-1
-1
-1
0
-1
1
-1
0
-1
-1
-2
-1
-1
0
1
1
0
-1
-1
1
-1
-1
2
0
0
-1
-1
1
0
-1
0
0
-1
0
-2
-1
-1
-1
-1
1
1
0
-1
-2
-2
1
-1
0
0
-1
0
1
-1
-1
1
-1
0
0
-1
0
-1
-1
-1
0
1
1
-1
0
-2
-1
-1
-2
-1
-1
-1
-1
1
-1
-1
-1
0
1
-2
-1
-1
0
-1
1
1
1
-1
0
-1
0
0
-1
-2
0
-1
0
0
1
-1
1
-1
1
1
-1
-3
0
-1
-1
-1
1
-2
1
-1
1
-1
0
-1
-1
-1
-1
1
-1
-1
0
-1
0
-2
0
-1
-1
-1
-1
-1
-1
-1
0
-1
1
-2
1
-2
-1
-1
1
-2
-1
-2
0
-1
-1
-1
-1
-1
0
-1
0
-2
1
-1
-1
-1
0
-1
1
1
0
-1
-1
-1
0
-1
-1
0
1
-2
-1
-1
-1
0
-1
-1
1
0
0
-2
1
0
-1
-1
0
-1
0
-4
0
-2
-1
-1
0
-1
0
-2
1
0
0
-2
-1
-2
0
-1
1
-1
1
-1
-1
-1
0
-1
1
0
0
0
0
1
0
1
-1
1
0
-3
-1
0
-2
0
-1
-1
0
-1
-1
0
0
0
0
-1
-1
-1
-1
-1
-2
-3
0
0
1
-1
-1
-1
0
1
0
-1
-1
0
0
-1
0
-1
-1
0
1
-1
0
1
-2
0
1
-1
1
-1
-1
-1
-1
-1
-1
-1
1
1
0
-1
0
-2
0
-1
0
-1
1
-1
0
-2
1
-3
0
-2
-1
1
-1
0
1
-1
-1
0
-1
0
-1
-2
0
-1
0
-1
-1
-1
-1
-1
0
-1
1
-2
-1
0
0
-1
1
-1
0
1
-1
-2
-1
-2
-1
-1
0
-1
-2
0
-1
-1
0
0
0
-2
-1
0
-1
0
-2
0
-1
-1
-2
-1
0
-1
0
-1
-1
-1
-1
-1
-1
-1
-1
-1
0
-1
1
-1
0
-1
0
-2
0
-1
1
-1
-1
-1
-1
-1
1
-1
-1
-1
-1
1
-1
-1
0
-2
-1
-1
0
0
0
0
0
0
-1
0
-1
0
-1
-1
0
-4
0
-1
-1
-2
-1
1
-1
-1
0
0
1
-1
-1
0
1
-1
-1
0
-1
0
0
-1
0
-1
-1
-1
-1
-1
0
-1
-1
-1
1
-2
1
-1
0
-1
0
0
-1
-1
-1
-1
1
-1
0
0
-1
1
1
-1
1
-1
0
0
-1
-2
0
-1
-1
0
-1
0
0
-2
-1
-1
0
0
0
-1
0
-1
0
-1
-1
-1
-1
0
0
-1
0
-1
0
-2
-1
1
-2
-1
0
-2
0
0
-1
0
0
0
1
-1
-1
-1
1
-2
-1
-3
-1
-1
0
1
1
-2
1
-2
1
-1
0
0
0
-1
0
0
-2
-1
-1
-1
1
-1
1
-1
-1
-4
0
0
1
-1
-1
-1
0
-2
-1
0
0
0
0
0
0
0
0
-1
0
-1
1
-2
-1
0
-1
-1
-1
-1
0
0
-1
0
-1
0
-1
0
0
0
-3
-2
1
1
1
-1
0
-1
-1
0
-1
0
-1
0
-1
-1
-1
-3
-1
-1
0
-1
-1
0
0
-1
-1
-1
0
0
1
-2
-2
-2
1
-1
-1
-3
-1
-1
-1
-1
-2
-1
1
-1
-1
-2
0
-2
0
-1
-1
-1
0
-1
0
-1
1
-1
-1
-1
-1
-2
0
-1
-1
-1
-1
-1
1
0
-1
-1
-1
-1
0
-2
0
-2
-1
-1
0
-1
0
-4
0
-1
0
-2
0
-1
-1
0
-1
-2
-1
-1
1
-1
0
-3
-1
-1
0
-1
0
-1
0
-1
-1
-2
0
-1
-1
-1
0
-1
-1
-2
0
-1
-1
-1
-1
-2
-1
-1
-1
-1
0
-1
0
-2
0
-1
0
-1
1
-1
-1
-4
1
-1
-1
-1
-1
0
0
-3
-1
0
-1
1
0
-1
-1
-4
0
-1
-1
-2
-1
-1
0
-2
-1
-2
1
-1
-1
-1
1
-1
-1
-1
-1
0
0
-1
-1
-2
-1
0
1
-1
-1
-1
-2
-1
-1
0
-1
-1
0
0
1
-2
-1
-1
-1
-1
-1
0
0
-3
-1
-1
-1
-1
-2
-1
-1
-2
-1
-1
-1
-1
-1
-1
0
-1
-1
-1
-1
-1
0
-1
0
0
0
-1
-2
-1
0
-2
-2
-1
1
-1
-2
-1
1
-1
1
-2
0
-3
0
-2
0
0
-1
0
0
-1
-1
0
-1
-2
0
0
-1
-1
0
-1
1
0
0
-1
-1
-1
-1
0
0
-1
-1
-3
-1
-1
0
-1
0
-1
0
-1
-1
0
0
-2
-1
-1
-3
-1
-1
-2
-2
0
-1
0
-1
-1
-3
-1
-1
-1
0
-1
-1
0
-1
-1
0
-1
0
1
-1
-2
-1
-1
-1
-1
-1
-1
0
-1
0
-1
1
-1
-1
0
-1
-1
0
-1
0
-1
-1
-1
-2
-1
-1
-2
-2
-2
0
-3
1
-1
0
-1
1
-2
-1
-1
0
-1
-1
0
1
-3
-1
-1
1
-1
-1
0
1
-2
0
-2
0
-1
0
-2
-1
-1
-1
-1
-1
-2
-1
-2
0
-1
-1
-1
-1
-2
-1
-1
-1
0
-1
-2
-1
-1
0
-2
-1
-1
0
-1
-2
-1
-1
-2
0
-1
-1
-2
-1
-1
-1
0
-2
0
-1
-1
-1
-1
-44
356
23
-363
359
1
17
357
39
357
-62
-358
-81
-353
-349
99
-341
121
-334
141
-162
-325
-182
-315
-304
196
214
288
229
278
262
-247
-249
261
274
232
288
216
-302
-201
310
180
320
163
-146
331
338
124
-346
-105
350
83
-64
355
42
-358
358
21
-1
361
-22
-359
-41
-361
60
356
-83
-352
103
346
337
-124
140
331
-325
160
-313
180
301
-200
288
-214
232
276
-249
-263
-248
261
-233
275
-215
289
-302
-200
181
-313
-325
-163
-334
-145
340
123
104
-346
-349
-84
-355
-66
-42
358
-21
360
361
0
20
359
-42
-359
63
354
84
349
-345
103
-123
-340
333
-146
-162
-322
181
310
-197
-303
288
-217
-276
229
-262
245
-247
262
232
-280
-288
-216
-300
-200
-179
312
163
-325
142
-334
-122
338
346
101
83
-354
356
59
42
-361
-19
357
1
358
23
356
-359
40
-355
62
-351
81
105
342
-124
-342
145
328
-322
161
-180
-314
-301
197
-287
214
233
274
260
-250
245
-267
229
-280
291
213
302
194
-314
-181
-161
320
-332
-144
121
-342
-346
-104
-352
-83
62
-357
-40
354
358
17
-361
1
23
358
42
355
354
-66
85
349
105
343
-339
124
144
330
163
320
182
308
297
-202
217
287
-276
232
258
-251
262
245
-232
279
-217
291
-199
303
-179
313
158
-323
-141
332
119
-341
344
99
-82
353
-61
354
359
38
18
-359
359
-3
-361
25
358
-46
352
-67
-88
-349
-109
-344
336
-127
327
-147
320
-165
-311
182
-204
-299
-287
218
-233
-274
-251
-260
244
-264
-228
277
-291
-212
303
193
-315
-178
158
-324
332
139
119
-340
-346
-100
-353
-81
357
57
358
37
361
16
-360
3
24
361
45
356
-354
66
350
-88
108
345
-338
127
330
-148
-165
-322
-185
-312
-202
-300
-221
-288
273
-238
260
-254
-243
264
227
-281
293
209
-194
302
315
177
-327
-161
-138
330
-119
338
-346
-103
-80
349
-358
-60
-38
357
16
-363
-7
-363
-361
25
-359
46
67
354
351
-91
-109
-346
339
-132
-149
-330
-320
166
-310
181
-205
-301
-287
218
-274
235
-260
251
243
-269
228
-282
-296
-213
-305
-194
-318
-179
-158
321
-139
331
339
117
346
95
-77
349
55
-361
-361
-37
12
-363
358
-8
358
-30
-359
46
66
354
-92
-353
-112
-343
-337
129
-152
-330
-321
167
306
-189
201
295
219
283
-240
-273
-260
252
-268
-244
-228
280
293
209
192
-308
315
173
-329
-156
134
-336
115
-343
-1
-1
-2
0
0
-1
-2
-1
-1
-2
0
-1
0
-1
-1
-3
297
199
311
184
320
165
330
146
337
127
345
105
351
84
355
66
357
45
359
23
-362
-2
361
-18
359
-40
356
-61
352
-81
347
-102
-339
122
333
-141
323
-161
314
-180
-303
196
291
-216
-276
231
264
-247
-250
261
234
-278
217
-290
-197
301
-182
313
165
-323
145
-332
126
-341
-105
344
-83
348
-64
354
44
-361
-19
357
1
-366
21
357
-40
-363
-62
-361
-82
-355
-102
-351
-122
-344
-141
-334
-160
-327
181
310
198
298
-216
-294
-233
-282
-249
-268
263
243
-279
-237
288
212
301
194
311
177
320
159
330
139
338
121
342
100
349
80
-358
-66
357
40
-363
-23
