199
-308
228
203
-250
263
-323
-224
169
-322
-340
-186
-350
-166
-360
-146
328
104
-107
341
-367
-81
39
-365
-44
354
-374
-14
-378
6
-47
-362
-370
49
-86
-357
81
347
328
-115
-146
-334
-339
152
-184
-316
179
307
196
296
-236
-281
229
271
247
256
229
-268
274
226
-306
-204
-197
310
-325
-170
-158
327
125
-335
-119
343
342
93
66
-352
-363
-49
355
30
-13
363
-17
-361
28
359
49
357
71
353
91
348
111
342
-338
135
151
325
-320
173
-196
-308
290
-209
-285
223
238
269
-261
-255
235
-273
281
222
203
-298
306
187
165
-321
-331
-151
333
130
-115
342
-95
347
354
68
357
49
29
-361
-361
-10
13
359
35
357
-57
-358
-78
-353
-98
-348
-117
-344
334
-137
-156
-330
-317
172
304
-194
-297
206
-282
224
-269
240
257
249
-240
271
218
-286
202
-298
185
-310
-169
317
148
-330
334
128
109
-345
88
-350
351
68
46
-361
28
-361
-9
359
359
-16
356
-35
356
-57
-356
76
-100
-348
-119
-342
-337
138
-158
-325
-177
-317
303
-194
292
-214
279
-228
241
267
-253
257
-275
-239
-223
286
202
-300
-310
-187
166
-322
-331
-150
127
-338
-344
-110
349
88
68
-356
45
-360
-1
0
1
0
0
0
-1
-2
-1
1
-1
-1
-1
-1
-2
-1
1
-2
-2
0
-1
-2
-1
-1
1
-1
0
-1
-2
-1
0
-2
0
-1
-2
-1
-2
-1
-1
-1
-1
-1
-3
-1
-1
-1
-1
-1
-2
-1
-1
-1
-1
-1
-3
0
-4
-1
-4
-1
-2
-1
-1
-2
-1
0
-1
-2
-2
0
-3
-1
-1
-1
-2
-2
-1
-1
-1
-1
-1
-1
-1
-1
-1
0
-1
0
1
-1
-2
-1
0
-1
-1
0
0
0
-1
-1
-1
0
-1
-1
-1
-3
-2
-1
-1
0
0
-1
-1
-1
-2
1
0
-1
-2
0
-1
0
-1
-1
-1
0
-1
-1
0
0
-1
1
-2
0
-2
0
-1
0
0
-1
0
-1
-3
-1
1
-1
-1
0
-1
-2
-1
1
-1
-1
-2
-1
-1
-1
-1
0
-2
-1
0
-2
-3
0
-3
1
-2
0
-3
-2
-1
-1
-3
-1
-2
1
-4
0
-4
-1
-2
-3
-3
-1
-1
-1
-2
0
-1
0
-1
0
-2
0
-3
-1
-1
0
-2
0
-1
-1
-1
0
-4
-1
-1
1
-2
1
-3
-1
-4
-1
-2
0
-1
2
-1
0
-2
-1
-2
0
-3
1
0
0
-1
-1
-1
1
-1
1
-2
-1
-1
-1
-1
-1
-2
-1
-2
1
-1
0
-2
-1
-1
0
-2
1
-1
-1
-1
1
-2
0
-1
-1
0
-1
-2
-1
-4
-1
-1
0
-2
1
0
0
-1
-1
0
-2
-1
-2
-1
-1
-1
-1
0
0
0
0
-2
0
-2
0
0
-1
0
0
-1
-1
-1
-1
-2
-1
-1
-3
-1
-1
-1
-1
1
-2
-1
-1
0
-1
-1
-1
-3
-1
-2
1
-1
-1
-1
-4
-1
-1
-3
-1
-1
-1
-1
-1
-2
-1
-1
0
-1
-2
-1
-1
0
-1
-2
-3
-1
-2
-2
-1
-3
-2
-1
-2
-2
-2
-1
-1
-3
-3
-2
-1
-1
-1
-4
-2
-3
-1
-2
-1
-2
-1
-4
-1
-1
-1
-2
-1
-1
-3
-3
-1
-3
-1
-4
-2
-4
0
-1
0
-3
0
-2
-2
-3
-1
-1
-1
-4
-1
-4
-2
-1
0
-1
0
-1
0
-1
0
-2
-1
-2
0
-2
1
-2
1
-1
0
-1
1
-1
-2
-1
1
-1
-1
-4
0
-2
-1
-1
-1
-1
-1
-1
-1
-1
0
-1
1
0
1
-2
0
-2
1
0
-1
-1
1
-2
-1
-2
-1
-1
0
-1
-1
-3
0
-3
0
-1
0
-2
0
-2
0
-1
1
-1
1
-1
-1
0
-1
-1
-2
-2
0
-1
0
0
0
-1
-1
-1
-1
-1
-1
-1
-1
0
1
-1
-1
0
-1
1
-1
-1
0
0
1
-1
0
-1
0
-1
-1
-2
0
-1
-1
-1
-1
-1
-2
-1
-1
-1
-1
0
-1
0
-1
0
-2
-1
-1
-1
-1
-2
-1
-2
-1
1
0
0
-1
-2
0
0
0
-2
1
-1
0
-1
0
-1
0
0
-1
0
-1
-1
-1
0
-1
-2
0
-1
-1
-1
-2
0
0
-1
0
-2
0
-1
-2
-1
0
-1
0
-4
-1
-2
-1
-3
0
-2
0
-1
1
-1
-1
-1
0
-2
-1
-1
0
-1
-1
-2
0
-1
-1
-1
-1
-1
-1
-1
-1
-1
-1
0
0
-2
-1
-1
-1
-1
-1
-4
1
-1
-1
-1
-1
0
1
0
1
-1
-1
-2
0
-1
1
-1
-2
-2
-1
-1
-1
-1
-1
-1
-1
-2
-1
-1
-1
0
-1
1
-1
1
0
-1
-3
-1
-1
-1
0
-2
-1
0
0
-2
1
0
-1
-1
1
-1
1
-1
-1
1
-1
-2
-1
-2
0
-1
-1
-2
-1
0
-1
-1
0
-2
0
-2
-1
-1
1
-2
-1
-1
1
-1
-1
-2
-1
-1
-1
-1
-1
-3
-1
-2
-1
-2
-1
-3
0
0
-1
-1
-1
-1
-1
-1
-1
-1
-1
-1
0
-1
-2
-1
-2
-1
-1
-1
-1
-1
-2
-2
-1
-1
-1
-1
1
1
-1
-3
-1
0
-1
0
1
-3
-2
-3
-1
-1
-1
-1
-1
-2
0
-1
-1
0
0
0
-1
-1
-1
0
-1
-1
-1
-1
-1
-1
-2
0
-1
-2
-1
0
0
-1
0
0
0
-1
0
0
0
-3
1
0
1
-1
1
-1
-1
-1
0
0
0
-1
-1
-1
-2
-2
-1
-1
-1
-1
-1
-1
-1
-1
-1
0
-1
0
0
0
-1
1
1
-2
1
-1
1
-1
-1
-2
-1
-1
0
0
0
-1
-1
-1
1
-1
-1
-3
-1
-1
-1
1
0
-1
-1
-1
-1
-1
-2
0
0
-2
1
-1
-1
-2
0
-2
-1
-1
-1
-1
1
-1
0
-1
-1
-1
-1
-1
1
-2
1
0
-1
-1
-1
-1
1
-1
0
0
-1
-1
-1
-3
1
0
1
-3
-1
0
-1
-1
-1
-1
-1
-1
-1
-1
0
-2
0
0
1
1
-1
-1
0
-1
0
-1
-1
-1
-1
-1
-1
-1
1
0
0
-1
0
-1
-1
-1
-1
-2
0
-1
-1
0
0
-1
0
0
-1
-1
-2
-1
1
-1
1
-1
0
-1
-1
-1
-1
-1
-1
1
1
-1
0
-2
-1
-1
0
-1
-1
-2
-1
-3
1
-1
0
-1
0
0
-1
-2
1
-1
0
-1
0
-2
-1
-1
1
0
-1
-1
0
-1
-1
-1
0
-1
0
0
1
-3
0
0
0
-2
-1
-1
0
-1
0
1
-1
0
0
0
-1
-1
0
0
-1
-1
1
-1
-1
-1
-1
0
1
-1
-1
-1
0
-1
1
-1
1
-1
-1
0
-1
-1
-1
0
0
-1
-1
-1
0
0
-1
-1
0
-2
-1
-1
-1
-1
1
-1
1
0
-1
-1
1
-2
-1
-1
-1
0
-1
-1
-1
-1
-1
-1
-1
0
1
0
-1
-1
-1
1
-1
1
-1
-1
0
-1
-1
-1
0
-1
-1
-3
-1
0
1
-1
-1
-1
0
0
0
-2
0
0
-1
-2
-1
-1
-1
-1
0
0
0
-2
0
-1
-1
-2
-1
-1
-1
1
0
-1
-1
0
0
0
-1
0
-1
1
-1
-1
0
-1
-1
-1
-1
-1
0
-2
-2
-1
-1
-2
-2
-1
0
-1
0
-1
-1
-2
0
-1
1
0
0
1
1
0
0
0
-1
0
1
0
-1
0
-1
0
-1
0
1
-1
0
-1
-1
-1
1
-1
-1
0
-1
0
-1
-1
-1
1
0
-1
-1
-1
1
1
1
-2
0
0
0
-1
1
-1
-1
0
1
0
1
0
-1
-1
-1
-1
1
0
-1
-1
1
1
0
1
-1
-1
-1
-1
-1
-1
-1
-2
1
0
-1
-1
0
-2
0
-1
-1
0
1
-1
1
0
1
-1
0
0
1
-2
-1
0
-3
-1
-1
0
-1
-3
0
0
-1
-1
-2
-1
-1
-1
-1
-1
1
-1
0
-2
-1
-1
-1
-2
1
-1
-2
0
0
0
0
-2
-1
-1
0
1
0
-1
0
1
-1
-1
-1
0
1
-1
-1
-1
0
-1
-2
-2
0
-1
-2
-1
0
0
-1
-1
-1
-1
-1
0
-3
-1
-1
-2
0
0
-1
-1
1
-1
0
-3
-1
-1
1
-1
-1
0
0
-1
0
-1
0
1
0
-2
0
0
-1
-1
0
0
1
0
1
-1
-1
-1
1
0
0
-3
0
0
0
-1
-1
-1
-1
-1
0
0
-2
-3
-1
0
-1
-1
0
-1
0
-1
1
0
-1
-1
1
-1
1
-2
-1
-1
-1
-1
-1
-1
1
-1
1
0
-1
-1
0
1
-1
-1
0
0
0
0
1
0
-2
-1
-1
1
0
-1
1
-1
-1
-2
-1
-1
1
-1
0
-1
0
0
1
0
-2
1
-1
-1
-1
-1
0
0
-1
0
-1
1
-1
-1
0
1
1
1
0
-1
0
1
0
-1
-1
0
-1
0
0
1
-2
0
-1
-1
-1
1
1
-1
-1
-1
0
1
-1
0
1
-1
0
-1
-1
0
1
0
-1
0
-1
-1
-1
-1
1
-1
-1
-1
-3
-1
-1
-1
1
0
0
-1
-1
-3
0
-1
-2
-1
-1
-3
-1
-2
-1
-1
0
-4
1
-1
1
1
-1
-2
1
-1
-1
-1
-1
-1
-1
1
1
-1
1
0
2
-1
1
-3
-1
-1
2
-1
-1
-2
-1
0
0
-1
1
0
0
0
1
-1
0
0
-1
-2
-1
0
-1
0
-1
-1
0
-1
-2
-2
0
0
-2
0
0
1
0
0
0
0
-2
0
1
0
1
1
2
1
-1
-1
0
0
1
0
0
0
0
0
0
-1
-1
0
0
1
-1
0
-2
0
-1
0
-1
0
1
-1
0
1
-1
1
0
1
0
-1
-1
-1
0
1
0
-2
-1
-1
0
0
-1
-1
-1
1
0
-1
1
-1
-2
-1
0
-2
0
-1
1
-1
-1
-1
-1
0
1
-1
-1
-1
-1
0
0
-1
-1
-1
-1
1
0
-1
-1
0
-1
-1
-1
-1
1
0
-1
1
1
0
-1
0
1
-1
0
0
0
0
1
1
-1
-1
0
0
-1
-1
1
-1
1
1
-1
1
-1
-1
-1
-1
1
0
1
1
-1
-1
1
0
-1
-1
0
-1
-1
0
0
0
-1
-1
-1
-1
0
-2
1
-1
1
-1
-1
-2
0
1
-1
-2
1
-1
-1
-1
-1
2
1
-1
-1
-1
-1
-1
0
-1
1
-1
1
0
1
1
-1
1
0
-1
0
-1
0
-2
0
0
1
1
-1
-1
-1
-1
1
-1
0
1
-1
0
1
1
1
0
-1
-1
1
-1
0
1
0
-1
-1
1
0
0
1
-1
0
-1
0
-1
-1
-1
1
1
-2
-1
1
1
-1
-1
1
0
-2
-1
0
0
-1
-1
-1
-1
1
1
-1
0
0
-1
-1
0
-1
1
-1
1
-1
0
0
0
1
-1
-1
0
-1
1
0
-2
-1
-1
1
-1
-1
0
-1
1
0
-1
-1
-1
-1
-1
-1
1
-1
-1
-1
-1
-1
1
0
-1
1
1
-1
-1
-1
0
-1
1
-1
-1
-1
1
0
1
-1
-1
-1
0
0
1
-1
-1
1
1
-1
1
-1
1
1
1
-1
1
0
-1
0
-1
-2
0
-1
-1
-1
-1
-1
1
-1
-1
-1
1
-1
0
0
-1
0
0
-1
-1
-1
1
-1
-1
1
0
0
1
-1
1
-1
-1
-1
-1
-3
-1
-1
-1
-1
-1
-1
0
0
-1
1
1
-1
0
-1
-1
1
1
0
-1
-2
-1
-1
-1
-1
1
-1
-2
0
-1
1
1
-1
0
0
0
-1
-1
1
0
-1
0
0
0
1
1
-3
-1
-1
0
-1
1
-1
1
1
-1
0
0
1
0
-1
1
-1
0
-1
-1
-1
1
1
0
-1
0
0
0
1
-1
0
-1
0
-1
-1
-1
-2
-2
-1
-1
-1
-1
1
0
-1
1
-1
1
1
0
1
-1
-1
1
-1
0
-1
-1
-1
-1
1
-1
-1
-1
-1
1
-2
1
1
-1
1
1
-2
0
0
0
0
-1
0
0
-1
0
0
0
-1
0
0
0
1
1
0
-1
0
1
-1
1
-2
1
0
1
0
-1
-1
1
-1
0
-1
-1
0
1
0
2
-1
1
-1
-1
-1
0
-1
0
1
-1
-1
2
-1
0
0
1
-1
0
0
-2
1
1
1
0
0
-1
-1
-1
0
-1
-1
0
0
1
-1
-1
-1
0
1
0
-1
-1
0
-1
-1
0
-1
0
0
-1
-1
-1
-2
0
0
0
1
0
1
-1
-1
-2
-1
-1
-1
0
-1
1
0
0
-1
0
-1
1
-1
-1
-1
0
-1
1
1
-1
-1
0
-1
0
0
1
-1
0
-2
0
-2
-1
-1
1
-1
-1
-2
1
-1
1
0
-1
0
1
-1
0
-1
-1
-1
0
-1
-1
0
-1
0
-1
-1
1
1
1
-2
1
-1
0
-2
-1
1
0
0
-1
0
-1
1
0
-1
0
-1
0
-1
1
-1
-1
-1
-1
-1
-1
0
-1
-1
1
-1
1
-1
-1
-1
0
1
-1
-3
1
-2
-1
-1
0
1
-1
-1
1
-1
0
0
-1
-1
-1
-1
-1
-1
-1
-1
-1
-1
-1
-1
0
0
-1
-1
-1
-1
0
-1
0
0
0
0
1
0
0
0
-1
-1
-1
2
0
0
0
-1
0
-1
1
-1
0
-1
1
1
-1
-1
-1
0
0
-1
0
0
-1
-1
0
-1
0
0
-1
0
0
-2
0
0
-1
0
1
-3
0
0
0
0
0
-1
1
-2
-1
-2
0
0
-1
-1
-1
-1
0
1
-1
-2
-1
-1
1
-1
-1
0
-1
-1
2
-1
-1
-1
-1
-1
0
-1
1
-1
-1
-1
-1
0
-1
-2
0
-2
0
1
1
-2
1
-1
-1
-1
-1
-1
0
-1
1
-4
1
0
-1
-1
-1
0
1
-3
-1
-1
-1
-1
1
-2
0
-2
-1
1
-1
0
1
-1
0
-3
-1
-1
0
-1
-1
-1
-1
-1
-1
-2
-1
1
1
-1
1
-1
1
-2
1
-2
-1
-1
0
-3
1
-1
0
-1
1
-1
1
0
-1
-1
0
-1
-1
0
-1
-1
1
-1
0
-1
0
-1
0
-1
0
-1
-1
1
1
0
-1
0
0
-1
0
1
0
-3
0
1
-1
-1
1
-1
1
-1
0
0
-1
-1
0
-1
0
0
1
1
0
-1
0
1
-1
0
-1
-1
1
-1
-1
-1
-1
-1
1
-2
0
-1
0
-1
-1
-1
1
-2
1
-1
1
-1
0
-1
0
-2
-1
-1
1
-1
-1
-1
0
0
1
-1
1
-1
1
-1
1
0
1
1
0
-2
0
-1
1
-1
-1
-2
-1
-2
0
-2
-1
-1
0
-1
0
-1
0
-1
-1
-2
-1
1
1
-1
0
-1
-2
-1
-1
-1
-1
-1
0
-1
0
-1
0
-2
-2
-1
0
-1
-1
-1
1
-3
-1
1
1
-1
1
-1
1
0
0
-1
0
-2
0
-1
-1
-2
1
-1
0
0
0
0
1
-1
0
-2
1
0
1
1
-1
-1
1
-1
0
0
-1
-1
-1
-1
1
0
-1
0
-1
0
-1
-1
-1
0
-1
-1
0
-1
1
-1
-1
-1
-1
0
1
-1
-1
-1
0
0
-1
-1
1
1
0
-1
1
0
1
-2
0
0
-1
-3
1
-1
-1
0
1
-1
-2
-1
0
-1
-1
1
-1
-1
-1
-1
0
1
-1
-2
-1
1
-1
-1
0
-1
0
-1
1
-1
-1
0
0
-2
0
-1
-1
-1
1
-1
-2
0
1
-1
1
-1
1
-1
0
0
1
-3
1
-1
0
-1
0
-1
0
-1
-1
-2
0
-2
0
-1
1
0
0
0
0
0
-1
-1
-1
-1
-1
-2
-1
-1
2
-1
1
-1
0
0
1
-1
-1
0
-1
-1
0
1
0
-1
0
-2
1
-1
-1
-1
-1
-1
-1
-1
-1
-1
-1
0
-1
-1
1
-1
-1
-1
1
-1
-1
-1
1
-1
1
0
-1
0
-1
-1
0
-3
-1
-1
0
-1
0
1
0
0
0
-1
-3
-1
1
-1
-1
-1
1
-1
0
-1
0
-1
0
-3
-1
-2
-1
-1
1
-1
-1
0
1
-2
-1
-1
1
-1
0
-1
1
0
0
-2
-2
-1
-1
-1
0
-1
0
0
-1
-1
-1
-2
0
-1
1
-1
-1
-2
-1
-1
1
-1
0
-1
0
-1
-1
-1
0
-1
0
-1
1
-2
0
0
-1
-1
0
-1
1
-1
1
-1
-1
-1
-1
-1
-1
-1
-1
-1
1
-1
0
0
-1
-3
0
-1
0
-1
0
-1
-1
-2
-1
0
0
-2
-1
-1
1
-1
0
-1
1
-1
1
-2
-2
-2
0
-3
-1
-2
0
-1
1
-1
-1
-1
1
-1
1
-1
0
-1
0
-1
0
-3
1
-1
1
-2
0
-2
1
-1
-1
-2
-2
-1
-1
-1
-1
-2
0
-3
0
-1
0
-3
0
0
0
-2
-1
-2
-2
0
0
-1
0
-3
-1
-1
-1
0
1
-1
-2
-1
1
-1
0
-2
0
-2
0
-1
0
-1
1
-1
-1
-1
-2
-1
1
-3
1
-1
-1
-1
0
-1
-1
-3
-1
-1
0
-2
-1
-3
0
-1
-1
0
-1
-2
-1
-1
0
-1
-1
-1
0
-2
-1
-1
0
-2
-1
0
1
-3
-1
-1
1
-1
0
-1
0
-1
0
-2
-1
-1
0
0
-2
-1
0
-2
-1
-3
0
-2
-1
-1
-1
-1
1
-3
-1
-1
0
-1
0
-3
-1
0
0
-1
-1
0
-2
1
-1
-2
-1
-1
0
-1
0
-1
-1
0
1
0
-1
-2
-1
-1
0
-3
0
-1
-1
-1
0
-1
0
-1
0
-1
1
-2
-1
-1
-2
-1
-1
0
1
-1
0
-1
0
-1
-1
-1
0
-1
0
-1
-1
-1
-1
-1
-1
0
-2
0
-2
-4
1
-2
-1
-1
1
-1
0
-1
1
-2
-1
-1
-1
-2
-1
-1
-1
-2
0
-1
0
0
1
-1
0
-1
-1
-4
-1
-1
0
-1
-1
-1
-1
-3
0
-1
-1
-1
0
-2
-1
0
0
0
-1
-3
-1
-1
0
-1
-1
-1
1
-1
-3
-1
1
-1
-1
-1
-1
-1
0
0
-2
-3
-2
-1
0
-1
-1
-1
-1
-1
-1
-2
-1
-1
1
-1
0
-1
-1
-1
-360
-47
23
-361
-3
358
-362
16
-358
37
355
-62
352
-82
-348
100
119
339
331
-141
322
-161
177
313
-197
-304
-293
213
-281
231
245
262
-251
260
232
-276
-216
289
-202
300
181
-311
320
163
143
-332
-126
337
-107
344
-350
-84
-355
-66
42
-359
-361
-23
360
0
21
361
-360
40
-62
-355
351
-83
-103
-347
-122
-340
139
332
-162
-322
312
-180
198
301
214
288
231
276
262
-248
247
-264
232
-276
215
-291
-198
300
180
-314
322
161
144
-333
-124
339
-104
346
-85
350
-62
353
-42
358
21
-362
360
-1
-22
-360
-42
-360
-354
61
85
349
-345
102
-123
-340
332
-145
323
-164
-312
180
-199
-303
-214
-288
-231
-276
-261
246
-263
-250
-277
-234
-289
-216
-301
-199
180
-316
323
159
-330
-144
122
-342
-102
344
-349
-84
62
-358
358
39
360
18
-1
361
-361
19
359
-45
-354
62
-350
83
105
343
-339
123
-146
-332
-163
-323
-182
-313
197
300
288
-219
-233
-278
-262
245
-247
263
-278
-234
289
212
-303
-198
-314
-182
161
-325
332
139
-123
338
-102
344
81
-354
-356
-63
-40
356
-19
358
-2
-363
360
-25
-43
-359
-65
-356
85
350
105
342
-124
-340
-331
143
164
320
-312
180
199
296
216
287
233
273
-264
249
243
-264
-231
278
-216
290
194
-303
177
-315
-161
322
331
139
339
119
100
-347
78
-353
356
58
357
40
360
18
-4
-362
25
359
358
-45
65
354
-88
-351
-107
-346
-339
127
329
-147
165
320
-183
-310
202
301
-218
-287
274
-234
260
-252
-245
264
-230
277
212
-293
-303
-196
-313
-177
158
-326
-333
-141
-119
339
100
-348
78
-352
-357
-60
-359
-38
-17
360
5
360
24
361
-358
45
66
354
-351
83
108
342
338
-127
147
327
-320
165
-310
182
204
296
-286
218
-235
-275
-259
249
-266
-245
-278
-230
-293
-212
-194
302
315
173
-325
-161
138
-334
119
-343
-347
-99
353
76
-356
-59
-37
356
-17
358
361
-7
26
357
-47
-361
-354
64
-350
85
110
342
336
-132
330
-151
167
319
-187
-310
203
296
221
284
-274
234
-260
250
-268
-245
227
-284
-296
-215
-309
-194
-176
315
155
-327
-336
-140
-119
339
-99
346
351
74
-58
354
31
-361
-362
-16
359
-9
-27
-364
46
356
-357
68
89
348
342
-111
-337
129
327
-153
167
317
-190
-310
202
296
284
-223
269
-240
-258
250
-244
267
-229
281
-211
292
305
191
-316
-173
324
156
332
136
339
117
-349
-95
-77
354
-357
-54
-361
-34
-16
361
360
-8
358
-29
357
-50
353
-69
-351
92
-344
112
131
338
-150
-328
317
-170
-311
188
-297
206
283
-221
238
272
-254
-256
-242
270
226
-281
209
-293
190
-305
-317
-173
-153
327
135
-336
-115
342
351
95
354
74
-54
356
-359
-34
-359
-12
-8
-362
-359
31
-49
-358
-68
-356
352
-93
-109
-346
134
334
330
-153
171
315
-305
187
-203
-300
286
-226
272
-243
257
252
270
237
-223
279
-206
291
191
-311
-315
-177
-327
-158
-133
330
342
110
347
91
-353
-79
-356
-57
31
-366
361
5
361
-15
358
-36
354
-57
351
-78
346
-98
341
-119
-338
129
-156
-332
314
-174
-308
185
-210
-300
-286
221
237
267
