199
-309
-313
-277
-250
265
269
190
168
-324
297
155
-174
313
-157
322
329
105
-108
342
-86
346
38
-364
-45
354
-5
-366
346
-14
-375
29
-370
50
-87
-357
334
-97
330
-116
-146
-335
-165
-327
-185
-318
-318
190
197
296
212
286
-279
241
247
257
230
-268
-234
287
-215
300
300
193
-323
-170
-334
-153
329
132
-119
343
342
93
-77
354
-362
-52
355
30
-13
361
-364
13
355
-34
352
-56
71
353
-352
96
-118
-343
330
-135
151
326
314
-174
-194
-306
-300
207
-286
225
240
269
-257
255
269
240
281
221
-207
296
-312
-188
-321
-170
-331
-150
129
-338
108
-346
88
-351
353
68
49
-357
-362
-30
360
6
12
358
33
357
-358
53
-354
73
-98
-350
341
-119
333
-139
153
325
-318
172
-194
-309
-293
208
-227
-284
-269
240
252
-261
236
-274
283
219
202
-298
185
-310
-169
318
-331
-151
336
128
-111
340
348
88
-71
353
46
-358
-30
359
-8
359
358
-16
356
-36
356
-58
-356
77
-100
-349
-119
-343
-336
136
155
324
173
316
303
-194
292
-211
-281
226
243
267
-254
257
272
238
-222
286
-206
298
-312
-186
-169
319
-330
-148
-340
-129
-344
-109
349
88
-358
-69
47
-359
0
-1
1
0
-1
0
-1
0
0
0
-4
-1
0
0
-2
-3
-1
-1
-1
0
-1
-1
-1
-1
-1
0
0
-1
-3
-1
-2
-1
0
-3
-1
-1
-1
-1
-1
-1
1
0
-2
-1
-3
-1
-1
1
-1
-1
-1
1
-1
-1
-1
-1
-2
-1
-1
-1
-2
-1
-2
-1
-2
1
-1
-1
-1
1
-1
-1
-1
-1
-1
-1
-1
-1
-2
-1
-1
-2
-1
-1
-1
-1
-1
-1
-1
-1
-1
-1
-1
0
-1
0
-1
0
-1
-1
-1
0
-4
0
-1
0
-1
1
-2
1
0
0
-1
-1
-1
-1
0
-1
-1
-1
-1
1
-2
-1
0
0
0
-1
-1
0
-1
-1
-1
-1
-1
-1
-1
-1
-2
0
-1
1
0
0
0
0
-1
-3
-1
1
-1
0
-1
0
-1
0
-1
-1
0
-1
-1
-2
-3
-2
-1
-1
-1
-3
-1
0
-2
-2
-1
-1
-1
-1
-2
-1
-3
-2
-3
-1
-1
-1
-4
0
-1
-1
-2
1
0
-2
-1
0
-3
0
-1
0
-1
-1
-1
1
-2
-1
-1
1
-1
-1
-1
0
-2
1
-2
0
-2
-1
-3
-1
-3
1
-1
0
-1
0
-2
0
-1
-1
-2
0
-3
0
-1
2
-1
0
0
-1
-1
1
-1
-1
0
0
-1
1
-4
1
-2
-1
-1
1
-1
1
-1
0
-1
1
-2
-1
-1
1
-1
1
-2
-1
-1
0
-1
-2
-2
0
0
0
-2
-1
0
-1
-1
0
0
-1
0
-1
-1
-2
-1
-1
-1
-1
0
-1
-2
-1
0
0
0
-1
-1
-2
-1
0
-2
-1
-3
-2
0
-1
-1
-1
-2
0
0
-1
-1
-2
0
-1
-1
0
-1
-1
-1
-1
0
0
-2
-1
-1
-1
-3
-2
-2
0
-2
0
-1
-2
-1
-2
-3
1
-1
-4
-1
0
-1
-2
-2
-1
-1
-1
-2
-2
-2
-1
-1
-1
-2
-3
-1
-1
-1
-1
-1
-1
-3
-1
0
0
-2
-1
-3
-1
-2
-1
-3
-2
-3
-1
-2
-1
-1
-1
-4
0
-1
0
-3
-2
-3
-2
-4
-1
-2
-1
-2
-2
-2
-2
-1
1
-1
-1
-3
0
-2
-2
-1
-1
-2
-1
-2
-1
-2
-2
0
-1
0
0
-2
0
-1
-1
-3
0
-1
0
-1
-1
-1
-1
-1
-1
-1
-1
-2
0
-1
-1
1
0
-1
-1
-1
-1
-1
1
0
0
-2
-1
-2
-1
-1
-1
-1
-1
0
0
-1
-1
-1
1
-1
-1
-1
0
-1
0
-1
0
-1
0
0
2
-1
1
0
0
0
0
-3
-1
0
0
0
-1
-1
-1
-1
-1
-1
1
-1
0
1
-1
-1
0
0
-1
0
1
-2
-1
-1
-1
-1
-1
-1
-1
-1
0
-1
0
-1
0
0
-1
-1
0
0
0
-1
-1
-1
-1
-1
-1
-2
-2
-1
0
0
0
0
0
-2
1
-1
-1
-1
-1
-1
0
-1
0
0
-1
-2
-1
-1
-2
-3
-1
-3
0
-1
-1
-3
-1
0
-1
-2
-1
0
-1
-1
0
-1
-1
-1
-1
-1
-1
-1
-1
-1
-1
-1
0
-3
-1
-2
1
-2
-1
-2
-1
1
0
-3
-1
0
-1
-1
-1
-2
0
-1
-2
-2
-1
0
1
-1
0
-1
0
-1
-1
-2
1
-3
1
-1
0
0
0
-1
-1
-4
1
-1
0
-1
0
-1
0
-3
-1
-1
-1
-1
-1
-1
-1
-1
-1
-1
-1
-2
1
0
0
-1
-1
0
-1
-1
-1
-1
0
0
0
0
0
-1
-1
-1
-1
-1
0
-1
-1
-1
-1
0
0
-2
0
-1
-1
0
-1
0
0
-2
-1
-1
-2
-1
-1
-2
-1
-1
-1
-1
1
0
1
-1
0
-1
0
-1
-1
-1
0
0
0
-1
1
-1
-2
-1
0
1
0
-2
-1
-1
-1
-1
0
0
0
0
1
0
0
-1
1
-3
0
-1
-1
-1
-1
0
-1
0
0
-2
-1
-3
1
0
-1
-4
1
-1
0
-1
1
-1
1
-1
-1
-2
-1
-2
-2
-1
-1
0
-1
-3
-1
-2
-1
-1
0
-1
-1
-1
-3
0
-1
0
-1
1
-1
-1
0
-1
-1
-1
-1
-1
-1
-1
0
0
0
-1
1
0
-1
0
-1
0
0
-1
1
0
-2
-1
1
-1
-1
-1
-1
-1
0
-1
-1
-1
-1
-1
-2
-1
-1
-2
0
1
-2
0
-1
-1
1
0
0
0
-1
-1
1
-1
-1
-2
-1
-1
0
0
0
0
0
-1
-1
-1
-1
-1
-1
-1
-1
0
-1
-1
1
-1
0
-1
0
0
0
-2
0
-2
-1
-2
0
-1
0
-1
-1
-1
-1
-1
-1
1
0
0
0
-1
1
-1
1
-3
-1
-1
0
-2
-1
-1
0
0
-1
-3
0
1
0
-1
-1
-1
0
-2
-1
-1
0
-2
-1
-1
-1
-1
1
-1
0
-1
-1
0
-1
-1
0
-1
-1
-1
-2
-1
1
-1
1
0
0
-1
-1
-1
1
-1
0
-1
-1
0
-1
0
0
0
1
-1
1
0
1
-1
-1
-1
1
-1
-1
-1
1
-1
0
-1
-1
-1
-1
-1
0
-1
1
-2
-1
0
0
-2
-1
-1
-1
-2
0
-1
0
-1
0
-1
-1
-2
-1
0
0
-1
-1
-1
-1
-1
0
-1
0
-1
-1
0
0
-1
0
-2
1
-1
-1
-1
0
0
0
-2
1
-1
0
0
-1
0
0
-1
1
-1
0
-1
-1
-1
-1
-1
0
0
1
-1
0
-1
-1
-1
1
0
-1
0
0
-1
1
0
0
-1
0
-1
-1
-1
0
-1
0
0
-1
0
-1
0
0
-2
0
-1
-1
0
0
0
0
-1
-1
-1
0
-1
1
0
-1
-1
-2
-1
1
-1
-1
-2
-1
-3
-1
-1
-1
0
1
0
0
-1
-1
-2
-1
-1
0
-1
-1
-1
1
-1
0
0
-1
-2
0
-1
-1
-1
-1
-2
-1
0
0
0
-1
0
0
0
-1
-1
-1
-1
1
1
0
-1
-1
-1
-1
0
0
-1
-1
-2
1
0
-1
-1
0
-1
0
-1
1
-1
-1
-1
0
-1
-1
-1
1
-1
0
-1
1
-1
-1
-1
0
-1
-1
-2
1
0
0
-1
0
0
1
-1
0
0
0
0
-1
-1
-1
-3
1
-1
-2
1
1
0
2
1
-1
-1
-1
-1
0
-1
-1
-1
-1
-2
0
-1
1
-1
1
1
0
0
1
0
-1
-1
-1
0
1
0
-1
0
0
-1
-1
-1
1
0
0
1
1
1
1
0
0
-3
1
-1
-1
-1
0
-1
1
0
-1
0
0
-1
0
-1
1
0
-1
-4
-2
-1
-1
1
-2
-1
2
-1
-1
-1
0
0
0
-1
0
-1
-1
0
-1
-2
-1
0
0
-2
-1
-1
0
-2
-1
-1
1
1
1
-1
0
0
0
1
0
-2
0
-1
0
-1
0
0
1
1
0
0
0
-1
0
0
1
-1
0
0
0
-1
-1
-1
-1
-2
-1
-1
0
-1
2
-3
-1
1
-1
0
0
-1
-1
-3
-2
-1
0
-2
-1
-1
-1
-1
-1
-2
-1
-1
0
-1
-1
0
0
1
1
-1
0
1
-1
-1
0
-1
2
-1
-1
-1
3
0
1
1
1
-1
0
1
-1
-1
1
-1
-1
0
1
1
0
-1
-3
-1
-1
-1
-2
0
0
1
-1
-1
-1
-1
-2
-2
1
-1
-1
-1
-1
1
-1
-1
0
1
-1
0
-1
-1
-1
-1
0
1
-1
-1
0
-1
0
-1
0
1
-1
1
0
-1
-1
-1
-1
-1
1
0
1
-1
-1
0
-1
1
-1
1
1
1
1
-1
-1
-1
1
-2
1
0
-1
-1
1
-1
-1
-1
-1
1
1
-1
0
0
0
0
-1
-1
0
-1
-2
1
-2
1
1
1
-1
-1
-2
-1
0
0
-1
0
1
1
-1
0
-1
0
0
0
-1
0
1
0
0
-1
-1
-1
-1
-1
0
0
-1
-1
-1
-1
-1
1
0
-1
0
-1
-1
-1
1
-1
-1
-1
1
0
-1
-1
-1
0
0
1
-1
-1
0
-3
1
1
1
-1
0
1
1
-1
0
-1
0
-1
0
1
1
-1
0
-1
0
-1
0
-1
-1
-1
1
-1
-1
-2
1
0
-1
-2
0
-1
-1
-1
1
-3
0
-1
0
-1
-1
-1
0
1
-1
-1
-2
0
1
-1
1
-1
1
-1
-1
0
0
-2
1
1
0
-1
1
1
0
0
-2
-2
-1
-1
0
1
-1
-1
-1
-1
-1
-1
-1
0
-1
-1
-1
1
-2
0
-1
1
0
1
1
1
-1
0
-1
-1
-1
1
-1
-1
0
-1
0
0
-1
0
-1
-1
-1
-1
-1
0
-1
-1
0
-2
1
-1
-1
-1
-1
0
-1
-2
-1
-1
1
0
-2
0
-1
-1
1
-1
1
0
-1
-1
0
-1
-1
-1
-1
-1
-1
-1
-2
0
-1
-2
-1
-1
1
0
-1
1
0
-1
-1
-1
-1
-1
-2
-1
-1
0
0
0
-2
0
0
0
-1
-1
1
-1
-1
0
-1
-4
0
0
-1
1
-1
-1
0
-1
-1
-1
-1
-1
1
-1
1
0
-1
0
0
-2
1
-1
-1
-1
0
-1
1
-1
1
-1
1
-1
1
1
-1
1
-1
-1
0
-3
-1
0
0
0
-1
-1
0
0
1
-1
-1
-1
-1
1
0
0
1
-1
1
-1
1
-1
-1
1
-1
0
0
0
-1
-1
0
-1
1
-1
0
-2
-1
-2
0
-1
1
0
-1
1
-1
-1
1
-1
0
-1
-1
1
0
-1
0
-1
0
-2
1
-1
0
0
-1
1
0
-1
1
-1
1
1
-1
0
0
-1
-1
1
1
0
0
-1
-1
1
1
1
-1
-2
-1
1
-1
0
1
0
0
-1
0
1
0
-2
-1
0
-1
1
-1
0
-3
-1
0
-1
1
0
0
-2
1
-1
-1
0
0
0
-1
1
0
-1
-1
-1
-2
1
0
0
-1
1
0
0
-1
1
1
-1
0
-1
-1
0
-1
0
-1
-1
-1
-1
0
-1
0
-1
-1
-1
-2
-1
0
-1
-1
-1
-2
-1
0
1
0
-2
-1
0
0
0
-1
-1
0
1
-1
-1
0
-1
-1
1
-1
1
0
-2
-1
-1
0
1
0
-1
1
0
-2
-1
-2
1
-2
0
-1
0
-1
1
-1
-1
-1
1
0
1
-1
0
0
0
1
0
0
1
0
1
-1
-1
-1
-1
-1
0
1
-1
1
1
0
1
-1
-1
-1
-1
0
1
0
1
0
-1
0
1
-1
-1
1
1
0
1
-1
-1
-1
0
0
-1
0
-1
-1
-1
-1
-1
-1
-1
1
-1
-2
0
-1
0
-1
0
-1
-1
-1
-1
-1
-1
0
1
-1
0
-2
0
0
-1
-1
0
0
-1
-1
0
0
0
0
0
-1
-1
-1
2
0
0
0
-1
0
0
-2
-1
1
-1
-1
0
-1
-1
-2
-1
-2
-1
1
1
0
1
1
-1
1
0
0
0
0
-1
-1
1
-1
0
-1
-1
0
1
1
1
-1
1
-1
0
-1
-1
1
0
-1
-1
1
0
-1
0
-1
1
-1
0
-1
-1
-1
-1
0
0
-1
-1
-1
1
1
1
0
-1
-1
1
0
1
0
1
-1
-1
-1
3
0
0
-1
-2
0
0
-1
-1
-2
-1
-1
-1
-2
1
-1
-1
0
1
-1
1
-1
1
0
0
-1
0
-1
-1
-1
0
-1
-1
0
-1
-1
-1
-1
1
-1
-1
0
0
1
-1
-1
-1
-1
1
0
1
0
-1
-1
1
0
-1
-1
0
-1
0
0
-1
-1
0
-1
-1
-1
1
-1
-1
-1
1
-1
1
-1
0
-1
-2
-1
0
0
-1
1
-1
-1
0
-1
-1
0
1
-2
-1
-1
-1
-1
-2
0
-1
0
-1
0
1
-1
-2
-1
0
0
-2
-1
-1
-1
0
1
-1
0
1
0
-1
-1
0
-1
-1
-1
0
-1
-2
0
-1
-1
-1
1
-1
-1
-1
-1
-1
0
1
0
-1
0
-1
-1
-1
-1
0
-1
0
-2
0
1
1
-1
-1
-1
-1
1
-1
-1
1
-1
-1
-1
1
1
1
-1
-1
-1
1
-2
0
-1
1
-1
1
0
0
0
0
-3
0
0
0
0
1
-1
0
-2
0
-1
1
-1
0
0
0
-1
0
-1
0
0
0
-2
-2
0
0
1
0
0
1
1
1
0
1
-2
1
-1
0
-1
-1
0
0
-2
0
-1
-1
0
-1
-2
-1
-1
-1
-1
0
-3
1
-1
0
1
-1
-3
1
-2
0
-2
0
-2
1
-2
2
-3
-1
0
-1
-2
1
-1
-1
-1
0
0
0
-1
1
-2
1
-3
0
-2
0
-1
0
-1
-1
-1
-1
-1
0
-1
-1
0
-1
0
0
-1
-1
-1
-1
-1
0
-1
0
-1
-1
-1
-1
-1
-1
-1
-1
-1
-2
-1
-1
-1
1
-1
1
-1
0
-2
1
-1
-1
-1
0
1
0
1
1
-2
1
-2
1
-1
1
0
1
-3
-1
-1
0
-3
0
0
-1
-1
-1
-1
-1
-1
0
0
2
-1
0
-1
0
-3
0
0
1
-1
0
0
0
-2
-1
-2
1
1
1
-2
0
0
0
-1
2
-1
0
0
0
-1
-1
0
-1
1
2
-1
0
-1
-1
-1
0
0
-1
0
1
0
-1
0
-2
0
0
0
0
-1
0
-1
1
-1
0
-2
1
-2
1
-1
-1
0
1
-1
1
-2
0
0
-2
-2
-1
-1
-1
1
0
-1
0
-1
0
-3
-1
-1
-1
0
1
-1
0
-1
0
-1
-1
-1
-1
-1
0
-1
0
-1
-1
-1
0
-1
-1
-1
0
-1
1
-1
-1
0
-1
-2
-1
-1
1
-1
-1
-1
0
-1
1
-1
0
0
1
-2
0
-1
0
0
-1
-1
1
-1
1
-1
1
-1
-1
-1
1
0
-1
-1
1
-2
-1
-1
-1
-2
1
-1
-1
-1
0
-1
1
-1
0
-1
-1
-1
1
-1
-2
0
0
-1
-1
-1
-1
-1
-1
-1
-1
-1
-1
-1
-1
-1
-2
-1
0
-1
-1
0
0
-1
-1
-1
0
1
-1
-1
-1
-1
1
-1
0
-1
0
-1
2
-1
-1
-1
0
0
-1
-1
-1
-1
-1
0
-1
1
-1
0
-1
-1
-1
0
-1
-1
-1
1
0
1
-1
-1
0
0
0
0
1
0
-2
-1
-1
-1
-1
-2
1
-2
-1
-2
1
-2
0
0
-1
-1
0
-1
-1
-1
-1
-2
1
-4
1
0
-2
-1
-1
1
-1
-1
0
0
0
-1
0
1
-1
-1
1
-1
-1
-2
-1
-1
-1
-1
1
-1
1
-1
0
0
1
-1
0
0
-1
-1
0
-2
0
-1
0
0
0
-1
0
0
-1
-3
-1
-2
-1
-1
-1
-1
-1
-1
0
-1
1
0
0
0
0
-1
-1
-1
0
-1
0
-1
-2
-4
0
-1
0
-1
-1
-1
1
-1
-1
0
-1
-1
0
-1
-1
1
0
-1
0
-2
0
0
-1
-1
0
-1
1
-1
1
-1
0
1
0
-1
-1
-1
1
-1
0
-1
0
-1
-1
-1
1
-1
0
-1
0
0
-1
-3
-1
-3
-1
-3
-1
-1
1
-1
-1
-2
0
-1
0
-1
-1
-1
1
-1
-1
-1
0
-3
1
0
-1
-3
0
0
0
-1
-1
-1
-1
-1
1
-1
-1
-1
-1
-1
-1
-2
0
0
-1
-1
-1
-1
-1
-1
-1
1
0
-1
0
-2
-1
-1
-1
-1
0
-2
0
-3
1
-2
0
-2
1
-1
-1
-1
0
-2
1
-1
2
-2
2
-1
-1
-1
-1
-3
-1
-2
0
-1
-1
-2
0
-1
1
-1
-1
-1
0
-3
0
-4
0
-1
-1
-1
0
-1
1
-1
-1
-1
-1
-1
0
-1
0
-1
-3
-1
-1
-1
-1
-2
-1
0
-1
-1
0
0
-1
-1
0
-1
0
-1
-1
-1
1
0
0
0
1
-3
0
-3
1
-3
0
-1
0
-1
-1
-1
-1
-1
0
-1
0
-1
1
1
-1
0
0
-2
0
-3
-1
-1
0
-1
0
-1
-1
-2
1
-1
-1
0
-1
-2
0
-1
0
0
-1
-1
-1
-1
-1
-1
-1
-1
-1
1
-1
-1
-1
-2
-1
-2
-1
-1
-1
-1
-1
-1
-1
-1
-1
-1
1
-1
0
0
0
-3
0
-2
0
-3
-1
-1
-2
-1
-1
-1
-1
-2
0
-3
0
-1
0
-1
-1
-1
0
-1
1
-2
-1
-2
-1
-1
-1
-1
-1
-1
-1
-2
-1
-1
0
0
-2
0
0
-2
0
0
-1
-2
-1
-1
-2
-1
-1
-2
-1
0
-1
0
0
0
-1
-1
0
0
-1
-3
-1
-1
1
-1
0
0
-1
-1
0
0
-1
-2
0
-1
0
-1
-1
-2
0
-1
-1
-2
0
-3
-1
-1
0
0
1
-2
0
-1
-1
-1
-1
-1
-1
-1
-1
-1
-1
-1
0
-1
0
-1
-1
-1
-1
-1
-1
0
1
-1
0
-2
-1
-2
0
-1
0
-1
-1
-1
-1
-1
-1
-2
-1
-1
-1
0
-1
-3
1
-2
0
-1
0
-1
0
0
-1
0
-2
-1
-1
-1
0
0
-2
-3
-1
-1
-1
-1
0
-1
0
-2
-1
-1
0
-2
-1
-1
1
1
-360
-46
23
-362
-3
358
-361
17
-358
37
353
-62
350
-82
-348
99
119
339
332
-143
323
-161
177
312
-198
-303
-291
212
-279
228
245
263
-250
260
231
-278
-217
287
-202
298
180
-312
322
161
144
-331
-125
337
-107
344
-353
-87
-357
-66
42
-359
-361
-22
359
0
19
359
-359
40
-62
-354
351
-83
-104
-347
-123
-339
139
331
-161
-323
312
-179
198
302
214
289
231
276
262
-249
249
-263
233
-278
214
-290
-200
301
182
-313
321
161
144
-332
-124
338
-105
344
-84
351
-63
353
-42
358
21
-361
358
-1
-21
-361
-42
-361
-355
62
83
349
-346
102
-124
-339
332
-145
323
-163
-313
178
-199
-303
-215
-290
-232
-276
-261
247
-260
-249
-276
-233
-290
-216
-301
-201
180
-313
322
161
-330
-144
122
-341
-103
344
-350
-85
61
-358
358
40
361
18
1
360
-361
19
358
-45
-356
61
-350
82
104
342
-338
122
-145
-333
-161
-325
-181
-313
199
299
288
-219
-233
-276
-262
246
-246
260
-277
-234
290
213
-303
-198
-315
-180
159
-327
330
140
-122
337
-102
343
80
-354
-357
-63
-40
357
-18
357
-3
-365
359
-25
-45
-358
-65
-356
84
349
104
342
-126
-338
-332
144
163
320
-313
180
198
296
216
286
232
274
-263
249
244
-264
-233
277
-215
291
194
-305
177
-314
-161
322
332
141
340
120
100
-347
79
-351
355
58
358
38
358
17
-3
-361
23
360
357
-45
66
354
-88
-351
-107
-345
-339
128
329
-147
165
320
-183
-310
201
297
-218
-288
274
-235
261
-252
-245
264
-229
277
212
-293
-303
-196
-313
-177
157
-325
-334
-139
-119
340
100
-348
80
-353
-356
-60
-358
-38
-17
360
4
359
25
359
-359
45
68
352
-349
86
107
343
338
-129
147
328
-321
165
-310
185
202
298
-286
216
-234
-274
-258
247
-266
-245
-281
-229
-293
-213
-193
303
315
174
-326
-158
139
-334
119
-341
-347
-100
352
76
-358
-59
-37
356
-16
358
360
-8
25
356
-358
45
354
-71
351
-91
109
340
129
336
-149
-332
-168
-322
-187
-310
-204
-300
-286
218
-272
233
-259
250
-267
-245
-282
-229
209
-296
-308
-194
315
174
324
153
-335
-140
-118
339
95
-350
75
-354
-58
356
33
-360
-16
358
-363
5
-361
28
46
356
353
-71
-351
87
-346
108
-338
128
146
327
-322
165
-187
-312
203
296
282
-222
235
272
-255
-259
-243
266
224
-282
-211
293
304
192
-317
-175
-327
-157
334
136
339
116
-351
-95
-356
-76
53
-358
-35
360
-16
362
-8
-362
-361
28
-52
-358
351
-69
-93
-348
343
-111
-337
130
-151
-328
320
-170
-309
188
-205
-296
284
-221
270
-238
-257
255
-268
-240
228
-280
294
209
308
193
-172
317
-154
326
-334
-134
344
116
350
95
356
75
359
54
-358
-34
14
-361
-7
-362
31
358
52
357
354
-73
350
-91
114
341
134
333
153
327
171
315
-187
-311
-204
-301
-281
218
272
-242
257
-259
242
-273
225
-288
-206
289
192
-310
174
-322
-153
324
-134
330
-342
-119
-348
-100
73
-359
-357
-57
359
28
361
5
-10
-366
358
-36
-54
-363
351
-78
346
-98
341
-119
-338
128
151
323
-175
-322
-308
185
-298
204
-226
-286
-274
237
