-40
-1
-59
43
-52
78
-24
89
9
73
33
33
39
-15
25
-57
1
-83
-28
-84
-45
-59
-45
-23
-18
9
19
18
44
-3
40
-40
0
-76
-64
-85
-122
-69
-157
-45
-161
-31
-150
-42
-147
-74
-161
-97
-177
-104
-171
-85
-133
-64
-66
-64
-7
-96
16
-146
-9
-178
-63
-164
-112
-105
-129
-18
-112
55
-87
97
-76
109
-86
115
-100
132
-91
154
-52
156
2
117
39
35
30
-57
-21
-119
-75
-118
-92
-69
-48
-13
38
4
112
-41
125
-125
55
-191
-65
-188
-175
-103
-218
36
-170
163
-59
221
60
181
127
66
114
-64
37
-154
-57
-170
-112
-114
-100
-27
-23
43
88
68
183
41
233
-11
235
-50
206
-56
182
-28
178
8
194
23
204
3
181
-45
119
-86
37
-96
-31
-64
-53
-8
-24
38
37
48
98
15
130
-43
121
-95
83
-122
33
-114
-18
-77
-56
-19
-80
49
-82
116
-58
165
-17
171
17
122
8
24
-64
-85
-194
-151
-331
-139
-417
-51
-408
67
-306
154
-160
166
-30
102
33
8
30
-59
-1
-63
-14
-16
14
49
72
90
126
91
147
62
129
34
89
23
51
30
27
45
20
56
21
59
36
57
67
49
115
24
164
-33
186
-115
158
-197
81
-238
-6
-209
-55
-119
-34
-13
47
54
137
42
181
-33
146
-124
51
-175
-54
-159
-118
-96
-122
-27
-81
6
-37
-2
-11
-35
-8
-64
-6
-73
5
-72
24
-76
34
-85
20
-88
-10
-60
-26
4
-4
79
60
126
127
111
151
39
98
-45
-22
-82
-148
-41
-223
64
-206
182
-115
245
1
223
86
135
109
24
86
-59
55
-99
47
-106
65
-115
87
-144
83
-181
43
-199
-15
-170
-50
-93
-33
5
38
74
132
79
199
16
198
-84
126
-172
10
-197
-94
-153
-140
-61
-111
30
-25
71
67
45
117
-30
109
-105
57
-134
4
-104
-5
-34
37
31
108
50
158
13
153
-52
86
-99
-5
-94
-73
-38
-84
30
-48
64
1
39
13
-30
-26
-95
-100
-112
-157
-61
-156
30
-82
112
35
141
144
105
197
25
179
-54
107
-93
19
-75
-49
-15
-78
60
-70
119
-37
139
-5
115
8
58
-5
-18
-46
-79
-94
-111
-123
-105
-105
-78
-39
-59
59
-79
144
-150
174
-251
136
-334
46
-356
-47
-300
-97
-191
-83
-77
-23
-6
40
2
69
-36
56
-88
16
-123
-26
-134
-47
-132
-49
-132
-44
-142
-38
-150
-34
-146
-17
-130
16
-116
49
-120
53
-143
8
-161
-80
-136
-170
-46
-216
93
-182
231
-81
309
33
289
101
188
89
60
13
-33
-72
-56
-112
-23
-81
21
-3
25
76
-22
110
-92
88
-139
42
-126
15
-57
36
31
93
91
153
96
163
58
112
17
17
12
-76
56
-123
132
-110
191
-61
200
-13
151
-1
67
-26
-8
-69
-49
-93
-49
-83
-33
-44
-30
-3
-50
11
-85
-10
-97
-46
-68
-59
8
-21
97
66
153
168
146
235
71
230
-36
148
-124
18
-145
-104
-89
-171
22
-166
137
-107
216
-29
233
23
198
28
139
-15
95
-76
89
-127
119
-141
166
-117
201
-65
197
-11
147
16
58
6
-41
-39
-122
-98
-168
-144
-179
-162
-172
-157
-163
-146
-163
-146
-158
-158
-127
-157
-58
-115
39
-17
127
121
161
250
113
317
1
286
-123
176
-197
42
-183
-48
-97
-57
4
4
58
82
35
117
-51
89
-143
18
-190
-45
-177
-54
-127
-4
-92
69
-108
113
-171
96
-242
23
-267
-62
-218
-110
-108
-92
24
-18
127
78
175
156
168
191
132
186
91
153
64
112
51
69
52
31
64
4
83
-9
104
-3
121
16
126
36
119
50
107
60
101
78
104
109
103
147
76
173
16
151
-66
74
-137
-47
-158
-163
-113
-224
-20
-213
69
-142
107
-62
71
-21
-18
-40
-110
-93
-160
-137
-150
-136
-105
-86
-62
-12
-45
52
-55
87
-64
105
-45
132
1
187
49
259
59
310
23
304
-47
232
-108
115
-122
1
-81
-73
-4
-93
64
-82
92
-73
81
-86
49
-116
29
-146
31
-151
48
-129
64
-93
57
-59
34
-39
6
-28
-16
-18
-33
-5
-50
2
-77
-11
-105
-45
-117
-81
-95
-91
-42
-58
11
11
28
75
-11
88
-91
31
-161
-74
-171
-169
-100
-197
19
-143
121
-38
150
47
89
57
-20
-13
-107
-119
-121
-188
-54
-175
40
-83
94
33
71
103
-16
94
-103
28
-129
-34
-66
-31
52
49
162
177
205
282
162
315
68
264
-23
161
-66
54
-57
-20
-16
-56
19
-66
26
-74
11
-88
-18
-100
-45
-110
-69
-115
-91
-129
-105
-156
-100
-180
-50
-172
37
-111
132
-8
188
103
171
161
84
129
-29
11
-107
-142
-107
-264
-36
-307
66
-272
139
-194
144
-118
90
-71
6
-49
-77
-38
-143
-27
-199
-26
-250
-55
-291
-120
-293
-202
-236
-259
-112
-261
38
-202
168
-110
231
-40
223
-19
170
-49
113
-99
76
-138
57
-147
35
-138
-11
-130
-75
-131
-138
-132
-185
-121
-214
-95
-236
-71
-261
-69
-281
-95
-265
-124
-197
-120
-83
-62
34
38
105
130
100
158
46
107
-2
15
9
-52
86
-45
187
33
243
129
214
176
117
140
18
52
-16
-24
30
-30
120
40
185
130
180
182
111
158
33
87
4
23
35
13
88
53
108
94
67
86
-13
18
-71
-74
-64
-120
8
-92
93
-5
129
83
91
109
11
66
-48
-13
-37
-57
40
-32
131
48
180
132
155
169
81
147
6
96
-34
56
-42
45
-44
44
-67
27
-114
-23
-145
-90
-128
-121
-63
-93
18
-11
64
82
52
139
-8
141
-76
107
-112
73
-115
61
-106
59
-115
38
-141
-23
-156
-96
-119
-139
-30
-110
78
-13
140
92
118
138
25
83
-71
-42
-95
-170
-18
-225
124
-188
259
-91
325
0
306
40
244
34
187
23
159
47
136
93
75
114
-42
62
-177
-74
-255
-236
-218
-334
-64
-303
136
-148
281
49
296
182
187
185
35
67
-66
-98
-57
-214
47
-234
174
-170
245
-89
221
-49
127
-78
21
-141
-39
-186
-38
-165
-6
-74
4
48
-47
144
-158
177
-291
136
-393
49
-427
-42
-382
-96
-281
-103
-163
-76
-61
-38
8
-10
49
6
71
8
84
8
88
11
75
5
44
-16
1
-54
-37
-99
-54
-134
-45
-143
-22
-129
-3
-107
1
-95
-5
-106
0
-127
31
-129
88
-98
152
-38
184
19
170
42
121
18
69
-33
49
-70
70
-67
101
-23
102
21
53
22
-32
-35
-103
-127
-114
-197
-54
-201
41
-135
112
-43
118
18
58
11
-22
-54
-69
-131
-57
-174
1
-169
57
-136
84
-110
81
-110
76
-119
100
-103
154
-44
211
52
234
139
210
184
157
180
120
159
127
164
168
213
198
281
173
317
85
280
-28
172
-108
41
-114
-45
-52
-49
24
18
52
101
-2
137
-121
101
-250
1
-331
-116
-334
-205
-269
-242
-164
-228
-53
-174
45
-95
117
-4
158
83
152
142
102
144
25
81
-39
-27
-50
-128
9
-168
117
-127
220
-17
258
100
206
167
78
150
-67
57
-169
-60
-191
-148
-134
-173
-36
-127
59
-40
112
53
115
120
84
148
45
146
19
132
19
124
40
135
67
159
81
184
70
190
42
166
17
126
11
87
34
73
76
92
115
134
127
171
104
183
57
163
13
117
-11
69
-7
30
15
7
44
-8
69
-21
95
-27
124
-21
153
5
173
40
166
67
132
71
83
49
38
17
13
-4
3
-13
-6
-18
-24
-37
-48
-75
-55
-112
-26
-118
36
-71
99
17
119
101
73
137
-23
96
-120
4
-168
-87
-147
-129
-91
-117
-50
-87
-62
-90
-116
-149
-168
-241
-160
-309
-86
-303
20
-222
96
-117
96
-53
35
-64
-35
-129
-49
-190
11
-190
117
-117
204
-17
221
54
171
61
99
17
52
-30
50
-42
70
-19
68
6
17
-12
-62
-78
-118
-159
-115
-199
-54
-164
15
-73
33
16
-23
37
-126
-24
-206
-130
-205
-208
-114
-206
23
-114
136
19
172
132
131
187
55
183
-11
158
-36
148
-35
153
-32
163
-49
148
-77
103
-89
47
-66
13
-10
16
49
46
78
69
62
52
18
-13
-12
-100
1
-165
68
-172
156
-110
223
-10
231
87
168
139
59
124
-55
56
-130
-30
-134
-95
-75
-104
26
-52
123
47
182
153
178
223
117
237
32
191
-44
110
-82
29
-81
-25
-54
-45
-33
-47
-33
-48
-54
-60
-77
-77
-84
-77
-70
-47
-44
15
-28
94
-37
164
-71
206
-121
222
-170
210
-205
179
-223
134
-225
77
-211
16
-173
-37
-113
-67
-39
-69
29
-48
74
-25
89
-20
91
-33
98
-49
130
-42
183
1
235
71
260
138
241
173
190
162
139
118
112
71
121
43
148
42
166
51
158
46
129
19
95
-15
79
-35
78
-28
77
-3
51
15
-6
-2
-76
-54
-125
-124
-127
-173
-78
-175
-4
-128
57
-59
81
-1
66
26
35
24
11
8
8
-2
21
-2
38
1
49
-2
56
-11
68
-16
92
-3
118
30
131
69
116
97
74
100
24
81
-13
64
-26
75
-22
122
-24
192
-58
252
-132
272
-226
239
-303
171
-325
103
-279
67
-182
83
-64
134
32
189
87
213
107
190
115
127
142
57
201
13
273
13
329
45
329
72
261
61
142
-8
17
-110
-65
-206
-77
-241
-33
-191
24
-76
45
53
8
144
-72
166
-146
136
-170
95
-130
78
-45
100
38
136
77
145
65
99
23
-1
-8
-120
-6
-224
30
-288
73
-306
98
-301
96
-284
70
-268
36
-248
6
-219
-20
-191
-41
-172
-53
-162
-45
-154
-9
-136
49
-97
110
-47
150
-12
158
-8
148
-37
150
-71
177
-74
221
-32
245
35
212
78
120
57
5
-25
-74
-123
-69
-170
11
-128
109
-12
151
106
99
152
-19
92
-134
-42
-171
-177
-103
-234
32
-194
160
-92
217
8
186
54
103
36
28
-9
1
-37
18
-23
52
20
63
59
44
67
7
37
-15
-11
-4
-54
41
-73
100
-66
154
-44
190
-9
198
23
177
48
130
52
59
25
-18
-35
-76
-106
-89
-159
-57
-170
5
-132
67
-65
102
4
107
52
91
76
79
92
78
112
81
139
72
161
42
165
-8
144
-59
111
-103
74
-139
35
-171
-16
-202
-83
-211
-161
-177
-214
-86
-201
39
-109
150
35
194
170
147
240
33
215
-89
125
-162
20
-166
-47
-123
-66
-78
-56
-66
-52
-79
-64
-92
-76
-81
-57
-48
4
-23
86
-37
150
-91
165
-156
134
-190
89
-174
73
-124
88
-81
105
-78
85
-107
7
-129
-103
-101
-190
-12
-208
100
-151
179
-63
183
4
113
11
16
-30
-57
-83
-81
-115
-69
-113
-54
-103
-52
-107
-54
-129
-34
-141
21
-110
94
-32
141
62
127
125
52
122
-47
62
-115
-13
-122
-52
-82
-34
-33
23
-21
78
-49
103
-101
94
-137
73
-146
59
-131
56
-115
49
-104
26
-97
-13
-71
-47
-25
-55
28
-43
54
-32
47
-52
21
-102
11
-148
47
-147
115
-78
169
34
163
130
85
157
-25
110
-103
39
-99
8
-26
53
57
145
81
211
29
196
-55
95
-95
-23
-40
-73
91
-13
216
120
246
240
153
257
-13
159
-153
4
-186
-108
-107
-112
18
-14
95
111
73
180
-30
149
-138
49
-182
-50
-138
-92
-42
-66
42
-13
66
14
37
-12
-8
-81
-25
-151
4
-187
63
-182
117
-152
145
-123
146
-104
140
-91
136
-73
138
-49
135
-32
119
-32
98
-51
87
-78
98
-93
123
-89
140
-78
137
-81
106
-111
71
-161
54
-206
64
-218
94
-189
119
-134
115
-78
79
-35
28
-11
-18
8
-49
28
-73
43
-96
42
-115
16
-124
-26
-96
-59
-34
-59
46
-23
105
22
119
43
87
12
39
-57
21
-125
52
-148
119
-104
175
-18
175
61
106
82
0
34
-88
-52
-110
-124
-56
-137
38
-88
119
-12
147
40
117
35
64
-26
26
-110
33
-177
80
-210
136
-207
180
-186
192
-163
182
-141
162
-112
139
-69
107
-18
57
23
-19
31
-107
-1
-178
-59
-211
-119
-197
-156
-146
-163
-88
-144
-42
-117
-20
-99
-21
-91
-33
-93
-54
-104
-83
-128
-113
-167
-136
-213
-133
-247
-93
-241
-25
-182
44
-78
80
35
61
115
-11
132
-98
90
-159
16
-169
-49
-132
-82
-74
-88
-30
-91
-15
-113
-18
-158
-15
-206
14
-224
66
-197
114
-130
131
-56
95
-5
21
2
-66
-33
-131
-84
-149
-126
-125
-137
-70
-110
-11
-56
28
5
34
49
6
59
-38
24
-76
-39
-78
-102
-37
-135
39
-119
118
-66
168
-6
168
28
131
20
90
-15
74
-40
93
-26
126
24
127
80
77
94
-19
45
-117
-53
-165
-156
-145
-216
-68
-218
25
-177
93
-127
135
-92
165
-64
208
-18
264
59
309
157
303
231
229
233
112
154
4
24
-46
-102
-27
-172
31
-181
78
-151
82
-128
42
-128
-8
-139
-34
-131
-33
-86
-26
-22
-42
27
-86
31
-129
-4
-130
-40
-74
-32
24
35
105
125
118
184
55
161
-45
59
-120
-73
-123
-169
-62
-189
18
-139
59
-71
33
-34
-42
-49
-118
-95
-150
-133
-123
-132
-62
-91
-6
-40
24
-7
33
-4
44
-21
74
-32
127
-18
182
21
209
65
199
93
148
98
80
78
11
48
-42
22
-79
8
-101
10
-118
20
-134
30
-153
29
-168
9
-169
-25
-142
-53
-79
-53
10
-9
94
71
140
156
120
205
42
188
-61
112
-141
13
-165
-67
-137
-98
-80
-86
-34
-53
-13
-30
-8
-21
6
-7
40
28
82
86
100
139
72
146
7
83
-60
-34
-76
-150
-18
-209
92
-181
197
-86
238
21
189
78
69
62
-65
-11
-158
-96
-184
-147
-154
-146
-105
-103
-70
-46
-65
-1
-81
25
-103
33
-117
34
-117
35
-111
34
-100
34
-87
30
-72
27
-57
22
-44
6
-35
-23
-21
-64
8
-105
62
-130
137
-121
221
-78
292
-5
332
80
327
159
276
221
190
248
71
233
-61
166
-180
57
-258
-69
-263
-170
-194
-209
-71
-170
59
-71
148
37
170
103
139
102
100
50
97
-6
146
-26
224
5
284
64
284
101
218
79
119
-1
41
-103
25
-170
81
-163
166
-76
235
56
250
182
199
261
114
281
30
253
-23
204
-33
154
-9
110
26
74
62
34
89
-8
107
-50
117
-93
120
-131
117
-161
112
-176
110
-167
108
-129
103
-64
77
10
26
69
-47
95
-125
83
-180
51
-192
24
-163
19
-110
40
-60
67
-37
75
-42
52
-57
-3
-61
-67
-39
-119
8
-146
66
-141
117
-112
145
-76
148
-45
126
-25
86
-30
33
-62
-19
-122
-53
-194
-53
-255
-18
-276
42
-248
95
-180
111
-105
78
-53
12
-35
-56
-38
-94
-33
-91
8
-64
83
-42
164
-47
225
-74
243
-102
222
-104
190
-74
164
-30
145
6
115
16
57
11
-31
13
-122
40
-182
88
-194
123
-168
119
-138
68
-134
-11
-159
-73
-188
-88
-185
-62
-132
-27
-46
-19
25
-51
44
-99
6
-120
-58
-87
-103
-5
-108
86
-78
142
-56
146
-71
119
-124
98
-182
112
-206
152
-176
184
-108
172
-47
105
-25
16
-47
-55
-83
-78
-95
-54
-64
-17
-4
1
59
-14
93
-49
98
-79
83
-86
71
-75
68
-57
65
-42
55
-21
41
21
43
86
86
157
164
201
246
189
288
130
268
58
194
18
107
32
51
79
41
115
54
100
40
32
-28
-49
-141
-88
-247
-54
-284
35
-224
125
-91
151
52
94
147
-28
165
-150
125
-225
75
-235
48
-202
53
-165
62
-146
49
-143
6
-128
-44
-81
-68
-7
-42
65
23
93
98
57
134
-27
118
-126
53
-195
-26
-210
-87
-175
-110
-117
-98
-57
-71
-17
-49
8
-40
25
-44
42
-55
58
-73
70
-98
79
-132
86
-165
100
-182
122
-173
143
-127
139
-63
95
-11
5
2
-110
-33
-216
-105
-276
-181
-272
-226
-219
-225
-143
-185
-75
-134
-35
-94
-15
-76
3
-68
27
-57
61
-35
91
-8
100
5
86
2
67
-14
60
-21
66
3
71
49
48
95
-22
102
-127
48
-228
-50
-277
-148
-250
-191
-161
-153
-60
-46
-1
77
-10
165
-76
195
-151
178
-191
156
-182
162
-141
204
-110
252
-118
270
-163
231
-214
140
-230
39
-187
-31
-100
-43
-8
-8
49
39
43
52
-12
10
-79
-75
-111
-163
-79
-205
4
-175
100
-76
157
46
141
135
54
151
-66
88
-160
-16
-188
-104
-147
-136
-71
-110
-18
-63
-27
-45
-90
-91
-165
-183
-197
-276
-156
-306
-57
-250
47
-129
98
1
71
81
-4
93
-76
53
-95
17
-47
21
41
71
120
140
155
187
146
190
116
155
94
108
95
71
105
49
105
33
87
7
58
-23
37
-43
28
-40
28
-8
13
31
-29
49
-94
32
-159
-19
-197
-80
-190
-121
-152
-132
-104
-124
-71
-112
-59
-111
-64
-120
-71
-130
-73
-130
-71
-117
-77
-98
-94
-79
-118
-64
-140
-49
-156
-35
-168
-21
-174
-19
-175
-28
-162
-46
-123
-56
-61
-42
12
-7
71
38
98
70
89
70
57
37
28
-10
14
-49
16
-69
23
-71
18
-66
-4
-68
-35
-74
-66
-84
-83
-91
-89
-86
-83
-74
-73
-52
-61
-21
-48
18
-42
59
-52
89
-82
93
-122
69
-155
25
-160
-16
-133
-26
-86
-5
-45
38
-33
72
-54
76
-87
49
-105
10
-86
-8
-33
11
30
64
74
124
78
161
47
151
1
101
-27
27
-18
-43
32
-83
109
-82
188
-40
242
23
249
78
200
95
110
59
12
-19
-56
-112
-69
-172
-30
-170
33
-107
78
-13
71
65
12
94
-64
73
-119
23
-120
-17
-68
-23
19
6
109
53
181
103
232
146
263
180
277
204
270
206
240
183
196
132
154
64
133
11
136
-11
148
4
143
35
102
49
33
33
-41
-8
-86
-51
-88
-72
-56
-63
-10
-35
30
-4
63
18
91
41
128
69
164
108
185
141
176
152
143
130
102
83
73
30
61
-11
59
-45
52
-86
36
-145
30
-208
59
-248
127
-232
215
-157
278
-54
280
27
222
50
136
21
71
-26
56
-47
81
-27
110
16
107
48
74
47
39
31
35
33
64
75
98
148
98
204
47
200
-25
132
-62
45
-18
6
95
54
221
175
281
300
240
354
124
308
0
192
-63
75
-48
7
16
-4
71
7
86
-4
65
-47
54
-99
80
-114
134
-78
175
-16
156
16
76
-22
-22
-119
-77
-223
-52
-263
38
-206
126
-79
146
52
70
119
-74
91
-214
0
-281
-89
-253
-119
-153
-65
-43
47
28
172
36
261
-8
291
-66
272
-102
232
-96
205
-56
208
-7
240
23
281
11
300
-40
276
-106
215
-158
133
-175
60
-155
13
-112
-12
-73
-33
-40
-62
1
-87
64
-88
156
-31
249
75
295
191
259
261
149
241
16
143
-71
29
-74
-29
-8
-1
60
88
65
165
-13
170
-134
90
-221
-21
-218
-89
-133
-75
-19
4
48
81
43
100
-4
48
-27
-30
18
-67
122
-28
227
62
271
141
231
158
141
103
67
18
49
-37
82
-35
120
-2
117
16
66
-16
1
-87
-23
-151
11
-159
81
-102
131
-14
119
49
40
49
-66
-10
-148
-94
-179
-164
-156
-199
-109
-202
-60
-184
-16
-151
23
-101
57
-28
66
47
34
88
-40
69
-131
-13
-192
-124
-191
-214
-124
-249
-25
-227
60
-173
105
-121
116
-84
111
-51
114
-4
116
55
104
107
69
130
23
117
-4
92
12
92
70
133
127
204
148
260
112
265
43
209
-17
125
-33
58
-16
31
6
30
-10
18
-69
-34
-141
-115
-182
-185
-171
-206
-130
-170
-98
-112
-110
-81
-151
-97
-178
-135
-148
-147
-51
-89
69
33
150
163
147
235
81
221
1
141
-32
52
3
8
73
16
129
46
132
51
90
11
44
-49
33
-89
62
-76
102
-24
107
28
66
40
-4
6
-56
-48
-59
-74
-18
-57
28
-9
38
19
0
-3
-53
-76
-77
-154
-45
-192
34
-163
110
-88
132
-18
83
-1
-11
-54
-95
-143
-120
-218
-76
-232
10
-176
83
-76
100
11
52
50
-37
23
-119
-46
-156
-115
-133
-146
-72
-124
-7
-69
22
-16
7
3
-37
-21
-70
-70
-60
-100
-1
-78
83
1
146
104
148
182
90
194
4
139
-62
54
-69
-11
-18
-24
53
16
90
64
63
71
-22
12
-119
-106
-177
-233
-171
-325
-100
-346
-7
-296
69
-201
95
-95
65
-6
-8
48
-106
59
-206
28
-282
-35
-315
-102
-286
-143
-204
-132
-93
-66
7
33
59
122
50
161
-1
134
-55
57
-74
-35
-41
-105
36
-137
131
-130
214
-100
273
-62
305
-21
320
21
316
62
293
95
250
112
197
108
142
88
103
66
80
58
72
67
66
83
50
98
21
100
-13
87
-42
66
-58
38
-62
13
-54
-13
-35
-35
-5
-48
37
-47
88
-21
136
25
168
88
168
146
131
180
56
172
-37
112
-122
16
-165
-88
-149
-162
-71
-166
39
-95
133
28
166
151
120
218
8
204
-115
122
-194
20
-200
-52
-147
-64
-78
-31
-39
6
-52
6
-91
-37
-117
-92
-93
-114
-21
-71
65
26
119
144
108
233
43
263
-42
241
-107
194
-129
153
-114
131
-88
115
-71
94
-64
54
-59
4
-40
