199
-309
-281
235
-310
-243
269
190
169
-323
-340
-188
304
139
-156
324
328
105
78
-357
-86
345
342
46
-47
354
-4
-365
346
-13
-47
-365
-370
50
62
354
334
-97
329
-116
-146
-336
141
326
-329
174
297
-191
197
296
214
284
-250
-267
-267
-252
230
-268
-232
287
-216
300
180
-305
-322
-171
-335
-153
330
134
-118
342
343
93
68
-354
-54
358
356
30
-13
361
356
-12
30
360
-361
54
70
352
344
-95
-119
-342
-339
134
150
325
-177
-317
-195
-306
291
-209
-284
225
239
268
-261
-256
269
238
282
222
293
204
-312
-190
-173
318
-330
-151
-340
-132
108
-344
-94
349
352
67
-358
-51
359
27
-8
361
13
357
33
357
55
356
-78
-355
-97
-350
340
-118
135
333
155
324
-318
172
-194
-308
-211
-296
279
-230
-268
240
252
-261
269
237
-286
-224
203
-298
-311
-187
166
-320
327
148
335
128
-345
-110
-93
350
-74
353
46
-360
-363
-29
358
6
-18
-363
356
-37
-358
55
74
351
345
-98
-119
-342
-336
136
325
-156
-317
174
303
-194
-211
-295
-229
-281
241
266
-254
257
235
-274
284
218
-206
298
-310
-187
-321
-168
146
-330
127
-337
-346
-110
350
88
66
-355
-361
-48
0
0
-1
0
-1
-1
0
-1
-1
-1
-1
-1
0
-1
-1
0
-1
-1
-2
-1
0
0
-3
-2
-1
0
-3
-1
0
-1
-1
-3
-1
-2
-1
-1
-1
0
-1
-1
-1
0
-1
-1
-1
0
-3
-1
-3
-1
-1
1
-1
-1
-2
-1
-4
-1
-3
-1
-1
0
0
-1
-2
0
-1
0
-1
0
-1
-1
-1
1
-1
-1
-1
-1
-1
-1
-2
-1
-1
0
0
-1
-2
0
1
-1
0
1
-1
0
-1
-1
-1
0
0
0
-2
-1
0
0
-2
-1
-2
-1
0
-1
-1
0
-1
-1
-1
-1
-1
-1
-2
0
-1
-1
-1
0
-1
-1
-1
-1
0
1
-1
0
-1
-1
-1
1
-1
1
-2
0
-1
-2
1
1
0
0
-2
-3
-2
-2
-2
-2
-1
-1
-1
0
-1
-1
-1
1
-3
-1
0
-2
-3
0
-3
-1
-1
0
-3
-1
-2
-1
-3
0
-4
-1
-3
1
-3
-2
-3
-2
-4
0
-3
-1
-4
0
-3
-1
-2
-1
-1
1
-3
-1
-3
0
-2
-1
0
0
-3
0
-3
1
-1
0
-1
-1
-3
-1
-3
1
-2
-1
-3
-1
-1
0
-1
-1
-1
0
-2
-1
-1
0
-3
-1
-1
0
-1
-1
-1
1
0
-1
0
-1
0
-1
0
0
-2
-2
-1
-2
-2
1
-1
0
-1
2
-1
1
-2
1
0
-1
0
-1
-4
-1
0
0
0
0
1
-1
1
-1
-1
-1
0
0
1
-1
-1
-1
-1
-1
-4
0
-1
-1
-1
1
-2
-1
-1
-1
-1
-1
1
-1
-1
-1
-1
-2
-2
0
-1
-1
-1
-1
0
-1
-1
-1
-1
-1
-1
-1
-1
-1
0
-1
-1
0
-1
-1
-2
-1
-1
-2
0
-1
-1
-1
0
-1
-2
-1
-2
-2
-1
-1
-2
-2
-3
0
-2
-2
-2
0
-1
-1
-2
-1
-2
-1
-2
-1
0
-1
-1
-2
-1
-2
-1
-3
-1
-2
-1
-1
-2
-1
-4
-1
-2
0
-3
-2
-3
-1
-3
-1
-4
-1
-1
-1
-2
-1
-1
-2
-2
-2
-1
-1
-2
-1
-1
1
-2
1
-2
-4
-1
0
0
-1
0
0
-2
-1
-2
-2
-1
-1
-3
-1
-2
0
0
-1
-2
-1
-1
1
-1
-1
0
0
-1
-1
0
0
-3
1
-4
-1
-2
0
-2
0
0
-1
-1
-1
-2
0
0
1
0
0
-2
0
-2
-1
-1
1
-1
-1
-1
-1
-1
1
-1
-1
-1
0
-1
0
-1
-1
-1
1
-1
1
-1
0
-1
-1
-1
2
-1
0
1
1
0
-1
-1
-1
0
0
0
0
-1
0
1
1
-1
1
-1
-1
-1
-1
-1
-1
0
1
-1
1
1
-1
0
-1
-1
-1
0
-1
0
-1
-2
-1
0
-1
-2
-1
-1
0
0
-1
0
-1
-1
-1
-1
-2
0
0
-1
1
-1
-1
-1
-1
-1
0
-1
-1
-2
-1
-2
0
-1
-1
-4
-3
0
-1
-1
-1
-2
-1
-1
-1
-1
-1
1
-1
-4
-1
-2
-2
-1
0
-1
-1
-1
0
0
0
0
-1
-1
-1
-3
0
1
-1
-2
-1
-1
0
-1
-1
-1
-1
-1
0
-1
0
-2
-1
-1
1
-2
-2
0
-1
0
-1
-1
0
-1
2
-1
-1
-1
-1
-3
1
-2
-1
-1
-1
-1
0
-3
0
0
1
-2
-1
-2
1
-1
1
-3
1
0
-1
-1
0
-3
-1
-1
-1
-2
0
-1
-1
-1
1
-1
-1
-2
0
-1
-1
1
-1
-1
0
-1
-1
-1
0
1
-2
-1
-1
-1
0
0
0
-2
-1
0
-1
-1
0
-2
-1
0
-1
-1
-1
-1
-1
-1
1
0
0
-1
-2
-1
1
-1
-1
-3
1
-1
1
-1
-2
-1
-1
-1
-1
-1
-2
-1
-1
-1
1
-1
-1
-1
-2
-1
-1
-2
1
-1
-1
-1
0
-2
0
-1
1
-2
-1
-3
-1
-1
0
-1
-1
-3
-1
-2
-1
-1
-1
-1
0
0
-1
-1
-1
-2
-1
-1
0
0
0
-2
-1
-1
-1
0
-1
0
-1
-1
-1
-1
0
-1
-1
-1
-1
-2
-1
-3
-1
-1
-1
-3
-1
-1
1
-1
-1
-3
1
-2
-1
0
0
-1
1
0
0
0
0
0
1
0
0
-1
-1
-1
0
0
-1
0
-1
-1
-1
-2
-1
-2
-1
-1
-1
-1
-1
-1
-1
0
-1
0
-1
-3
-1
-2
-1
-2
1
-1
0
-1
0
1
-1
-1
0
-2
1
-2
-1
-1
-1
0
-1
0
-1
0
-1
-2
-1
1
0
-3
-1
-1
1
1
-1
-1
0
0
-1
-1
-1
-1
0
-1
0
-1
0
-1
0
0
-1
-1
0
-1
-1
0
-1
1
-1
-1
0
-3
-1
-1
-1
-1
1
-1
1
-2
1
-1
1
0
-1
-1
-1
-2
-1
-1
0
-1
-2
-1
0
-1
1
0
0
-1
-1
0
-1
-1
0
-1
-1
-1
1
-1
-1
1
-1
-1
2
-1
1
-1
-1
0
-3
-1
-1
1
-3
1
0
-2
-1
-1
-1
-1
-1
-1
0
-1
0
-1
0
-1
-1
-1
0
-1
3
-1
-2
0
-1
-1
0
-1
-2
0
0
0
-1
-1
0
0
0
-1
-1
-1
1
-1
1
-1
-1
-1
1
0
1
-1
-1
-1
0
0
0
-2
1
-1
-1
1
-1
-1
1
-1
-1
-1
0
-1
1
-2
-1
-1
1
1
-1
-1
1
-1
0
-1
-1
-1
-1
-1
-1
-1
-1
-1
0
1
0
-1
0
-1
-1
1
0
-1
-1
-1
-1
0
0
-1
-1
0
0
-1
0
1
0
1
-1
-1
0
0
0
-1
1
-1
1
0
-1
-2
-1
0
0
-1
0
1
0
0
-1
0
-1
-2
0
-3
1
0
0
-1
-1
1
0
0
0
-2
-2
0
-1
-1
-1
-1
-1
-1
1
-1
-1
-1
0
0
0
-1
0
-1
0
-1
-1
0
-1
-2
0
-1
-2
0
-2
1
1
-1
0
-1
1
0
2
0
0
-2
1
-1
0
0
-1
-1
-1
-2
0
-1
0
-1
-1
-1
1
-1
1
-1
-1
-3
0
-2
-1
-1
0
1
1
-1
-1
-1
-1
0
0
-1
1
-2
1
-1
-1
0
0
-1
-1
0
-1
-3
-1
-1
1
-1
-1
0
-1
-1
-1
-1
0
-1
0
0
-1
-2
1
-3
0
0
0
-1
-1
-1
-1
-1
-1
0
-1
1
-1
-1
-1
1
1
-1
-1
-1
0
0
-1
0
1
0
1
0
0
0
1
-1
0
-1
-1
0
-1
-1
-1
-1
0
0
-1
-1
-1
-1
-1
-1
1
-1
-1
-2
-1
-1
-1
-2
-1
0
-1
0
-1
-1
1
-1
1
0
0
-1
0
-1
1
-2
-1
-1
-1
0
0
-1
0
2
1
0
0
-1
-1
-1
-1
-1
-1
-1
0
0
-1
0
1
-1
-1
-2
1
-1
1
-1
1
-1
0
-1
0
-1
-1
0
0
-1
-1
-1
-1
-2
-1
-3
-1
-1
-2
1
-2
0
0
0
0
0
0
-1
1
0
-1
-1
-1
-2
1
-2
-1
1
0
-3
-2
-1
0
0
-1
0
-1
-1
1
-1
1
0
1
-3
1
-1
-1
-1
1
0
1
-1
0
-1
-1
-3
-1
-2
-1
-2
0
-1
1
-1
1
-3
-1
0
0
-2
-3
1
0
0
-1
-1
-1
-1
-1
-1
-1
1
0
1
1
0
-1
-3
-1
1
0
-1
0
-1
-1
0
-1
-1
-1
-1
1
0
0
1
-1
0
0
-1
0
-1
-1
-1
-1
1
-1
1
-1
-2
-1
0
0
1
1
-1
1
0
0
0
-1
-1
0
-1
0
0
-1
0
0
0
0
0
0
0
-1
0
1
-1
-1
-1
-1
1
-1
0
-1
0
-1
-1
-1
1
-1
0
-1
-1
0
0
-1
-1
-1
0
-2
-1
-1
-3
-1
1
1
1
-1
0
0
0
0
-1
0
0
0
-1
1
-3
1
-2
1
-1
-1
-1
-1
-2
0
-1
-1
-1
1
0
0
0
0
1
1
0
-1
-2
-1
0
0
-1
1
0
0
0
-1
-2
1
-1
0
1
1
-1
-1
0
-1
-1
-1
0
-1
1
-1
-1
0
-2
0
-2
1
-1
1
0
-1
-1
0
-1
0
0
1
-1
0
-1
0
-1
0
-2
-1
-1
-1
-1
0
0
-1
-1
0
-1
1
0
0
1
-2
-1
0
0
-1
-1
1
1
0
-1
0
0
-2
1
0
-1
-1
-1
2
2
-1
-1
0
0
-1
-1
-1
0
1
-1
-2
0
1
0
-1
-1
0
-1
-2
0
-1
1
-1
-1
-1
1
-1
1
-1
1
-1
-1
-1
-1
-2
-1
1
-1
-1
-1
1
-1
-1
-1
-1
0
-1
-1
0
-1
1
-1
-1
0
0
-1
-1
-1
1
-1
-1
1
-1
0
0
0
0
0
-1
-1
-1
-1
-1
-1
0
-1
-1
-1
1
-1
-1
-1
0
-1
-1
0
-1
1
-1
0
-1
-1
1
-1
-1
0
-1
0
0
0
0
0
0
-1
-1
1
1
-2
-3
-1
-1
-1
-1
-1
0
-1
0
-1
1
-1
1
-1
1
0
1
-1
0
1
1
-2
0
-1
-1
0
-1
0
1
0
-1
-1
0
-1
0
0
0
0
1
-1
0
-1
1
-1
-1
-1
0
0
0
-1
0
-1
-1
1
1
-1
0
-2
1
0
-1
2
-1
0
1
0
-1
1
-1
-1
-1
1
0
-1
0
-1
-1
0
1
-1
0
-1
-1
-1
-1
-3
-1
0
0
1
-1
0
-1
-1
1
-1
0
-1
-1
3
-1
0
-1
1
-2
-1
0
1
0
-1
-1
1
-1
-1
0
-1
-1
0
-1
1
-2
1
-1
0
-1
1
0
0
0
1
-1
-1
0
-2
-1
-1
1
0
-1
0
1
0
0
-1
-1
0
0
0
-2
-2
-1
-1
-1
0
-2
-1
-1
0
0
0
1
-1
-1
0
0
0
-1
-1
-2
1
-1
-1
0
-1
-2
1
-2
0
0
-1
-1
-1
-1
-1
0
-1
-1
-1
-1
0
-2
-1
-1
1
0
1
-1
0
-1
0
-1
0
0
-1
-2
-1
1
1
-1
-1
-1
1
-1
-1
1
-1
-1
-1
-1
-1
-1
0
-1
0
-1
0
1
0
-1
1
-1
0
-1
0
0
0
0
-1
-1
0
-1
-1
-2
-1
-1
0
-1
-1
1
-1
0
-1
-1
-1
0
-1
0
0
0
0
-1
-1
0
-1
1
-1
1
-1
1
1
-1
1
-1
1
0
-2
0
0
0
-1
-1
-1
-1
1
1
-1
0
1
-4
1
0
1
0
0
0
0
-1
0
-1
0
0
0
-1
0
1
0
0
-1
1
-1
-1
-1
-1
0
-1
-1
-1
-1
-1
-1
-1
-2
-1
0
1
0
-1
-1
-1
-1
0
-1
1
-1
-2
-1
0
1
0
1
-1
-1
-1
1
-1
0
-1
-1
1
0
0
-1
1
-1
0
1
-1
-1
-1
1
1
0
-1
-1
-1
1
-1
0
-1
0
0
-2
0
1
1
1
-1
-1
-1
1
-2
0
-1
1
-1
-1
1
0
-1
1
1
-1
0
-1
0
-1
-1
-1
-1
-1
0
-1
-1
0
-1
-1
1
-2
-1
1
-1
-1
-1
1
-1
-1
0
-1
-1
-1
1
-1
-1
0
-1
-1
-1
1
1
0
0
-1
-1
1
-1
0
1
0
-1
-1
-2
1
-1
-1
0
-1
0
0
0
-1
-1
1
1
-1
0
0
1
2
-1
0
-1
0
0
-1
-1
-1
0
0
1
0
-1
-1
-2
0
0
1
1
1
1
0
1
-1
-1
1
-1
-1
-1
0
-2
1
0
-1
-1
0
0
0
-1
0
-1
0
0
-1
-1
1
-2
-1
-1
0
-1
-1
-1
1
-1
-2
-1
1
-2
0
-2
1
-1
0
1
-1
-2
-1
0
1
0
-1
-1
1
0
0
-2
1
-2
0
-1
-2
-1
0
-1
-1
-2
1
-2
1
-2
0
0
0
0
1
1
1
-1
-1
-1
2
-1
-2
-1
1
0
0
-1
-1
0
-1
-2
1
0
1
1
0
0
-1
-1
1
-1
-1
0
-1
-2
1
1
-1
1
1
-1
1
0
0
0
1
-1
-1
0
-1
-1
-1
0
-1
-1
-1
0
0
-1
0
-1
-1
-2
0
-1
-1
-1
1
-1
1
1
-1
-1
-2
-3
-1
-1
-1
0
-1
-1
0
-2
0
-1
-1
1
0
-2
0
-1
-1
-1
-1
-2
0
-1
1
-1
0
-1
0
-1
-1
-1
-1
-2
1
-1
1
-1
1
-1
-1
-1
-1
-1
0
-1
1
-1
-1
-1
0
-2
1
0
0
-1
-1
-1
1
-1
0
-1
-1
-1
1
-2
0
-3
-1
-2
1
-1
-1
-4
-1
-1
-1
1
0
-2
0
-2
0
-1
1
0
-1
-1
0
1
-1
-1
-1
-1
-1
-1
-1
-1
0
-2
1
0
1
-2
1
-1
0
-1
-1
-2
-1
-1
-1
-1
1
-1
-1
-1
0
1
0
0
0
-1
-1
-1
-1
0
0
-1
0
0
0
-1
0
0
1
-1
-1
1
0
-1
1
0
-1
-1
1
0
1
-1
0
0
0
0
0
0
1
-3
0
0
0
-1
-1
-1
0
-1
-1
-1
0
-1
1
-4
0
0
0
-1
-1
0
-1
0
-1
-1
-1
-1
1
-1
-1
0
1
-2
1
-1
2
0
1
-3
0
-2
-1
0
-1
-1
-1
-1
0
-1
0
-1
0
-1
1
-2
-1
-2
0
0
0
-2
1
-2
-1
0
1
1
-1
-1
0
-1
-1
-1
-1
0
1
-1
-1
-1
0
1
1
-1
1
-1
-1
-1
0
-1
-1
-1
1
-1
0
-1
0
-1
0
-1
-1
0
0
0
1
-1
-1
-1
0
-2
-1
0
0
-1
0
-1
-1
-1
1
1
-1
-1
0
-1
0
-1
0
-1
0
1
-1
-3
0
0
0
-1
0
-1
-1
-1
-1
-1
1
-1
0
0
-1
-1
0
-1
-1
-1
-1
-1
-1
0
1
1
-1
-1
-1
0
-1
0
-1
0
-1
-1
1
0
-1
-3
-1
-1
1
-1
0
1
0
-1
-1
-1
1
-1
1
-1
0
-1
0
0
-1
0
-1
-1
-1
-1
0
-1
0
-1
2
-1
-1
-1
0
-1
0
-1
-1
0
-1
-1
0
-1
0
-1
1
-1
0
-1
-1
-1
0
1
-2
0
-1
-1
0
-1
0
-2
0
-1
1
-1
-1
0
1
-1
0
-1
1
-1
1
-1
1
-1
1
-1
-1
-2
-1
0
1
-1
1
-2
0
-1
-1
-3
-1
-1
1
-1
0
-1
-1
-1
0
-1
-1
0
-1
0
1
-1
1
-3
0
0
-1
-1
-1
-1
-1
-3
-1
0
0
-2
-1
-4
-1
-3
-1
-1
1
-2
-1
0
-1
-1
-1
-1
-1
-1
1
-2
-1
-1
-2
-2
0
-1
0
-2
-1
-1
1
1
-1
-1
0
0
0
-1
-1
-1
-1
-1
0
-1
-1
1
-1
-1
0
-1
-1
-3
0
-1
-1
-1
-1
-1
-1
-1
1
0
0
-1
2
-2
-1
-1
0
0
-1
-1
1
-1
-1
-1
0
-1
0
-1
-1
-1
-1
-1
1
0
0
-1
0
-1
-1
-1
0
-2
1
-2
-1
-1
-1
-1
-1
0
-1
-1
-1
-1
-1
-2
-1
-1
0
-3
0
-2
1
-3
0
-1
0
-1
-1
-1
1
-1
-1
-2
0
-1
0
-1
2
-1
0
-1
0
-1
1
-1
-1
-1
0
-1
-1
-2
0
-1
1
-2
1
-2
1
-4
0
-2
-2
-1
1
-1
1
-3
-1
0
2
0
-1
-3
-1
-1
1
-1
0
0
-1
-1
-1
-1
0
-3
0
0
-1
-1
2
-1
0
-2
1
-1
-1
-2
-1
-4
-2
-1
0
-1
1
0
-1
-1
0
-2
0
0
-1
-1
0
-2
-1
-1
-1
-2
1
0
0
-2
-1
-1
0
-2
0
-3
0
-1
-1
-1
1
-1
-1
-2
-1
-1
-1
-2
0
-2
1
-3
-1
-1
1
-2
-1
0
-1
-2
-1
-1
-1
-2
0
0
-1
-2
0
-1
0
-1
1
-1
0
-1
-1
-1
-1
-1
1
-1
1
-2
-1
0
-1
-2
-1
-1
-1
-3
-1
-1
0
-1
-1
-2
-1
-1
0
-1
-1
-1
0
0
-1
-2
1
-1
-2
-1
-3
-1
-1
-3
-1
0
-1
-2
-1
-2
-1
0
-1
-1
-1
-1
1
-3
-1
-1
0
-1
-1
-2
-2
-1
-1
-2
-1
-1
0
1
-1
-1
0
-3
-1
-1
0
-1
0
-3
1
-2
-1
-2
0
-1
0
-1
0
-1
1
-2
-1
-1
-2
-1
1
0
-1
-4
0
0
0
-1
-1
-1
-1
-1
0
0
0
-3
-1
-2
0
-2
1
-2
0
-2
0
-2
1
-1
0
-1
-1
-2
-1
-1
0
-2
0
-2
1
1
-1
0
-1
-1
-1
-2
-1
-1
0
-1
-1
-1
1
0
-1
-1
-1
-2
-1
-1
-1
-2
0
-1
-2
-1
-1
1
-1
-3
-1
0
-1
-1
-1
-1
0
-1
-1
1
-1
-2
0
-1
-1
-1
-1
-1
0
-1
-1
0
1
-1
-1
-1
0
-1
-2
-1
-1
-1
-1
-1
-1
0
-1
0
-358
-47
23
-361
-5
358
-362
16
-361
38
356
-61
351
-83
-347
101
119
339
332
-143
322
-161
179
313
-199
-303
-295
214
-278
229
244
262
-251
259
233
-276
-218
288
-202
300
181
-313
322
162
144
-331
-124
338
-105
344
-351
-86
-355
-65
42
-361
-361
-23
359
1
19
361
-360
40
-62
-355
350
-83
-103
-347
-122
-340
140
331
-161
-324
311
-180
197
302
214
289
231
277
262
-250
247
-262
231
-277
217
-290
-199
301
180
-313
322
161
142
-332
-126
338
-105
345
-83
349
-64
354
-40
357
20
-361
358
0
-22
-361
-42
-359
-355
62
84
349
-346
102
-124
-341
332
-146
322
-163
-311
180
-197
-303
-217
-290
-231
-277
-262
246
-263
-250
-276
-234
-289
-218
-303
-200
180
-315
323
160
-332
-144
123
-342
-103
344
-350
-83
62
-358
361
40
360
18
1
358
-360
19
358
-45
-356
59
-351
83
103
342
-339
121
-145
-333
-163
-326
-182
-312
199
299
288
-221
-232
-277
-262
246
-247
260
-277
-234
289
212
-302
-198
-315
-182
160
-326
331
139
-123
339
-104
344
82
-353
-357
-62
-40
357
-20
359
-4
-363
357
-25
-45
-358
-65
-356
86
347
106
344
-124
-339
-332
144
165
320
-309
180
197
298
216
286
232
274
-263
248
244
-264
-233
279
-216
291
194
-305
176
-314
-161
324
331
140
339
120
100
-346
78
-352
354
59
359
37
359
17
-4
-362
23
360
358
-47
66
354
-87
-349
-105
-346
-339
126
328
-146
165
321
-185
-312
200
299
-217
-288
274
-234
260
-250
-245
266
-231
279
213
-293
-302
-194
-315
-179
158
-325
-332
-141
-118
340
98
-349
79
-354
-356
-59
-358
-40
-16
360
5
359
25
360
-358
45
66
354
-352
84
107
343
338
-129
149
327
-321
165
-309
184
202
296
-286
216
-235
-274
-259
250
-265
-246
-281
-229
-292
-214
-194
302
315
173
-326
-158
138
-336
117
-343
-346
-99
352
76
-357
-59
-37
358
-16
358
361
-8
26
357
47
356
68
353
349
-91
107
342
337
-129
-150
-330
319
-168
-187
-310
201
297
-286
218
-238
-277
-260
250
265
243
-230
279
292
208
-307
-194
315
173
-326
-158
136
-336
-118
339
95
-351
75
-354
57
-359
33
-361
359
11
361
-8
-361
27
46
356
68
351
349
-93
-346
109
-337
129
147
327
317
-170
-310
183
203
296
-288
219
269
-240
-255
-257
-244
267
-283
-228
-296
-211
-308
-193
-317
-175
153
-327
-337
-136
-345
-117
-350
-97
-356
-75
-56
356
-360
-34
-16
361
-10
-361
360
-28
-359
50
351
-71
90
349
-344
112
131
337
-151
-329
169
320
-309
189
296
-204
283
-221
-238
-271
-254
-255
-267
-240
226
-281
209
-295
-190
305
-172
317
-154
325
-135
335
-115
342
98
-348
354
76
-356
-55
-32
359
363
11
-8
-362
362
-32
-356
50
354
-74
350
-93
344
-114
-335
128
330
-154
170
315
192
306
-294
202
-281
218
272
-243
255
254
-239
267
226
-286
-206
291
306
187
-316
-177
-153
325
-132
330
116
-347
-348
-98
353
67
-358
-57
-359
-36
361
6
361
-15
358
-37
-53
-364
-76
-359
-97
-354
339
-119
-337
128
-157
-332
315
-175
-309
185
-298
202
-284
220
266
-244
