-161
-21
-159
45
-134
104
-91
139
-49
150
-20
136
-9
111
-16
87
-35
75
-52
78
-52
98
-26
118
33
127
109
100
178
41
220
-43
227
-124
205
-178
181
-199
167
-202
178
-206
187
-221
175
-240
134
-240
82
-213
42
-155
36
-91
57
-49
78
-47
69
-71
23
-93
-42
-81
-90
-40
-95
13
-62
42
-13
36
21
-2
33
-47
36
-74
52
-83
92
-98
136
-141
155
-211
121
-279
39
-306
-47
-265
-95
-169
-78
-66
-14
-8
47
-19
54
-76
-13
-124
-123
-115
-220
-25
-244
109
-180
231
-52
281
78
236
148
122
133
-6
47
-88
-65
-90
-144
-21
-159
81
-112
166
-33
197
36
174
62
119
47
68
8
45
-19
52
-15
63
12
53
40
9
40
-57
2
-110
-54
-127
-100
-93
-101
-30
-54
27
19
52
86
33
119
-11
108
-55
65
-78
7
-72
-49
-44
-94
1
-121
53
-121
104
-91
138
-35
132
16
76
30
-22
-16
-123
-117
-175
-227
-143
-287
-33
-257
110
-140
222
13
252
137
203
186
112
159
42
95
22
43
50
26
88
37
100
44
70
24
13
-30
-39
-96
-64
-152
-62
-182
-42
-186
-19
-170
6
-134
37
-78
64
-1
78
74
61
121
13
112
-37
48
-53
-32
-6
-82
96
-66
206
3
269
82
252
114
167
71
64
-33
1
-137
6
-199
57
-193
117
-141
141
-79
124
-36
83
-13
46
6
25
31
13
62
-6
79
-38
68
-66
42
-64
25
-27
49
20
113
39
185
-1
216
-95
173
-197
69
-244
-44
-206
-98
-98
-65
28
42
107
169
109
258
46
280
-36
250
-89
207
-97
179
-76
174
-61
169
-67
139
-88
74
-98
-6
-64
-61
14
-57
107
6
169
95
165
163
92
165
-18
96
-113
-18
-144
-119
-100
-163
-5
-134
91
-49
141
40
127
89
66
78
8
28
-5
-20
40
-21
124
32
203
116
233
182
204
192
146
141
105
62
115
0
173
-11
240
21
270
55
240
50
162
-13
83
-112
48
-196
74
-218
136
-163
186
-62
180
37
105
91
-15
80
-130
23
-202
-47
-209
-92
-165
-96
-98
-64
-37
-12
-4
37
-2
60
-28
50
-64
6
-82
-50
-72
-92
-25
-92
40
-42
86
37
84
105
22
123
-76
74
-169
-21
-207
-115
-173
-160
-86
-139
3
-67
54
10
46
56
-4
59
-62
33
-97
7
-104
-2
-93
9
-85
24
-84
34
-83
42
-71
60
-51
93
-35
120
-39
119
-64
68
-86
-26
-66
-123
21
-173
158
-140
296
-40
372
79
352
154
250
151
118
86
19
12
-16
-18
2
20
25
105
5
182
-69
211
-167
178
-240
115
-250
66
-196
63
-117
98
-54
132
-40
124
-57
60
-72
-39
-43
-127
39
-161
151
-127
244
-51
279
28
247
74
172
75
94
55
42
43
23
58
13
90
-11
114
-57
99
-114
45
-144
-26
-124
-76
-49
-70
45
-7
113
81
122
145
66
148
-24
83
-95
-21
-110
-113
-52
-151
52
-119
156
-40
212
49
206
103
146
98
65
39
5
-47
-13
-124
16
-165
71
-161
122
-120
144
-68
124
-31
69
-23
4
-40
-49
-65
-69
-76
-66
-65
-52
-38
-47
-18
-59
-25
-75
-57
-71
-93
-30
-101
38
-59
100
21
114
95
51
117
-66
55
-186
-68
-247
-192
-214
-252
-103
-214
28
-93
112
54
118
159
59
197
-11
180
-42
154
-16
158
36
203
68
251
45
254
-33
182
-125
49
-173
-96
-153
-195
-69
-216
33
-163
107
-72
127
18
95
85
38
120
-19
135
-57
139
-72
134
-69
123
-47
107
-12
91
29
73
71
54
103
26
121
-11
133
-52
146
-78
161
-76
165
-49
137
-18
68
-13
-32
-47
-123
-109
-169
-160
-148
-158
-81
-86
-9
33
15
144
-25
197
-113
170
-194
88
-228
-1
-196
-59
-124
-74
-56
-64
-16
-61
-5
-76
4
-93
30
-83
79
-31
123
53
126
133
78
165
-4
133
-79
59
-105
-16
-70
-55
2
-52
71
-25
104
-11
100
-26
78
-66
65
-109
75
-128
98
-119
112
-93
103
-69
71
-55
31
-50
-7
-44
-40
-35
-76
-34
-120
-56
-165
-100
-187
-154
-173
-182
-126
-167
-74
-113
-56
-63
-92
-55
-165
-112
-230
-206
-233
-281
-158
-285
-35
-195
75
-54
107
69
51
114
-54
71
-134
-16
-140
-77
-66
-66
35
10
98
100
78
136
-4
89
-93
-16
-124
-114
-71
-143
34
-83
127
35
148
141
86
185
-30
155
-138
79
-193
4
-189
-38
-148
-45
-106
-30
-84
-21
-81
-25
-83
-40
-83
-57
-79
-76
-75
-112
-66
-159
-40
-204
23
-216
121
-170
219
-72
276
35
257
98
167
76
52
-25
-28
-158
-27
-260
50
-281
158
-227
238
-132
252
-42
204
14
121
41
35
53
-41
63
-112
59
-186
25
-255
-48
-289
-136
-263
-200
-172
-205
-49
-147
58
-57
107
19
93
45
45
28
-1
-10
-17
-30
-11
-23
-6
6
-18
36
-52
55
-91
72
-116
97
-130
132
-145
159
-167
159
-192
125
-185
78
-129
60
-30
92
73
163
127
222
110
218
44
139
-15
22
-13
-65
54
-74
146
-3
193
92
155
141
49
112
-59
32
-102
-35
-60
-33
29
40
96
133
96
182
38
151
-23
70
-33
-5
18
-28
93
0
134
32
110
18
42
-54
-11
-143
-4
-185
62
-148
135
-50
154
45
96
79
0
40
-77
-35
-81
-84
-13
-66
75
4
124
74
106
93
42
57
-21
-8
-50
-59
-47
-79
-45
-79
-69
-95
-117
-139
-158
-190
-156
-209
-105
-166
-40
-68
-4
39
-26
109
-90
122
-151
95
-175
66
-156
59
-121
59
-102
41
-98
-16
-84
-86
-27
-123
78
-88
190
15
244
127
202
176
82
123
-51
-6
-116
-144
-83
-214
19
-194
119
-122
156
-58
119
-47
49
-80
-6
-113
-22
-109
-28
-72
-66
-52
-160
-95
-273
-210
-334
-344
-284
-402
-122
-328
76
-127
212
116
218
295
98
337
-67
252
-176
110
-168
7
-59
-9
82
48
175
117
181
135
122
81
55
-13
35
-89
71
-98
133
-38
167
55
131
129
26
139
-110
80
-223
-24
-274
-125
-249
-188
-171
-201
-75
-175
9
-136
62
-101
91
-80
105
-66
111
-52
112
-36
95
-25
59
-29
7
-49
-42
-78
-76
-98
-89
-95
-92
-71
-102
-42
-126
-31
-159
-43
-177
-66
-164
-75
-115
-50
-54
4
-13
57
-12
74
-37
50
-61
-1
-47
-37
4
-28
65
21
93
70
64
77
-6
23
-71
-66
-83
-136
-29
-144
55
-86
112
-1
104
50
27
34
-67
-41
-126
-124
-122
-174
-74
-170
-22
-136
0
-109
-10
-100
-23
-102
-8
-77
35
-6
76
98
82
194
37
246
-30
246
-80
226
-81
228
-42
269
-4
330
-9
355
-69
309
-146
190
-179
49
-134
-45
-20
-56
108
7
181
88
165
123
74
87
-40
-14
-119
-132
-137
-224
-98
-268
-30
-260
40
-220
92
-153
119
-77
119
-3
79
42
5
35
-84
-33
-151
-139
-153
-230
-78
-254
49
-185
177
-43
239
115
202
223
86
250
-60
198
-171
115
-211
52
-182
44
-117
92
-61
169
-44
238
-75
267
-132
250
-188
194
-220
122
-215
59
-175
18
-122
-1
-74
-11
-44
-28
-30
-58
-18
-97
9
-119
57
-115
114
-69
158
-3
167
59
130
88
65
76
-4
33
-52
-25
-70
-80
-63
-123
-44
-163
-18
-196
16
-220
62
-223
117
-197
167
-147
193
-96
194
-57
176
-35
158
-15
153
11
158
51
157
86
135
100
105
82
85
52
100
40
146
74
193
140
200
203
145
216
44
157
-54
56
-99
-32
-74
-62
-9
-24
40
40
34
77
-18
58
-71
6
-72
-31
-10
-4
77
82
128
176
102
211
10
157
-89
35
-132
-91
-94
-160
-8
-157
66
-117
78
-97
35
-126
-27
-189
-53
-240
-25
-240
30
-188
63
-124
49
-95
7
-112
-16
-144
14
-138
93
-64
175
59
194
169
131
205
11
149
-94
41
-124
-44
-63
-52
41
28
122
146
132
245
73
286
-16
266
-83
224
-102
192
-86
179
-63
165
-56
129
-55
62
-42
-13
3
-64
75
-69
142
-42
172
-13
148
-16
88
-59
36
-117
25
-147
64
-117
129
-23
175
107
170
225
103
286
-4
270
-105
190
-158
80
-136
-21
-46
-69
85
-62
214
-6
298
61
315
99
269
89
189
29
112
-54
64
-128
53
-169
62
-173
65
-158
49
-144
16
-148
-16
-159
-27
-164
-9
-144
25
-98
52
-37
58
14
38
44
2
51
-34
41
-61
23
-76
0
-81
-25
-74
-46
-50
-56
-7
-40
47
-1
92
53
114
98
105
114
80
98
62
65
66
45
93
52
119
83
115
111
69
110
-10
70
-88
8
-135
-45
-144
-66
-128
-48
-110
-14
-112
15
-125
26
-132
29
-115
42
-72
76
-29
119
-9
148
-21
134
-52
76
-71
-4
-54
-66
0
-83
67
-49
109
10
104
62
49
86
-25
86
-92
73
-135
65
-154
66
-159
66
-156
54
-144
32
-110
7
-54
-6
16
-4
79
6
119
2
131
-23
129
-65
134
-95
151
-91
176
-41
180
40
139
116
48
158
-73
150
-182
106
-242
59
-235
42
-178
68
-96
124
-33
177
-4
194
-4
157
-8
78
13
-8
71
-69
149
-83
212
-64
228
-43
177
-59
76
-129
-29
-235
-91
-328
-84
-363
-22
-315
49
-203
79
-77
48
8
-32
25
-112
-8
-150
-52
-124
-64
-59
-33
0
18
17
50
-17
34
-74
-30
-117
-111
-118
-174
-79
-198
-24
-180
23
-142
48
-103
53
-71
52
-45
54
-22
57
-7
57
-8
59
-25
69
-49
98
-64
140
-55
177
-34
185
-23
158
-40
115
-83
84
-126
86
-133
112
-91
127
-21
93
25
8
9
-93
-71
-150
-168
-124
-217
-21
-177
94
-68
150
42
107
78
-12
6
-133
-141
-180
-286
-129
-354
-9
-322
103
-224
147
-127
107
-82
25
-95
-47
-131
-64
-146
-30
-118
25
-56
57
6
57
35
40
28
32
1
51
-21
95
-23
149
-3
192
30
210
68
199
100
158
119
91
112
4
69
-81
-6
-145
-95
-158
-167
-117
-196
-40
-176
41
-124
98
-69
126
-31
133
-16
140
-7
155
8
168
30
165
45
132
43
75
16
11
-25
-52
-69
-109
-115
-168
-169
-225
-242
-261
-320
-252
-367
-185
-347
-78
-245
18
-85
54
69
4
158
-105
155
-216
84
-268
-1
-246
-54
-173
-59
-94
-40
-43
-33
-18
-45
4
-59
45
-48
103
6
143
81
139
136
84
146
12
108
-39
62
-43
43
-18
57
-1
76
-21
57
-72
-18
-110
-124
-93
-208
-7
-226
107
-167
190
-75
201
-6
140
6
48
-31
-23
-78
-50
-101
-48
-92
-48
-75
-66
-73
-91
-88
-95
-98
-60
-68
-4
6
34
94
21
149
-45
134
-122
61
-159
-28
-131
-77
-52
-67
33
-15
81
41
76
70
37
70
-1
62
-25
63
-41
78
-66
86
-107
74
-152
42
-177
11
-177
-3
-158
-1
-147
-10
-153
-54
-159
-128
-129
-203
-41
-229
93
-184
220
-93
288
-12
277
6
224
-44
188
-112
215
-133
291
-77
356
29
346
108
245
104
103
13
1
-101
-4
-149
73
-93
154
35
155
148
49
159
-118
55
-242
-104
-251
-217
-138
-217
23
-112
136
28
143
111
65
102
-31
24
-74
-54
-37
-74
42
-28
101
43
98
84
40
69
-35
8
-75
-55
-65
-86
-18
-77
28
-44
53
-11
56
13
52
30
52
52
57
79
54
101
33
100
5
78
-15
45
-17
19
-5
7
4
-1
-8
-30
-40
-88
-72
-166
-81
-243
-52
-285
0
-284
49
-253
73
-216
64
-185
39
-168
13
-146
-4
-118
-18
-84
-37
-63
-59
-62
-73
-75
-56
-78
-3
-48
65
14
117
83
124
121
91
100
45
34
31
-36
67
-66
140
-34
200
38
202
102
129
110
13
51
-91
-40
-134
-110
-107
-115
-42
-50
9
46
8
123
-44
148
-117
117
-162
63
-156
19
-100
7
-22
23
48
49
94
69
121
81
141
95
157
119
160
149
136
168
83
159
8
114
-57
45
-90
-18
-81
-53
-40
-54
7
-28
42
4
53
27
46
35
30
25
10
1
-13
-43
-37
-109
-51
-186
-39
-252
10
-279
84
-245
158
-161
193
-55
170
26
92
57
-5
38
-76
-3
-95
-29
-64
-21
-11
13
34
43
54
47
62
15
81
-28
132
-58
206
-52
279
-15
317
27
303
45
244
21
166
-39
102
-103
74
-147
83
-146
112
-98
136
-11
135
92
97
177
24
227
-66
228
-146
192
-188
145
-178
115
-127
123
-62
157
-21
190
-17
192
-43
150
-66
86
-56
39
-7
37
55
81
88
139
67
164
-1
131
-76
49
-109
-36
-77
-86
4
-84
95
-49
159
-17
191
-6
209
-13
240
-8
284
30
319
91
304
133
225
116
105
30
-4
-95
-53
-202
-33
-244
25
-214
70
-145
67
-82
20
-48
-41
-35
-83
-16
-98
25
-109
70
-141
86
-197
46
-247
-42
-247
-134
-178
-180
-64
-160
46
-104
98
-69
79
-99
26
-191
-1
-301
41
-361
139
-339
247
-243
302
-129
275
-52
182
-33
78
-57
4
-85
-25
-84
-24
-56
-30
-26
-56
-18
-98
-45
-125
-88
-116
-121
-74
-125
-10
-98
42
-54
68
-19
64
-4
47
-6
32
-18
26
-23
30
-18
37
-2
38
18
27
35
1
33
-34
8
-61
-34
-64
-74
-33
-84
27
-52
91
19
122
97
98
141
28
122
-59
47
-116
-49
-112
-124
-54
-149
31
-130
100
-92
137
-63
148
-47
158
-30
175
11
192
76
179
136
115
153
11
100
-92
-4
-141
-107
-109
-150
-14
-105
85
6
130
127
94
199
-1
194
-106
126
-165
43
-155
-11
-91
-17
-10
13
47
53
67
78
57
77
31
59
4
32
-21
6
-45
-18
-74
-39
-103
-57
-133
-69
-161
-76
-192
-84
-217
-100
-233
-122
-222
-139
-175
-136
-97
-100
4
-30
102
65
179
168
221
256
223
317
191
337
128
303
50
210
-21
68
-59
-91
-35
-229
52
-298
181
-284
308
-202
382
-98
380
-28
320
-11
250
-40
216
-64
236
-49
291
18
336
107
327
165
260
153
165
70
98
-49
97
-148
166
-180
266
-141
346
-59
361
20
308
59
209
50
106
9
27
-34
-15
-58
-29
-58
-28
-37
-26
-4
-31
30
-38
66
-46
95
-56
118
-62
134
-61
145
-52
161
-34
183
-18
216
-18
241
-42
240
-89
203
-142
128
-172
37
-164
-37
-117
-74
-48
-71
13
-46
47
-23
49
-19
37
-37
31
-61
51
-69
90
-52
136
-8
173
50
185
105
168
151
128
172
69
163
-1
119
-68
47
-112
-43
-117
-120
-81
-158
-13
-144
53
-93
86
-33
74
4
30
4
-16
-21
-34
-40
-15
-28
25
13
51
61
45
86
9
68
-33
16
-54
-42
-42
-85
-19
-111
-4
-136
-8
-181
-23
-244
-27
-302
1
-322
56
-292
107
-223
123
-152
94
-112
40
-109
4
-120
13
-107
59
-54
110
21
128
75
101
74
50
13
21
-73
40
-138
104
-158
173
-136
202
-115
179
-124
122
-165
73
-208
61
-211
77
-157
89
-67
62
16
-14
54
-105
47
-172
16
-182
4
-141
26
-81
74
-35
117
-21
127
-26
101
-26
55
-11
9
21
-25
51
-60
71
-101
90
-139
121
-156
168
-127
215
-55
232
28
193
82
109
78
13
28
-42
-28
-40
-47
5
-16
45
39
42
68
-9
37
-71
-45
-91
-122
-38
-139
68
-68
166
66
197
204
136
285
9
282
-127
219
-214
145
-238
93
-216
77
-186
68
-169
45
-159
-3
-132
-51
-66
-66
32
-23
128
62
179
157
163
218
90
223
-4
177
-80
113
-112
61
-107
43
-85
53
-70
74
-76
87
-98
86
-126
72
-143
52
-153
28
-151
1
-143
-30
-120
-55
-78
-60
-18
-33
46
33
89
117
91
191
40
224
-43
202
-127
143
-177
72
-179
27
-139
23
-88
52
-55
88
-51
107
-68
106
-88
88
-92
76
-78
74
-59
76
-50
70
-52
46
-50
13
-31
-13
8
-7
49
23
60
51
23
37
-56
-34
-138
-153
-173
-269
-141
-330
-54
-308
41
-214
89
-103
68
-19
-9
7
-95
-5
-143
-18
-135
1
-93
57
-54
122
-49
158
-83
133
-119
57
-122
-34
-69
-94
23
-103
118
-64
168
-19
152
-8
81
-49
-7
-132
-61
-214
-53
-245
9
-196
88
-74
135
79
113
204
30
260
-78
239
-156
176
-162
126
-96
126
3
176
78
237
90
257
39
204
-33
91
-69
-33
-39
-101
38
-91
115
-16
135
66
77
101
-34
71
-138
0
-181
-60
-153
-71
-80
-26
-5
44
30
100
26
116
5
98
-6
68
6
46
27
37
35
28
23
8
-4
-23
-25
-47
-35
-49
-37
-24
-51
9
-91
24
-149
2
-203
-43
-224
-98
-197
-129
-135
-127
-61
-103
-1
-76
37
-62
54
-59
62
-62
74
-62
77
-54
69
-46
45
-45
8
-51
-30
-61
-64
-71
-91
-83
-110
-103
-121
-133
-112
-162
-76
-178
-10
-164
68
-122
136
-62
170
-11
168
12
139
6
110
-12
93
-25
87
-23
83
-4
64
15
28
22
-18
17
-61
4
-90
-13
-101
-24
-98
-30
-84
-30
-64
-25
-42
-12
-23
1
-21
4
-37
-16
-67
-63
-91
-127
-93
-183
-67
-208
-23
-195
13
-156
16
-124
-14
-121
-61
-146
-91
-180
-83
-193
-44
-168
6
-110
37
-46
25
-7
-21
-14
-81
-66
-124
-139
-131
-211
-95
-251
-29
-247
45
-202
95
-133
105
-67
65
-37
-9
-54
-86
-113
-132
-183
-119
-219
-53
-197
33
-116
97
-9
100
76
45
104
-40
74
-110
8
-139
-58
-119
-93
-70
-100
-21
-91
13
-75
30
-64
37
-54
34
-47
21
-47
-3
-67
-30
-104
-46
-146
-33
-168
8
-153
59
-100
91
-33
84
16
41
26
-12
2
-47
-33
-46
-56
-19
-55
16
-43
41
-35
57
-34
68
-34
88
-21
109
7
117
40
101
60
62
56
19
35
-11
16
-19
12
-17
17
-20
12
-29
-15
-29
-52
8
-76
85
-54
181
16
254
104
263
163
213
158
133
98
71
14
56
-40
72
-50
88
-33
69
-24
13
-39
-47
-65
-81
-69
-78
-29
-69
43
-92
100
-157
98
-234
30
-267
-59
-213
-103
-78
-58
72
57
163
177
152
229
62
183
-40
70
-90
-42
-67
-100
-8
-95
34
-65
25
-55
-19
-76
-59
-102
-59
-94
-28
-35
-3
49
-28
98
-105
75
-191
-15
-226
-113
-174
-155
-55
-105
63
11
110
127
54
171
-76
118
-209
-1
-281
-123
-260
-186
-173
-165
-76
-82
-18
15
-21
82
-66
97
-120
71
-144
33
-121
16
-57
41
16
102
68
176
74
234
34
252
-32
231
-98
184
-136
139
-148
113
-149
98
-153
78
-165
37
-166
-9
-134
-36
-65
-11
18
63
69
146
52
188
-28
145
-123
33
-170
-86
-131
-144
-27
-105
74
-1
100
93
33
116
-86
54
-182
-44
-195
-103
-129
-85
-40
-10
7
62
-16
70
-78
8
-110
-78
-70
-119
34
-81
139
17
183
112
141
149
47
122
-39
71
-71
49
-56
83
-38
145
-59
186
-125
168
-194
101
-214
32
-165
9
-70
45
18
105
52
139
24
109
-28
23
-61
-85
-49
-169
4
-214
66
-218
115
-197
141
-153
150
-86
141
4
103
95
19
150
-106
143
-238
65
-331
-45
-347
-140
-284
-187
-177
-177
-69
-140
7
-107
50
-88
80
-71
110
-40
136
7
136
52
103
70
48
54
6
31
2
35
37
86
75
168
83
238
43
257
-18
219
-57
153
-45
106
16
97
85
112
117
116
106
73
75
-5
66
-80
96
-112
145
-96
168
-67
139
-69
66
-123
1
-203
-12
-253
40
-230
118
-136
158
-23
125
43
31
37
-70
-21
-117
-76
-91
-75
-24
-15
30
69
33
127
-7
136
-49
115
-54
104
-16
132
33
186
54
226
28
214
-19
143
-49
49
-28
-21
33
-45
98
-37
120
-37
91
-81
35
-161
-1
-240
14
-267
66
-217
112
-114
104
-13
25
40
-95
21
-195
-36
-227
-79
-178
-65
-76
16
23
135
76
239
69
289
21
272
-21
206
-24
139
23
104
97
113
162
150
179
177
139
164
62
98
-11
6
-43
-73
-26
-99
21
-70
52
-8
33
37
-39
28
-129
-35
-190
-115
-186
-159
-119
-137
-28
-53
28
47
23
112
-42
107
-119
41
-157
-47
-129
-109
-37
-116
81
-65
182
15
238
95
240
148
194
163
123
132
45
64
-18
-29
-47
-117
-30
-166
30
-153
107
-70
161
57
156
180
86
260
-28
275
-144
236
-216
178
-226
132
-180
117
-101
128
-18
149
54
170
112
183
160
190
193
192
209
182
204
155
177
109
144
48
118
-8
99
-46
88
-62
72
-63
46
-59
4
-61
-40
-71
-74
-83
-93
-95
-90
-103
-71
-107
-38
-103
8
-93
65
-66
127
-21
182
41
215
111
206
168
156
194
62
167
-52
81
-158
-47
-222
-191
-220
-303
-151
-346
-40
-309
63
-214
115
-110
93
-51
13
-62
-78
-132
-124
-213
-101
-256
-23
-238
64
-173
110
-107
95
-83
45
-110
4
-158
5
-184
50
-153
107
-73
133
20
98
84
10
91
-95
48
-171
-12
-202
-59
-192
-81
-165
-89
-142
-93
-128
-113
-112
-141
-77
