198
-310
199
-306
-310
-243
180
-316
169
-324
-340
-187
305
138
-156
324
329
104
-107
344
-368
-81
38
-364
-45
354
347
4
-377
8
-375
29
-369
51
60
352
-363
91
-356
114
-146
-334
-338
152
-184
-317
179
308
197
296
214
284
258
-240
-267
-252
230
-267
213
-280
286
210
-317
-186
-323
-170
146
-327
329
131
105
-344
343
93
66
-354
351
50
-365
-30
-13
360
-18
-361
-364
35
-59
-359
70
353
344
-95
111
341
-339
134
151
326
311
-175
-194
-306
291
-207
-285
224
264
-241
251
-257
-241
271
280
221
292
206
184
-309
167
-321
-330
-151
-340
-132
108
-345
-354
-92
352
68
-51
357
27
-362
6
-362
13
358
-360
33
-57
-359
-76
-356
-98
-349
116
339
-334
134
325
-157
-319
172
192
304
-211
-296
279
-229
-269
240
256
250
269
235
221
-288
202
-298
-190
306
319
165
-334
-151
336
128
-346
-113
-91
348
354
67
47
-359
358
26
-8
361
358
-15
356
-37
355
-58
350
-79
95
347
-119
-341
-139
-336
-156
-325
314
-176
302
-195
-296
211
279
-228
242
266
-254
256
-275
-238
-223
286
298
204
-311
-186
165
-320
-149
329
128
-338
-345
-111
88
-351
67
-356
356
48
-1
-1
-1
0
-1
0
0
0
0
0
-1
-1
-1
-1
1
2
0
-1
-1
0
-1
-1
-1
-1
-1
-1
-1
0
-1
-3
-2
-1
0
-2
-2
-1
-1
-1
-1
0
-1
0
-1
0
-1
-1
0
1
-2
-2
-1
-1
-1
-1
-1
-1
-2
-1
-1
-1
0
-2
-1
-1
-1
0
-1
-1
-1
0
-2
-1
-1
-1
-3
-1
-2
-1
-2
0
-1
-1
-1
1
-2
-1
-1
1
-1
-1
-2
-1
0
-1
-3
-1
-1
0
-2
-1
-1
-1
-1
0
-2
-1
0
0
0
0
-1
-1
-1
-1
-1
0
0
-1
-2
0
-1
-1
-1
1
0
-1
0
0
-1
1
-1
-1
-2
-1
-1
0
-1
0
-1
0
-1
-1
-2
-1
-1
-1
-2
-1
-1
0
-1
0
-1
0
-3
-1
-4
0
-1
-1
-1
-2
-2
-4
-3
-1
-1
-1
-3
1
-1
-1
-4
-1
-4
-2
-2
-2
-3
-1
-2
-2
-2
-3
-2
-1
-1
0
-3
-1
-3
-1
-1
1
-1
0
-2
-1
-3
0
-3
0
0
-1
-1
1
-3
1
-1
1
-2
0
-3
-2
-2
-1
-1
-1
-1
-1
-1
0
0
0
-1
1
0
-1
-3
1
-1
0
-2
0
-2
1
-3
-1
-1
0
-1
-1
-1
1
-1
0
-2
1
-2
-1
-1
-1
-1
0
-2
1
0
1
0
0
0
0
-1
-1
-1
-1
1
0
0
0
-1
1
-1
-1
0
0
-1
-1
-1
-1
-1
1
0
-1
0
-1
-1
0
-2
-1
-1
-1
-1
-1
-1
0
-1
-1
-1
-1
-1
-2
-1
-2
-1
-1
-1
-1
0
-1
-1
-1
0
-1
0
-1
-2
-2
-1
-2
-1
-1
0
0
-1
-2
-1
-1
-2
-1
-2
-1
-2
-2
-1
0
0
-1
0
-1
-1
-1
-2
-1
-2
0
-1
-1
-2
-1
-1
-1
-1
-1
-1
-1
-2
-1
-1
0
-2
-1
-4
-2
-2
-1
-3
1
-1
0
-3
-3
-2
-1
-3
-1
-3
-3
-1
-1
-1
-1
-2
-1
-4
0
-3
-1
-1
-1
-3
0
-4
-1
-1
-1
-1
-2
-2
-1
-1
1
-2
1
-1
-1
-2
0
-2
-1
-2
-1
-2
-1
-3
-1
0
-1
-1
-1
-1
1
0
0
-2
-1
-2
-1
0
-1
-2
1
-1
-2
1
1
-2
0
-1
-1
1
0
-1
1
-1
1
0
1
-1
1
-1
0
-1
-1
-2
1
-2
0
0
-1
-1
0
-1
0
-1
-1
-1
1
-1
0
-2
-1
-1
-1
-1
0
1
1
0
1
-1
1
0
-1
-1
-1
-1
-1
0
-1
-1
-2
-1
0
1
1
0
-1
1
0
-2
-1
-1
0
-2
0
0
1
-1
1
-2
0
-2
-1
0
-1
-1
-1
-1
0
-1
-1
0
-1
-1
-1
0
-1
-1
-1
-2
0
-2
0
0
-1
0
1
-3
1
-1
0
-2
0
-2
0
-1
0
-2
-1
-3
-1
-2
-1
0
0
-2
-1
-1
2
-2
0
-1
-1
-2
0
-1
0
-1
-1
-2
-1
-1
0
0
-1
-1
-1
-2
-1
0
0
-1
-1
-1
1
-1
-1
-4
0
-1
-1
-1
0
-3
0
0
-1
-1
-1
-1
-2
-1
-2
-1
-1
-1
1
-2
-1
-1
0
-1
-1
-2
-1
-3
0
-2
2
-1
-1
-5
0
1
0
-1
0
0
-1
-1
-1
-1
1
-3
0
-1
-1
-1
-1
-1
0
-1
0
-1
-1
-1
-1
-1
-1
-1
0
-1
0
-1
-1
-1
0
-1
-1
-1
-1
-1
0
-2
1
-1
-1
-1
1
1
-1
-1
-1
-1
0
-1
0
-1
-1
0
-1
-2
-1
-1
-1
-1
0
-1
-1
-1
-1
-1
-1
-1
1
-1
-1
0
0
-1
0
-1
1
-1
-1
-1
-1
-1
0
1
-1
-1
0
-1
0
-1
1
0
-1
-1
-1
-1
-1
-3
0
-1
-1
-3
-1
-1
-1
-1
-2
-1
-1
-2
1
0
0
-1
0
1
-1
-1
-1
-1
-1
-1
-2
0
-1
-4
1
-2
1
-1
-3
-1
0
-1
1
0
-1
-2
0
-2
0
0
0
-3
0
0
0
-1
0
0
-1
0
-1
-3
0
-2
0
0
0
-1
1
0
0
0
0
1
1
-1
1
-1
-1
-1
-1
-1
-1
-1
-1
-3
-1
1
0
-1
-1
0
-1
-1
0
-1
1
0
-1
-1
-1
-1
1
-1
-1
-1
1
0
-1
-1
0
-1
1
-1
0
-3
-1
0
-1
-2
-2
-1
0
-1
0
-1
0
-2
0
0
0
-1
0
-1
-1
0
-1
-2
-1
0
-1
0
-1
0
-1
-1
-1
-1
0
1
-1
-3
-1
-1
0
-1
0
-1
1
-1
0
-1
-1
-1
2
1
-1
-1
-1
-1
-1
-1
-1
-1
-2
0
1
-1
-1
-1
0
-1
-1
-1
2
0
1
-1
0
0
-1
-2
0
-1
1
-1
1
1
0
1
0
-1
0
-1
1
-2
0
-1
1
-2
0
-1
-1
-1
-1
1
-1
1
-1
-1
0
-1
0
1
-1
-1
-1
-1
1
-1
-1
0
-1
-2
-1
-1
-1
-1
0
-2
1
-1
0
-1
-1
-2
-1
1
-1
-2
0
-1
0
0
-1
-1
-2
-1
0
-2
0
-2
-1
0
-2
1
0
0
1
0
-1
0
0
-1
0
-1
0
-1
0
-1
-1
-1
-1
-2
0
-1
1
0
-1
-1
-1
0
-1
-1
1
0
0
-1
1
-1
0
0
0
0
0
0
-1
0
-1
-1
1
-1
1
-1
0
-1
-1
1
0
-1
1
-1
0
-1
0
1
-1
-1
0
0
-1
-1
1
-1
-1
-1
0
0
0
-1
1
0
0
-1
1
0
-1
-1
1
-1
-1
1
-1
-2
-1
-1
0
0
-1
-1
-3
-1
0
-1
-1
-1
-1
0
-1
0
-1
0
-1
-1
1
-2
-1
-1
0
-1
0
-1
0
-1
0
-1
-1
-1
1
-1
0
-2
-3
-1
0
-2
-1
-2
-1
-1
2
0
1
-3
0
-1
-1
-1
-1
-1
-1
-2
-1
-1
0
-1
1
-1
0
-1
-1
-1
-1
-1
0
-1
-1
-1
1
-1
0
-1
0
-1
1
0
0
1
0
-1
-1
0
0
-2
0
-1
-1
-1
0
-1
-1
-1
-1
0
0
-2
-1
0
-1
-1
1
-2
0
0
-1
-1
-1
-1
-1
-1
-1
-1
0
-1
1
1
1
0
0
-1
1
1
0
-1
0
1
-1
1
-1
-1
0
-1
1
-1
0
-1
1
0
1
0
-1
-1
0
1
0
0
0
-1
1
1
-1
-1
0
-1
-1
-1
-1
-3
-1
0
1
-1
0
1
-1
-1
-1
-1
0
-1
0
1
0
-1
-1
-1
0
0
-1
-1
-1
0
1
-3
-1
-1
1
0
1
1
-1
0
-1
-1
-1
0
-1
0
0
-1
-1
-1
0
0
0
0
1
-1
-2
-1
0
0
1
0
0
-1
0
1
0
-1
-1
-1
-1
-1
-1
-2
0
-1
-1
-1
-1
0
0
-1
0
0
0
-1
0
0
0
-1
-1
0
0
-1
0
-1
-1
-2
0
-1
-2
1
-1
-2
0
-1
1
-1
-1
-2
-2
-1
0
1
-1
-1
0
1
0
1
2
-1
0
0
0
-1
-1
-4
0
1
-1
1
-1
-1
-1
-2
-1
-1
-2
-1
1
-1
1
0
-2
0
1
-1
1
-2
0
0
-1
-1
0
-2
-1
1
0
0
0
-1
-1
-1
2
0
-1
-1
-1
0
1
1
-1
0
1
1
-1
-1
-1
-1
-1
-1
1
0
0
-1
-2
-1
0
0
-1
-3
-1
-1
1
0
-1
-1
-2
-1
-1
-1
-1
0
0
-1
1
0
1
-1
0
-1
1
1
0
1
0
-1
-1
-1
0
0
-1
1
-1
1
-1
-1
-2
0
1
-1
-1
1
0
-1
-1
1
0
-1
-1
1
0
0
0
-1
-2
-1
1
-1
-1
0
0
1
0
-1
-1
-2
0
-1
1
1
-1
-1
-1
-1
-1
1
-1
-1
1
-1
-1
-1
-1
-2
-2
-1
-1
-3
-1
-2
1
-2
2
-2
2
0
1
-1
1
1
-1
0
-1
0
1
0
0
-2
-1
0
1
-2
1
-1
1
-2
0
-2
-1
-1
-1
-1
0
-1
0
1
1
-1
-1
0
-1
1
1
-1
-1
-1
1
0
-1
1
1
-1
1
-1
1
-1
1
-2
0
-1
-1
-1
-1
-1
0
-2
0
-2
-1
-1
-2
-1
1
-1
1
0
0
-1
1
-1
-1
0
1
0
-1
0
-1
-1
-1
1
-1
1
-1
-1
-1
0
0
-1
1
-1
-1
-1
-1
0
-1
-3
1
0
0
0
0
0
-1
-1
-1
0
-1
-1
-1
1
-1
-1
-1
1
-1
1
0
-1
0
0
-1
1
1
0
1
-1
-1
-1
0
0
1
0
-1
-1
0
0
-1
1
0
1
-2
-1
1
-1
1
-1
-1
-1
-1
0
-1
0
1
-1
-1
-1
0
0
0
-1
0
-1
-1
-1
-1
-1
0
-1
0
-1
0
-1
-2
-1
-1
-2
0
1
-1
0
-2
-1
0
-1
-1
0
-1
0
-1
1
1
-1
1
0
0
-1
0
-2
0
-2
0
-1
-1
-1
1
1
-1
-1
-1
0
1
1
-1
1
0
-1
-1
-1
0
-2
1
1
-1
1
-1
-1
-1
-1
-1
-1
1
-1
-1
0
-1
1
-1
1
0
0
0
-1
0
0
1
-1
0
1
1
1
1
1
-2
1
-1
0
-1
0
0
-1
0
-1
-1
1
1
-1
1
0
-2
-1
-1
0
0
0
-1
-1
-1
-1
1
-1
0
0
0
1
0
-1
0
0
-1
0
-1
-1
0
0
-1
0
-1
0
0
0
-1
0
0
0
-1
-1
1
-1
0
-2
-1
0
0
0
-1
-1
-1
-1
1
-1
-2
-1
-3
0
-1
0
0
-1
-1
-1
-1
0
0
0
-1
0
0
-3
-1
1
-1
0
-1
-1
-1
1
-1
-1
-1
0
0
-1
0
0
-1
-1
-1
0
-1
1
-1
0
0
1
1
-1
-1
1
0
0
-1
0
-1
0
-1
1
-1
0
-1
1
-2
-1
0
0
0
1
-1
1
-1
0
1
-1
-1
0
-1
0
0
1
-1
0
-1
-1
-1
-1
-2
0
0
0
-1
-1
0
1
-1
-1
-1
-1
0
-1
-1
0
-1
-1
-1
-1
1
-1
-1
1
-2
-1
-1
-1
1
0
-1
0
-1
0
0
1
-1
-2
-1
1
-1
1
-1
-1
0
0
0
1
-1
-1
-1
-1
1
1
-1
1
-1
0
0
-1
-2
-1
-1
1
0
-1
-1
0
0
-1
-1
-1
0
0
-1
1
1
-1
-1
0
0
-1
-1
1
0
-1
-1
-1
0
-1
1
0
-1
-1
1
-1
-1
-1
-1
-1
1
1
1
-2
1
-1
-1
0
-1
0
0
0
-1
-2
0
-1
1
0
-1
-1
1
-1
-1
-1
-1
-1
-2
-1
-1
0
0
0
-1
-1
-1
-1
0
-1
-1
0
-2
0
-1
1
-1
0
-1
-1
-1
0
-2
0
1
-1
0
-1
-1
-1
0
-1
-1
-1
1
1
-1
1
0
1
0
0
-1
-1
-1
-1
1
-1
-1
0
1
-1
1
-1
0
-1
-1
2
-1
1
0
0
-1
0
0
-1
-2
1
-1
0
-1
0
1
1
-1
-1
-1
1
-1
-1
-1
-1
-1
0
0
0
-1
1
-1
-1
0
0
0
0
-1
-1
-1
0
0
0
0
-1
-1
-1
-1
0
0
-1
0
1
-1
-1
-1
0
-1
1
-1
0
-1
-1
-1
0
1
-1
-1
0
0
0
-1
-1
-1
-2
-1
0
-1
0
0
0
0
0
1
0
-1
-1
-1
-1
0
-1
-1
0
-1
-1
-1
-2
-1
0
0
-1
-1
1
-1
-1
-1
1
1
0
-1
0
-1
0
1
-1
1
0
0
-1
1
1
-2
0
-1
1
-1
1
-1
-1
0
-1
0
1
0
1
-1
1
1
0
-1
-1
1
1
-1
0
-1
0
-2
-1
-1
1
0
1
0
1
0
-1
0
0
0
-1
0
-1
-2
1
0
-1
1
-1
-1
1
0
1
0
-1
-2
0
-1
-1
-1
-1
-1
-1
1
0
0
0
-1
1
1
0
-1
1
-1
0
0
-1
-1
-1
-1
-1
-1
-1
-2
1
-1
-1
0
-1
0
0
0
-1
0
0
-1
1
-1
-1
0
0
-1
1
-1
1
-1
-1
-1
-1
-1
1
-1
-1
-1
-1
-1
-1
-2
-2
-1
-1
-1
1
-3
1
-1
-1
-2
0
-1
1
-1
1
-3
0
-1
2
-1
0
0
0
-1
1
-1
0
-3
-1
-1
0
0
-1
0
0
-1
0
-1
-1
-1
0
-1
0
-1
-1
-1
-1
-1
2
-1
-1
-1
-2
-2
-1
-1
-1
0
-1
-2
0
-1
-1
-2
-1
0
-1
0
1
-2
1
-1
-1
-1
1
-2
-1
-1
1
-1
-1
-2
0
-1
-1
1
0
-2
1
-1
1
-1
-1
-1
-1
-2
0
1
0
0
0
-1
0
0
0
-1
1
0
3
-1
0
-1
1
-1
1
0
0
0
1
-1
0
0
0
1
-1
-1
-1
-1
0
-1
1
0
0
-1
-1
-1
1
-2
0
-1
1
0
1
-1
2
-2
0
-1
-1
-1
-1
-2
0
-2
0
-1
1
-1
1
-1
1
-1
-1
-1
-1
-1
0
-1
0
-1
-1
-1
-1
-1
1
-1
-1
-1
0
-1
1
-3
-1
-2
0
0
1
-1
0
0
0
-1
0
-3
1
-1
0
-1
1
-2
0
-2
0
-1
-1
0
-1
-2
-1
-1
0
-1
1
0
0
-1
1
-1
-1
0
1
-2
-1
-1
0
-1
-1
-1
1
-1
-1
-1
1
0
-1
-2
-1
-1
-1
-1
0
-1
0
-1
1
-1
-1
-1
-1
-2
0
-1
1
-1
0
-1
-2
0
0
-4
-1
-1
0
-1
-1
-1
1
0
0
-1
-1
-2
1
-1
-1
0
0
-1
0
0
-1
-1
-2
-2
-1
-2
-1
-1
-1
-1
-1
0
1
-1
-1
0
1
-1
0
-1
0
-1
1
-1
0
-2
0
-1
-1
-1
-1
0
0
-1
-1
-1
0
0
-1
0
-1
-1
0
-1
-1
-2
-1
0
0
1
1
0
1
-1
-1
-2
-1
0
0
-1
0
-1
1
-1
-1
-1
-1
0
1
-2
1
-1
1
0
-1
-1
-1
0
1
-1
-1
-1
0
-1
-1
-1
0
-1
1
-1
0
-1
-1
-2
-1
0
0
0
-1
-3
0
-1
1
-1
-1
-2
1
-1
-1
0
0
0
0
-3
0
-2
0
0
1
-1
0
-1
1
-1
1
-3
-1
-1
0
0
-1
0
-1
0
1
0
1
0
-1
-1
-1
-1
1
-2
0
-1
-1
-2
-1
0
1
-1
0
0
-1
-1
0
0
-1
0
-1
-1
0
0
0
0
0
0
1
-1
-1
-1
0
-1
-1
-1
-1
-2
-2
-1
-1
-1
-1
-1
0
-2
0
0
1
-1
1
-2
-1
0
0
-1
0
-1
-1
-2
-1
-1
0
-1
-2
0
0
0
-2
-1
1
0
-1
-3
1
0
0
-1
-1
-1
0
0
-1
-2
0
-2
-1
-1
0
-1
-1
0
1
-1
-1
-1
1
0
0
-1
-1
-1
-1
-1
-1
-1
-1
-2
-1
0
0
-2
-2
-3
-1
-1
0
-1
0
-1
-1
-2
-1
-2
-2
0
1
-2
-1
-2
-1
-3
-1
-1
0
-2
-2
-1
-2
-1
-1
-1
0
-2
-1
-1
0
-1
-1
-2
1
-2
-1
-1
1
-3
0
-1
-1
-2
0
0
0
-1
0
-3
0
-1
-1
-1
-1
0
1
0
-1
-1
-1
-1
0
-4
-1
-3
1
-1
1
-2
1
-1
-1
-1
-1
-1
-1
-1
-1
-1
0
-1
0
-2
1
-1
-1
-2
0
-1
0
-1
-1
-1
-1
-1
-1
-2
0
-1
-1
-2
0
-1
-1
-2
-1
0
0
0
-1
-1
0
-1
0
-1
1
0
-1
0
0
-1
-1
-2
-1
-1
0
0
-2
-1
-1
-4
-1
0
-2
-2
-1
-3
1
-1
-1
-1
-1
-3
-1
-1
0
-1
1
-4
0
-1
0
0
0
-2
1
-1
0
-2
-1
-1
-1
-1
0
-2
0
-1
0
-1
-3
-3
-2
0
-1
-2
0
0
0
-2
0
-2
-1
-1
-1
-2
-1
-1
1
-1
1
-1
-1
-1
1
-1
0
-1
-1
-1
-2
-1
-1
-2
-1
0
-1
-1
-1
0
0
-1
1
-1
-1
-1
0
-2
-1
-1
0
-1
-1
-1
0
-1
-1
-1
-1
-1
1
-1
-1
-2
-1
-2
0
-2
0
-1
1
-2
-1
-2
-1
-1
-1
-1
0
-1
0
-1
0
-1
-1
-1
0
-1
-1
-1
-1
0
1
-2
1
1
0
-1
0
-1
-1
-1
-1
-2
-1
0
-1
-1
0
-1
-1
-3
1
-1
-1
-1
-1
-1
1
0
1
-1
-1
0
0
-1
-1
-1
0
-2
0
-2
1
-1
0
-2
-1
-1
0
-1
-1
-1
-1
-1
1
-1
1
-1
-1
-1
-1
-1
-2
-1
-1
-1
1
-4
0
-2
-1
-1
-1
-1
0
0
0
-3
0
-1
-1
-2
-1
-2
-1
-1
-359
-48
23
-363
-3
359
-361
18
-358
37
356
-62
351
-83
-347
100
119
340
331
-144
322
-161
178
311
-198
-303
-293
213
-279
230
245
262
-251
258
234
-276
-218
286
-199
301
182
-312
320
161
144
-331
-127
337
-106
343
-352
-84
-356
-66
42
-361
-359
-22
361
-1
20
361
-359
40
-61
-356
351
-83
-103
-346
-122
-340
141
331
-162
-325
312
-181
197
301
214
290
231
277
263
-248
248
-263
234
-277
216
-292
-199
301
179
-313
320
161
144
-332
-124
339
-103
346
-83
350
-63
355
-42
357
20
-361
359
1
-22
-362
-40
-360
-354
62
85
349
-345
103
-124
-340
332
-145
324
-163
-312
179
-198
-302
-215
-292
-234
-276
-261
247
-261
-247
-276
-235
-288
-216
-301
-199
182
-316
324
159
-330
-144
123
-341
-102
345
-350
-86
62
-358
358
40
360
19
1
358
-358
19
360
-46
-354
61
-351
81
103
342
-338
123
-144
-332
-164
-326
-182
-313
199
297
288
-221
-235
-280
-262
246
-245
261
-279
-234
291
214
-303
-199
-314
-182
160
-325
330
139
-123
337
-102
345
81
-355
-359
-63
-40
356
-18
361
-4
-363
359
-25
-45
-360
-66
-356
85
349
105
343
-126
-339
-332
145
163
320
-312
182
199
297
216
287
231
273
-262
250
242
-264
-233
276
-217
292
194
-304
177
-313
-161
323
331
139
339
119
101
-346
79
-353
356
58
359
38
358
17
-3
-362
25
361
357
-45
65
356
-87
-349
-107
-344
-339
127
328
-146
163
320
-184
-313
201
300
-217
-288
274
-235
258
-250
-246
264
-229
278
214
-293
-304
-197
-315
-177
158
-325
-332
-139
-120
340
99
-347
81
-353
-356
-59
-358
-38
-18
361
4
359
27
358
-359
45
67
352
-349
85
107
344
337
-129
149
327
-320
165
-311
182
202
297
-287
216
-235
-272
-257
250
-266
-243
-279
-229
-292
-214
-196
302
314
174
-323
-160
138
-335
119
-344
-345
-101
352
76
-357
-59
-35
357
-14
357
361
-8
28
358
-49
-360
-69
-357
-91
-353
108
343
338
-132
-147
-332
-320
164
-187
-310
202
296
-220
-288
-274
233
-260
249
-268
-246
279
225
209
-296
-307
-194
315
173
-158
323
332
136
-119
339
346
96
-355
-79
54
-359
32
-361
-361
-18
-364
5
26
358
46
357
70
351
-93
-351
-112
-346
-339
129
-331
148
318
-171
-313
185
202
295
-288
220
235
271
-255
-259
-245
266
-230
281
207
-296
305
191
-317
-175
-158
325
-335
-136
114
-342
-350
-95
-77
352
355
55
358
34
-16
362
-363
6
359
-28
356
-50
351
-70
-93
-350
111
344
336
-130
-150
-329
317
-168
-308
187
-205
-297
284
-221
-238
-272
255
257
-240
269
228
-281
-208
295
193
-305
175
-315
-153
327
136
-334
343
115
-349
-95
355
74
359
54
-359
-32
-11
360
-6
-361
-359
31
52
355
72
354
350
-93
115
342
-129
-337
154
328
173
315
191
304
-204
-298
-219
-287
272
-242
-257
250
269
238
226
-286
-206
291
192
-312
-171
313
153
-331
-132
330
-341
-120
95
-354
74
-358
-358
-57
30
-365
361
5
-361
4
357
-35
-360
48
71
349
-95
-354
341
-119
-136
-342
-155
-332
-321
168
-310
185
293
-211
-286
220
-241
-274
