-414
-54
320
-58
-386
22
-383
45
-372
70
-368
89
320
-137
-356
131
313
-171
299
-189
-315
192
275
-223
263
-240
-278
243
233
-267
-246
274
204
-293
186
-305
170
-315
150
-324
-153
331
-133
339
91
-348
71
-354
51
-356
30
-358
-30
362
-8
365
-31
-361
-53
-357
-74
-352
-93
-349
-110
-346
119
339
139
330
159
323
-188
-313
194
301
-221
-290
230
276
243
262
260
246
274
230
286
215
-306
-199
-317
-180
320
161
330
140
337
122
-351
-103
347
80
351
59
354
40
-365
-20
357
-3
357
-24
-363
43
-360
63
-358
84
342
-107
-344
124
-335
145
-327
163
-1
-1
0
0
-1
-1
-4
-1
-2
-1
-1
-1
-1
-1
-2
-2
-1
-3
-97
-349
-343
113
332
-139
-328
154
-175
-317
191
303
208
293
-282
226
241
267
-259
-253
269
236
-222
284
296
204
185
-311
-169
319
327
148
334
128
342
108
-350
-92
-355
-71
-358
-50
-30
361
5
-362
13
358
34
358
-360
54
75
353
346
-99
-343
118
135
333
-327
156
-176
-315
-306
193
-295
210
279
-227
-267
242
256
252
272
235
-223
286
201
-298
-311
-186
-169
319
-332
-149
-131
336
-346
-109
-352
-90
-70
354
-360
-47
-1
1
-1
0
-1
-1
0
-1
-1
-1
-1
-1
-1
-1
-2
-1
-1
-2
-1
0
-2
-1
-2
-1
-2
0
-1
-1
0
-1
-2
-2
0
-1
-1
-2
-1
0
-2
-2
-2
0
-1
-1
-2
-1
-2
-2
-1
0
-3
-1
-1
-1
-2
-1
-1
-1
-2
-1
-1
0
-1
-2
-2
-1
-1
0
-2
0
-1
-1
-1
-1
-1
-1
-1
0
-1
-1
-1
0
-2
-2
-1
-1
-1
-1
-1
-1
0
0
-2
0
-1
-1
-1
1
-1
-1
-1
0
-1
-1
0
0
0
-1
-1
-1
0
0
-1
0
-2
-1
-2
-2
-3
-1
-1
0
-1
0
-1
-1
-1
1
-1
-1
-1
-1
0
-1
-1
0
-1
0
-1
-1
-1
-1
-1
-1
1
-1
-1
0
-1
-1
0
0
-2
-3
-2
-2
-1
0
-1
1
-1
-1
-1
1
0
-1
-1
-1
-1
0
-4
-2
-4
-2
-4
0
-3
-4
-2
-2
-1
-1
-2
-1
-3
0
-3
-1
-2
-1
-2
-1
-1
0
-3
0
-3
-1
-1
-1
-1
-2
-2
-1
-1
-1
-1
0
-3
-1
-1
1
-1
1
-1
-1
-3
2
-2
-1
-2
-1
-1
-1
-1
-1
-1
-1
-3
1
-1
-1
-2
-1
1
-1
-1
1
-1
-1
-2
1
0
1
-2
0
-1
1
-1
-1
-1
-1
-1
1
0
0
-1
0
0
-1
-1
1
0
-1
0
-1
-1
1
-1
-1
-1
-1
-1
0
0
0
-1
-1
-1
0
0
-1
1
-1
-1
-1
-1
0
-1
-1
-1
-1
-1
-1
-3
-1
-2
-1
-1
-1
-2
0
0
-1
-1
-2
-1
-1
0
-1
0
-3
-1
0
-1
-1
-3
-1
-3
-1
-2
-1
0
-1
0
-1
-1
-1
-2
-1
-1
-1
-2
-1
0
0
-1
-1
0
-1
0
0
-2
0
-1
-3
-2
-2
-1
-1
-1
-1
-1
-1
-2
-1
0
-1
-1
-1
-1
-1
-1
-1
-1
-1
-1
-1
-2
-1
-1
-2
-2
-2
-4
-2
-1
-1
-1
0
-2
-1
-2
-1
-2
-1
-2
-1
-1
-1
-3
-2
-2
-3
-2
-2
-3
-2
-3
0
-1
0
-3
0
0
-1
-2
-1
-1
-1
-1
0
0
-1
-1
0
-3
-2
-2
0
-1
0
-1
0
-1
0
-1
1
0
0
-2
0
-1
0
-2
-1
-1
-1
-1
0
0
1
-1
0
-1
0
-2
-1
-3
1
-1
-1
-3
0
0
1
-2
-1
-1
0
0
-1
-1
0
0
0
0
0
-1
0
1
-1
-1
-1
-1
0
-3
0
-1
-2
-1
-1
0
-1
-1
-1
-1
0
-2
-1
0
-2
0
0
1
0
-1
0
0
1
0
0
0
-1
0
1
0
-1
-1
-1
-1
-1
-1
-2
-1
0
-1
-1
0
-1
0
1
-1
-1
-1
-1
0
-1
-1
-1
-1
2
-1
0
-1
-1
-1
0
-1
-1
-1
-1
-1
0
-3
-1
0
0
-2
0
-1
-3
-1
-1
-1
-2
-1
-2
-1
-1
-1
-1
-2
-1
-1
-1
-1
-1
-1
1
-2
-1
0
0
-1
-1
-3
0
-1
-2
-1
-2
-1
-1
-1
-1
-2
1
-1
-1
-2
0
-3
0
-1
-1
-4
-1
0
-1
-1
0
-1
-1
-2
-1
-1
-1
-1
-1
-1
-1
-2
-1
-2
-2
-3
0
0
-1
-1
-1
-1
0
-3
-1
-1
0
-1
-1
-3
0
-1
-1
-2
-2
-2
0
-1
-1
-2
-1
-1
-2
-2
-1
-1
-1
-1
0
-1
-1
-1
-1
0
-1
-1
-3
-1
0
-1
-1
-1
-1
-1
0
0
0
-2
0
-1
-1
-2
0
-1
0
-1
-1
1
-1
-2
-1
-1
-1
-2
-1
-2
0
0
0
0
-1
-1
0
0
-1
-1
-2
-2
1
0
-1
-1
-1
-1
0
-2
0
0
-1
0
0
-1
0
-1
-1
-1
-3
-1
0
-1
-3
1
-1
-1
0
-1
-1
0
0
0
-1
-1
-2
-1
0
-1
-1
-1
-1
-1
-1
-1
-1
0
-1
-1
-1
-1
0
-1
-2
0
0
0
0
-1
-1
0
0
-1
-1
-1
-1
-1
-2
-1
0
-1
0
-1
-1
-2
0
0
-1
-1
-1
-3
-1
-1
0
-2
-1
-1
0
-1
-1
-1
0
-1
1
-1
-1
0
-1
-1
-2
-1
0
-1
-1
-1
-3
-1
0
-1
-1
-1
2
-1
-1
0
0
-1
0
0
-2
-1
0
0
-1
-1
-1
-3
0
-1
-1
-1
-1
0
0
0
-1
-1
0
-1
-1
-2
1
-1
0
-2
0
-1
1
-1
0
-1
-1
-1
-1
-2
-3
-2
-1
-1
0
1
-1
-3
-1
-1
-1
0
-1
-1
-1
-1
-1
-1
0
-1
-1
-1
2
-1
-1
0
-1
0
-1
-1
-1
-1
-1
-3
0
-3
-1
-2
-3
0
0
-1
-1
0
-1
-1
-1
-2
-1
-1
0
-2
-1
-1
-1
-1
0
0
-1
-2
-1
-1
-1
-1
0
1
-1
1
-1
-1
-1
-1
1
-2
1
-1
-1
1
0
-1
-2
-1
2
-1
0
-2
-1
0
-1
1
-1
0
0
0
-1
-1
1
0
1
-1
1
-1
0
1
1
0
-1
-1
-1
1
0
-1
1
0
-1
-1
-2
-1
0
-2
0
0
0
-2
-1
-1
1
-1
1
0
-1
-1
-1
-1
1
1
1
-2
-1
-1
1
-2
0
-2
0
-1
1
-2
0
-1
-1
-1
0
-2
1
-1
1
-1
0
-1
-1
-1
-1
-1
-1
0
-1
-1
-1
-2
-1
-1
0
-1
1
0
0
-1
0
-1
-1
-2
0
0
-1
-2
0
-1
-1
-1
-1
-1
1
0
-2
-1
0
0
-1
-1
0
-2
-1
-1
-1
-1
-1
-1
-1
-1
-1
0
0
0
1
-3
-1
0
1
0
0
-2
1
-1
0
-2
0
0
-1
-1
1
-2
0
-1
-2
-1
-1
0
-1
-1
0
-1
-1
-2
1
-1
0
-1
-1
-2
0
-1
0
-1
0
0
-1
-1
0
-1
1
-1
0
1
0
-2
1
0
0
-1
0
0
1
0
-1
-1
-1
0
-1
-1
-1
-1
0
-1
-1
-1
1
-1
0
-2
2
-3
-1
-1
1
0
0
-1
0
1
0
-1
-1
-1
0
0
-1
1
0
0
-1
0
1
-1
-1
0
-1
-1
-2
-1
0
-2
-1
-1
0
-1
-2
0
0
1
0
1
-1
0
1
1
-1
0
0
1
2
1
1
0
0
-1
0
0
-1
-1
-1
0
0
0
0
-1
-1
-2
1
-1
0
0
1
-1
-1
1
-1
0
1
-1
0
0
-1
-2
1
-2
0
0
-1
0
0
-1
0
0
0
-1
1
-1
-1
0
-1
1
-1
-1
0
-1
-1
-1
-1
-1
0
-1
1
0
0
-1
0
-2
0
-1
-1
-1
1
0
0
-2
0
0
-2
-1
-1
0
-1
-1
1
-2
1
-1
1
0
-1
-1
0
-1
0
-1
1
-1
0
-1
0
-1
-1
0
-1
-2
1
-1
0
-1
-1
1
1
-1
-1
-1
-1
0
-1
-2
0
-1
0
-1
-1
0
-1
0
-1
-1
0
-1
1
1
-1
-1
0
-2
0
-1
0
0
-1
1
0
-1
-1
-1
0
0
-1
0
-1
0
-2
-1
0
0
0
-1
1
-1
-1
-1
1
-2
-1
1
0
-1
-1
0
0
-1
-1
-2
0
-1
1
-1
0
0
0
0
-1
0
0
1
-1
-1
0
0
-1
-2
0
-1
-1
-1
-1
0
-1
0
0
-1
-1
-1
-2
1
1
1
-1
-1
-1
1
-2
-1
0
-1
0
-3
0
0
-1
-3
-2
-1
1
-1
0
-1
-1
1
0
1
1
1
-1
0
-1
1
-1
0
1
0
1
-1
0
-2
0
-1
1
-1
0
0
-1
1
-1
-1
-1
-1
1
-1
-1
-1
-2
-1
-1
-1
-2
-1
-2
-1
1
-2
-1
0
0
0
-1
-1
0
0
-1
-2
-1
1
-1
-1
-1
-1
0
-1
-1
-1
0
-1
1
0
0
0
-1
0
-1
0
0
1
0
-1
0
-1
-1
-1
0
-1
1
1
1
0
0
-1
0
0
0
-1
0
0
0
-1
-1
-1
0
-1
-2
-2
1
-2
-1
-2
0
-1
-1
0
0
1
1
1
-1
0
-1
0
0
1
-1
0
-1
1
-1
-2
1
-2
1
1
1
0
0
-1
2
-2
1
-1
-1
-1
-1
1
-1
-2
-1
-1
1
-1
-1
1
1
0
-1
1
0
-1
-1
-1
1
-1
-1
-1
1
1
0
0
0
-1
-1
-1
0
-1
-1
-1
-1
-1
0
-1
0
-1
1
0
0
1
-1
-1
-1
-1
-1
-2
1
1
-1
1
0
0
-1
-1
0
0
-1
0
-1
0
0
-1
-1
0
-1
0
-2
-1
0
1
-1
-1
-1
1
-3
0
-1
-1
1
-1
-1
-1
-1
-1
0
0
-1
-1
-1
0
-1
0
-2
1
1
-1
-1
0
-1
-2
1
1
-1
0
0
1
0
-1
1
-1
1
0
0
-1
-1
0
-3
0
1
0
-1
-1
0
0
-1
1
-1
1
0
0
-1
-2
1
0
-1
-1
-1
-1
-1
0
0
-1
-1
-1
1
-1
1
-1
1
1
0
-1
0
-1
0
-1
1
-1
-1
-1
1
1
-1
0
-1
-2
2
-1
1
1
-1
1
-1
-1
0
1
0
1
-1
0
0
0
-1
-1
1
1
0
1
0
-1
-1
0
1
1
-1
-1
-1
-2
-1
-1
-1
-1
0
1
0
-1
1
-1
1
-1
-1
-1
0
0
-2
0
-1
1
0
1
-1
0
0
1
0
2
-1
-1
-1
1
0
0
0
-1
-1
1
-1
-1
-1
-1
0
-1
-2
1
0
-1
-1
-1
0
1
1
-2
-1
0
1
-1
1
-1
-1
-2
-1
0
0
-1
-1
-1
2
0
1
1
-2
-1
0
0
0
1
-1
-1
-1
-1
-1
-1
0
-1
-1
0
1
-1
-1
-1
0
0
-1
-1
-1
-1
-1
0
0
-1
1
0
-1
-1
-1
1
-1
-1
-1
1
-1
-1
-1
1
-1
-1
-1
0
0
1
0
-1
-1
0
-1
0
-1
0
-1
-1
0
0
-1
1
-2
1
0
1
-1
0
-1
1
1
-1
-1
-1
1
0
1
1
-1
-1
-1
-1
-1
1
0
1
0
0
1
-1
0
-1
-1
-1
-3
0
0
-1
-1
0
-1
1
-1
1
-1
-1
0
-1
0
-1
-1
0
-3
0
1
1
0
-1
-1
-1
-1
-1
-1
1
-1
-1
-1
0
-1
1
-1
1
-2
1
-2
-1
-1
0
-1
1
-1
-1
-1
0
0
-1
0
-1
1
-1
1
1
-1
0
-1
-1
1
-1
0
1
-2
-1
-1
-1
0
0
-1
-1
0
0
-1
0
-1
0
-1
0
0
0
-1
-1
0
0
-1
-1
-1
0
-1
0
1
-1
1
-1
0
0
0
0
0
0
0
0
-1
-1
0
0
-3
0
-2
-1
0
1
-1
-1
-1
0
-1
-1
-1
1
-1
1
-1
0
0
-1
0
0
-1
0
0
1
0
0
1
-1
-1
0
-1
1
0
-1
-1
-1
-1
-1
0
1
-1
0
1
-1
-1
1
-1
1
-1
-1
-1
1
0
-1
-1
-2
-1
1
-1
-1
-1
-1
-1
-1
-3
0
0
0
-1
0
-2
-1
0
1
0
-1
-1
-1
0
1
-1
0
-1
0
0
-1
0
-1
0
-1
-1
0
0
1
-1
0
0
0
-1
1
0
0
-1
-1
0
0
0
1
-2
0
0
1
-1
-1
1
-1
-1
0
0
-1
-1
-1
-1
-1
0
-1
-3
0
0
0
-1
0
0
0
-1
-1
0
0
1
-1
-1
0
-2
-1
-1
0
1
1
1
1
0
0
0
0
-1
0
-1
-1
-1
0
0
-1
-1
0
-1
0
-1
-1
-1
0
-1
0
-1
1
0
-1
-1
-1
-1
0
-1
-1
0
0
-1
-2
-1
-1
-1
0
0
0
-1
-1
-1
-1
1
-1
0
0
0
1
0
0
0
1
-1
-1
-1
1
-1
0
1
-1
-1
0
-1
1
0
0
-1
1
0
-1
-1
-1
-1
1
-1
-1
-1
1
1
0
1
0
-1
-1
0
-1
-1
1
0
1
-1
0
-2
0
0
-1
-1
0
-1
0
-1
0
0
-1
-1
-2
1
0
-1
1
-1
0
-1
1
-1
1
-1
-1
-1
-1
-1
-1
-1
0
0
-1
-1
1
0
0
-1
-1
-1
-1
0
0
0
-1
-2
-1
1
1
-1
0
-1
1
-1
0
-1
0
-1
0
-1
-1
-1
0
-1
-1
-2
-1
0
2
-2
1
-2
-1
-1
0
-1
-1
0
0
-1
-1
-1
-1
-1
-1
-1
0
-1
0
0
-1
-1
0
-1
-1
-2
1
1
1
-1
-1
-1
-1
-1
0
-1
-1
-1
0
-2
0
-1
1
1
-1
-1
-1
-1
0
-1
-1
-1
0
1
0
0
0
0
0
-1
1
-2
1
-1
0
-1
0
-3
0
-1
0
-3
-1
-1
1
-1
-1
-2
0
0
-1
-3
1
-1
1
-1
-1
-2
0
-1
-1
0
-1
1
1
-2
-1
-1
-1
-1
-1
0
0
-2
-1
0
-1
1
0
-1
-1
-1
0
0
0
-1
-1
-1
-1
0
0
-1
1
-1
-1
-1
-1
-1
0
-1
0
-1
-1
0
1
1
-1
-1
-1
-1
1
0
1
-1
0
-1
0
-1
0
0
-1
-2
0
-1
0
-1
0
-1
1
-1
-1
-1
0
-1
-1
-1
-1
0
-1
-1
0
1
-1
-1
0
-2
0
0
-1
-1
-1
0
-1
-1
0
0
1
-1
-1
-1
1
-1
-1
-1
-1
-3
-1
-1
-1
0
1
-1
0
-1
-2
0
-1
-1
0
-1
0
-1
-1
0
0
-3
-1
0
-1
-1
-1
0
0
0
0
-3
1
-1
-1
-2
0
0
1
-1
-1
-2
-1
0
0
-1
0
-1
-2
0
0
-1
1
-3
1
-1
-1
-1
1
0
0
-1
0
0
0
0
-1
-1
-1
-1
1
0
-1
-1
-1
-1
-1
-1
-1
-1
-1
-2
-1
-1
1
0
-1
-1
-1
-1
-1
-1
-1
-1
1
-1
-1
0
1
-2
-1
0
0
-1
0
1
1
-2
0
-1
-1
0
0
-1
-1
1
0
-1
-1
-1
1
1
-1
-1
0
-3
0
-1
-1
-1
-1
0
-1
-1
0
0
0
-1
-1
-1
1
-1
-1
0
0
-1
-1
-1
-1
-2
1
-1
0
-1
0
-1
0
0
0
-1
1
1
0
-2
-1
-1
0
0
0
-1
0
1
-2
-1
3
-1
0
-2
1
-1
0
-1
1
-1
0
-1
0
0
-1
-1
1
-1
-1
-1
1
-2
0
-1
1
0
-1
-1
-1
-1
1
-1
-1
-2
-1
-1
1
-1
0
-1
-1
0
-2
-1
-1
-2
1
-1
0
0
1
-2
-1
-1
-1
-2
1
-1
-1
-1
1
-2
-1
-1
-1
0
-1
-1
0
0
0
0
-1
0
-1
-2
-1
1
0
-1
-1
0
-1
1
-1
-1
1
-1
0
-1
0
-1
-1
-1
1
0
0
-2
0
-1
-1
-1
0
-2
0
-2
0
-1
1
-1
-1
-2
-1
-1
0
-1
-1
-1
-1
-2
1
-2
0
-2
1
-1
0
-2
-1
-1
-1
0
-1
0
0
-2
0
-1
-1
-3
-1
-2
-1
0
0
-1
0
0
0
-1
1
1
-1
-1
0
-1
1
-2
0
-2
1
-3
-1
-2
-1
-2
0
-1
0
-2
0
-1
-1
-4
-1
-3
-1
-1
1
-3
-1
0
1
-1
-1
-3
1
-2
-1
-2
0
-1
0
-3
0
-1
-1
-1
-1
-1
-2
-1
-1
1
1
-1
0
-2
-2
-1
-1
-1
-1
-3
-1
-1
1
-1
-1
-4
0
-1
-1
-1
-1
-2
-1
-1
0
-1
-1
-1
-1
0
-1
-1
-1
-2
0
-1
1
-3
0
-4
-1
-2
0
-1
0
-1
0
-1
0
-1
0
-1
1
-1
-1
-1
0
0
-1
-3
0
-2
-2
-1
-1
-1
0
-2
-1
0
0
-1
-1
-1
0
-1
0
-1
-1
-1
-1
0
0
-2
0
-2
-1
-2
0
0
0
-1
0
-3
-4
-1
1
-1
-1
-2
-1
0
-2
-1
0
-1
-1
-2
-1
-1
-1
-1
-1
-2
-1
-1
0
-2
0
-3
-1
-3
-1
0
-1
-2
-1
-1
-1
-1
0
-1
-1
0
-3
-1
-1
-1
0
-1
-1
-1
-1
-1
-1
-1
0
-1
0
-1
-1
-2
-1
-1
-1
-1
-1
-1
-1
0
-1
0
0
-1
-1
-1
0
1
-1
-1
1
0
-1
-1
-2
-2
-1
-1
-1
-1
-1
-1
1
-3
0
0
-1
-1
-1
-1
0
-2
-1
-1
-1
-1
-1
-2
-1
0
0
-1
0
-1
-1
-2
1
0
-1
-1
-1
-1
-1
-1
-1
-1
-1
-2
-1
0
-1
-2
1
-1
0
-1
-1
0
0
-4
0
-1
0
0
-1
-2
-2
-3
1
-1
1
0
-2
-1
-1
-1
-1
-1
-1
-2
-1
0
-1
0
0
-3
-3
-1
0
-1
-1
-1
0
-2
-1
-2
-1
-1
-1
0
0
-1
-1
-2
-1
-1
1
0
-1
-1
0
-1
-1
-1
-1
0
0
-1
0
-1
-1
0
-1
-1
-1
-2
-45
355
23
-362
361
3
18
360
38
356
-62
-358
-81
-354
-349
100
-340
120
-334
139
-162
-325
-180
-313
-304
196
214
289
228
278
264
-249
-249
260
274
232
288
215
-301
-202
310
181
321
163
-146
330
337
125
-344
-105
350
83
-64
353
41
-359
360
22
-2
361
-20
-361
-41
-358
60
356
-83
-351
103
344
339
-123
142
332
-325
162
-314
179
300
-198
288
-215
231
276
-247
-264
-250
262
-233
276
-216
289
-302
-199
180
-314
-324
-164
-332
-146
339
122
105
-346
-350
-83
-356
-64
-42
358
-23
361
358
0
23
359
-43
-358
62
354
83
350
-346
103
-122
-339
332
-144
-163
-322
181
312
-199
-303
291
-217
-275
230
-262
247
-246
262
233
-279
-288
-216
-303
-199
-178
310
162
-325
143
-333
-123
336
346
103
83
-354
356
60
40
-362
-21
358
2
358
22
356
-357
41
-354
62
-351
82
104
343
-126
-343
144
329
-322
161
-182
-315
-300
198
-288
216
233
272
260
-252
247
-265
229
-280
290
211
302
194
-315
-182
-162
322
-333
-144
121
-341
-349
-104
-352
-83
61
-358
-41
355
359
18
-363
0
21
358
42
356
354
-67
84
349
105
344
-337
123
145
328
164
320
182
310
298
-200
216
288
-277
233
258
-250
262
245
-231
277
-213
291
-198
302
-178
313
157
-324
-142
332
119
-340
344
100
-81
353
-61
355
358
38
17
-361
361
-4
-362
23
358
-45
352
-66
-88
-352
-107
-346
336
-128
327
-146
320
-163
-311
184
-204
-301
-287
216
-235
-274
-251
-260
245
-267
-227
276
-291
-211
302
194
-315
-178
159
-325
333
139
120
-342
-347
-100
-351
-80
357
58
358
34
360
16
-359
2
26
360
46
357
-356
66
351
-89
107
343
-337
127
330
-148
-165
-322
-185
-312
-202
-301
-218
-288
274
-238
258
-252
-245
264
227
-281
293
210
-193
301
314
173
-325
-158
-137
330
-119
339
-347
-101
-77
349
-356
-61
-38
358
16
-362
-6
-363
-359
25
47
355
68
352
351
-92
-110
-346
338
-131
150
327
166
317
-310
182
-205
-301
286
-224
235
271
-259
250
243
-269
-228
277
293
209
-306
-194
315
172
157
-329
-336
-141
339
116
-349
-98
76
-354
55
-358
-361
-37
13
-364
-9
-363
23
358
-360
47
67
352
-351
88
342
-110
-339
128
-151
-331
167
317
184
308
202
294
284
-223
-274
236
-260
252
-269
-245
-229
281
291
210
303
191
314
173
322
155
-336
-137
339
117
0
-1
-4
-1
-1
-1
-1
-1
1
-1
-1
1
-1
-3
-2
-1
298
200
310
182
320
164
329
145
339
127
345
107
351
85
354
65
356
45
363
23
-362
-4
361
-18
358
-40
355
-60
353
-81
347
-102
-339
120
331
-143
325
-161
315
-179
-303
196
290
-216
-279
231
264
-247
-247
260
233
-277
218
-289
-199
300
-181
311
164
-323
146
-332
127
-340
-103
343
-83
348
-62
354
46
-362
-19
358
3
-364
21
357
-40
-361
-60
-361
-82
-356
-103
-351
-122
-344
-140
-335
-163
-327
181
309
198
298
-217
-294
-232
-281
-246
-267
262
245
-278
-236
290
211
301
195
310
176
320
159
328
140
338
121
342
101
349
81
-359
-66
356
38
-363
-25
