199
-309
-282
233
-250
264
270
190
168
-323
-339
-185
-350
-167
-362
-147
328
105
336
84
-368
-78
-371
-59
-44
354
347
6
-26
-366
-375
30
-369
49
60
351
81
348
-127
-343
-146
-335
317
-153
307
-173
178
306
197
296
-294
225
260
-239
-268
-252
229
-268
274
226
287
209
-317
-187
-323
-170
320
151
-138
336
106
-344
343
93
68
-354
-360
-49
355
30
-13
361
-17
-363
354
-35
-361
54
71
352
91
348
-119
-343
-338
134
151
325
-322
174
-194
-305
290
-210
-284
223
238
268
-261
-256
-240
272
281
221
204
-299
-192
308
317
168
-331
-151
333
128
107
-344
89
-351
353
69
-358
-52
28
-362
-362
-8
13
358
358
-37
357
-57
-77
-356
-97
-349
342
-118
135
333
153
325
-319
171
-306
191
208
292
-284
224
-269
240
250
-260
-241
271
283
219
202
-298
-312
-188
-169
318
148
-331
336
129
-346
-112
88
-351
66
-356
45
-361
25
-362
-8
360
358
-16
356
-35
355
-58
352
-77
-98
-349
-119
-341
135
334
-328
155
-175
-318
303
-195
-296
210
-281
226
-244
-269
-254
256
-274
-238
-222
284
-301
-204
-311
-187
318
166
-330
-148
337
129
-346
-110
-92
349
-69
354
-50
358
-1
-1
-1
-1
0
-1
0
-2
-1
-1
-2
-1
-3
-1
0
-1
0
-1
-1
-1
0
-1
0
-1
-1
-1
0
-3
0
-1
-1
-2
0
-2
-2
-1
-3
-1
-4
-2
0
-1
0
-2
-1
-1
0
-1
-2
-1
-2
-1
-2
-1
-1
-1
-2
-1
-3
-1
-1
0
-1
-1
-1
-1
-2
-1
-1
0
-2
-1
-1
-1
-1
1
-1
0
-2
-1
-3
-2
-2
1
0
1
-1
-1
0
-1
-1
1
0
-1
-1
-1
-1
-1
-1
-1
-3
0
1
-1
-1
-1
-1
0
-3
-1
-1
-1
0
-1
-2
1
-1
-1
0
0
0
-1
-2
-1
-1
-1
-1
-1
-1
0
-1
-1
-1
0
-1
-1
-1
0
-1
-1
0
-2
0
0
-1
-1
-1
0
-1
0
-1
0
-1
-1
-1
-2
-3
-1
-1
-1
-3
-2
-1
-2
-1
-1
-3
-2
0
1
-3
-4
-1
-3
-2
-2
-3
-1
-1
-1
-2
-2
-1
-1
-1
-1
-3
1
-1
-2
-2
-3
-2
-1
0
-1
-4
-1
-2
-1
-4
0
-3
-1
-2
-1
-2
0
-2
0
-2
-1
-2
-2
-2
0
-1
-1
-3
-1
-1
1
-1
0
-3
0
-2
-1
-3
0
-2
0
-2
1
-2
0
-2
-1
0
1
-1
0
-2
1
-1
-1
-1
0
-2
-1
0
-1
-3
0
-3
0
0
0
-1
0
-1
0
-1
1
-3
-1
0
0
-1
1
0
0
-1
-1
-1
-1
0
-1
-1
-1
-1
1
-1
-1
-3
-1
0
-1
-1
-1
-1
0
-1
-1
-1
-1
-1
0
-1
-1
-1
-1
-3
-1
0
-1
-1
-1
0
-1
-1
-1
1
-1
0
-1
-1
-1
-1
-2
-2
-1
-1
-1
-1
-3
-3
0
0
-2
-1
-1
-1
-2
-1
-2
-2
-1
-4
-1
-3
-3
-1
-1
-1
-1
-1
-2
-1
-1
-1
-1
-2
-1
-2
-1
-4
-1
-1
-1
-1
-4
-2
-1
-1
-1
-1
-3
-3
-1
-3
0
-2
-1
-2
-3
-3
-3
-1
0
-2
-2
-2
-4
-4
-1
-2
-2
0
-1
-1
-1
-2
-1
-1
-2
-2
-1
-2
-2
-1
1
-1
0
-3
0
-2
-1
-1
-3
-4
-1
-2
0
-1
-1
-1
-1
-1
0
-1
1
-1
1
-1
-1
-1
-1
-1
0
-3
1
-1
-1
-1
0
-1
1
-1
0
-1
-1
-3
1
-1
1
-1
-2
-1
0
-1
-2
-2
-2
-4
0
-1
0
-2
-1
-1
-1
-2
0
-1
0
0
1
0
-1
-1
-1
0
-1
-1
0
0
1
-1
0
0
1
-2
-1
-1
-3
-2
0
-1
-1
-3
-1
0
0
-1
-1
0
0
-1
-1
0
0
0
-1
-2
1
0
0
-1
0
-2
-1
-1
0
-1
-1
-1
-1
-1
0
-1
0
0
-1
0
-1
-1
-1
-1
-1
-1
-1
-1
-1
-1
-3
-1
-1
-2
0
-1
0
-1
-2
-1
-1
-1
1
-2
0
-1
-1
-1
-1
-1
0
-1
1
-1
0
-2
0
-1
-1
0
-1
0
0
-1
-1
-1
-1
-2
-1
-1
0
-1
-1
-1
-1
-1
-1
-1
-1
-1
0
-4
-1
-1
-1
-2
-1
-3
-1
-1
-3
-3
0
-1
0
-1
-2
-1
-1
-2
-1
0
0
-1
0
0
-1
-1
-1
0
-1
-3
0
2
0
0
-1
-1
-1
-1
-1
0
-1
0
1
-1
0
-2
1
0
0
-1
1
-2
-1
-1
1
-1
-1
-4
0
-1
-1
-1
-1
-1
0
-2
-1
0
1
-1
-1
-1
-1
-1
1
-3
0
-1
0
-1
-1
-1
-1
-1
0
-1
0
-3
-1
0
-2
0
-3
-1
-1
-1
-2
-1
1
-1
-1
-2
-1
0
-1
-2
-1
-1
-1
0
-1
-1
1
0
-1
-1
0
-1
-2
0
1
-2
-1
-1
1
-1
-1
-1
1
-2
-2
-1
-2
-1
-1
-2
-1
0
0
-1
-1
-2
-1
-1
0
-1
-1
-1
-1
-1
0
0
-1
-1
-2
-3
-1
-1
-1
-2
-1
-1
0
1
-1
-2
-1
-1
-1
0
-1
0
1
-1
-1
-1
-1
0
-1
-1
-1
-2
-1
1
-1
-1
0
-1
0
0
0
-2
0
0
-1
-2
-1
0
1
-1
-1
-1
0
0
-1
0
1
-1
-1
-2
-1
-1
-1
-1
-1
-1
-1
-1
0
0
-1
0
-1
0
0
1
-1
1
-1
-1
0
-1
-1
1
0
0
0
-1
-1
1
0
0
-1
0
0
-1
0
0
0
-1
1
0
-1
-1
0
-1
-1
-1
0
0
-1
1
-1
-1
-1
-4
0
-1
1
-1
1
-3
-1
-1
-1
0
-1
-1
-1
0
0
-1
0
0
-1
-1
-1
0
0
0
-1
-3
-1
0
-1
-1
-1
-2
1
1
-1
-1
-1
0
0
-1
-1
-2
1
-1
-1
-1
1
0
-1
-1
-2
-1
-1
-2
-1
-1
0
-2
-2
-1
0
-1
-1
0
-1
-1
-1
-1
1
-1
-1
0
1
-1
0
-1
-1
0
0
-4
-1
-3
0
0
-1
-1
-1
-1
1
-1
-1
0
-1
0
0
-1
-1
-1
-1
-1
0
-1
1
0
-1
0
-1
0
-1
-1
0
0
1
0
0
-1
1
-1
0
0
-1
-1
0
-2
0
-2
1
-1
0
-2
0
-1
1
-1
1
-1
0
-1
-1
0
0
-1
0
0
0
0
-1
1
0
-2
0
-1
1
-1
1
0
-1
-1
0
0
-1
-3
0
-1
0
0
-1
0
1
-1
1
0
-1
0
-1
-1
1
0
-1
-1
-1
-1
-1
0
1
0
-1
0
0
-1
0
-1
1
-2
1
0
-1
-1
0
-2
-1
0
1
-2
-1
-1
0
-2
-2
-1
-1
0
0
-1
-1
-1
0
-1
-1
-1
0
0
1
0
-1
-2
-1
-1
-1
0
-1
-1
0
0
0
0
-1
-3
1
-1
1
-3
0
-1
-1
-1
0
0
0
0
0
1
-1
-1
0
0
1
-1
1
-1
-1
-1
0
0
-1
-1
-1
-1
-1
-1
-1
-1
-1
-1
-1
-1
-1
-1
0
0
0
-1
1
-1
2
-1
1
0
1
0
-1
0
1
-1
0
-1
0
-2
1
-2
-2
-1
1
-1
1
-1
-1
-1
0
-2
1
-1
0
-1
-1
0
-1
-1
-1
-1
0
0
-1
0
1
0
-1
0
0
0
-1
-1
0
1
0
-1
0
-2
-1
1
-1
0
0
1
0
-2
-1
0
1
-1
0
0
-1
-1
-1
1
-1
-2
-1
0
1
-1
1
-1
1
0
-2
-1
1
-1
1
0
-1
-1
-1
-1
1
-2
-1
-1
-1
-1
1
-1
-1
-3
0
-1
-1
-1
1
0
-2
0
-1
1
-1
-1
-1
1
-1
-1
-1
0
-1
-1
-1
-1
-1
0
-1
-2
0
-1
0
0
0
-1
-1
-1
0
0
1
-1
-1
-1
1
-1
0
-1
-1
0
1
-1
1
0
0
-1
0
0
1
-1
-1
-1
0
-1
-1
0
0
-1
-1
-2
1
-1
0
-3
-1
-1
-1
1
1
-3
1
0
1
-1
1
-1
0
0
0
-1
-1
-1
-1
-1
-1
-1
1
-1
-2
1
1
-2
1
-1
-1
-1
1
-2
1
-1
-1
0
0
0
1
-1
0
-1
1
-1
0
-1
0
-1
-1
1
1
-1
1
-2
0
-1
-1
-1
-3
0
-1
0
0
-1
-1
0
0
0
0
-1
-1
1
0
-1
0
-1
1
1
-1
1
1
-2
-1
1
-1
1
0
-1
-1
-1
-1
1
1
0
-1
1
-1
-1
0
-1
-1
0
0
-1
0
-1
-1
0
0
-1
0
-2
0
1
-1
-1
1
0
-1
-1
0
-1
1
1
-1
0
-1
-1
-1
1
-1
-2
0
1
-1
-1
1
-1
0
0
-1
-1
-2
0
-1
-1
-1
-1
-1
0
-1
-1
-1
1
-1
-1
-1
-1
-1
-1
-1
0
0
0
1
1
-1
0
0
-1
-1
2
-1
0
0
-1
0
-1
-1
-1
-2
-1
1
-1
-1
0
0
0
-1
-1
-1
-1
-1
-2
-1
-1
-1
-2
-1
1
1
-4
0
-2
0
0
-1
1
0
-1
-1
-1
0
-1
-1
-1
-1
-1
1
-1
1
0
1
-1
-2
0
0
0
0
0
0
-1
-1
-1
0
0
0
0
0
-1
2
-1
-1
-1
1
0
-1
-1
-1
-1
0
-1
-1
0
1
-1
1
0
-1
-1
-1
0
0
1
-1
0
-1
-1
0
1
0
-1
-1
-1
0
-1
-1
0
1
-1
0
0
1
0
-1
-1
-1
0
-2
-1
-1
0
0
-1
-1
-2
-1
0
-1
-1
1
0
1
-1
-1
0
-1
-1
-1
-1
-1
-1
-2
-1
-1
-1
0
-1
1
1
-1
0
-1
1
1
-1
-1
0
-1
-2
0
1
-2
0
-1
1
0
-1
1
-1
-3
-1
0
-1
0
-1
-1
0
-1
0
-1
0
-1
1
1
-1
0
-1
-1
1
-1
0
-1
-1
-1
-3
0
-1
-1
-1
1
0
0
-1
0
0
0
-1
-1
0
0
0
0
-1
-1
0
-1
-2
-1
0
-1
0
0
-1
-1
-1
-1
1
-1
0
0
-1
0
0
-1
0
1
-1
1
-1
-1
-2
0
-1
0
-1
-1
0
-1
-1
0
0
-1
-1
-1
1
1
-1
-3
-1
-1
-2
-2
1
0
-1
0
-1
1
-1
1
0
0
-1
1
-1
1
0
1
0
-1
-1
0
-1
1
0
1
-1
1
-1
-1
0
-1
-1
1
-1
0
-1
-1
1
-1
-1
0
0
-1
-1
-1
1
1
0
0
-2
-1
1
1
0
-1
3
-2
-1
1
-1
-1
-1
0
1
-2
-2
0
0
1
-1
-1
-2
1
-1
-1
1
-1
0
1
1
-1
1
-1
0
0
0
0
-1
0
-1
-1
0
0
-1
0
-1
-1
-1
2
0
0
1
-2
-1
0
0
-1
-1
-1
1
-2
-1
0
-1
-1
1
-1
0
1
0
-2
1
0
-1
0
-1
1
-2
-1
0
-1
0
0
0
-1
1
-2
-1
0
-1
-1
-1
0
-1
-2
0
-1
1
-1
1
-1
-1
-1
0
-1
-1
-1
-1
-1
1
-1
0
-1
-1
-1
1
-1
-1
0
-1
1
-1
-1
0
-2
-1
-1
1
-3
-1
-1
0
-1
1
0
-1
-1
-1
-1
-1
-1
-1
-1
0
0
1
0
0
-1
-1
1
-1
-1
-1
0
0
0
0
-1
-1
-1
0
0
0
-1
0
-1
0
1
-1
1
-1
0
-1
-1
1
-1
-1
0
0
0
1
1
-2
-1
0
-1
-1
-2
-1
-1
-1
-1
-1
0
1
0
0
-1
-1
-1
-1
-2
-1
-1
0
-1
0
1
-1
-1
-2
-1
0
-1
-1
-1
-1
0
-1
-1
1
-1
-1
-1
-3
0
1
-1
0
0
0
-1
-1
-1
-1
1
1
-1
-1
-1
-1
0
-1
-1
-1
-1
0
-1
1
1
1
-1
0
-1
1
0
1
1
-1
-1
-1
1
1
-1
0
1
1
-1
-1
1
1
-1
3
-1
0
-1
-1
-2
1
-1
-1
1
-1
-1
1
0
0
-2
1
1
-1
-1
1
-1
0
-1
-1
1
-1
-1
0
-1
0
-1
0
-1
-1
0
0
-1
0
0
-1
-1
-1
-1
-1
-1
1
0
-1
-1
-1
0
0
0
-1
-1
-1
1
0
-1
1
-1
-1
0
1
-1
1
-1
-1
-1
-1
-1
-1
0
-1
-1
-1
-1
1
0
-1
-1
1
-1
0
-1
1
1
-1
0
-1
1
-1
-1
1
0
1
0
-2
-1
0
0
0
-1
0
0
-1
-1
1
-1
0
1
1
-1
-1
0
-1
1
-1
-1
0
-1
-1
0
-1
-1
1
1
-1
-1
-1
0
0
-1
-1
1
0
-1
-1
0
1
-1
-1
0
1
1
-1
-1
-1
-1
-2
-1
1
1
-1
1
1
-1
-1
1
-1
-1
0
-1
-1
-1
-1
-1
-1
-1
0
-1
-1
-2
-1
-1
-1
1
-1
0
-1
-1
0
1
1
-1
0
-1
0
1
-1
-1
1
-1
-1
-1
-1
-1
-1
-1
1
0
-1
0
-1
-2
1
-1
0
0
1
-1
0
1
0
-1
1
1
0
0
1
-1
0
-1
-1
1
1
-1
-1
-1
0
-1
1
-1
1
-1
1
1
0
0
0
1
-1
0
0
-1
-1
-1
1
-1
-1
-2
0
0
0
-1
-1
-1
0
-1
-2
0
1
-1
-1
-1
-1
1
0
-1
-1
-1
-1
-1
0
-1
0
0
-1
0
-1
-1
0
-1
1
0
-2
-1
-1
-1
1
-1
1
-2
1
-1
0
-1
-1
-1
0
-1
1
-1
-1
0
1
-1
-1
-2
0
-2
1
1
-1
1
-1
-3
0
-2
0
-1
2
-2
-1
-1
0
-1
0
-3
-1
-2
-1
-1
0
-2
-1
-1
0
-1
-1
-1
-1
0
0
-1
-1
-1
-1
-1
-1
-1
1
-1
-1
-1
-1
-4
1
-2
0
-1
-3
-1
0
-1
0
-1
1
-1
0
-1
0
-1
0
1
-1
-1
0
1
1
-1
-1
0
-1
-1
-1
-1
1
0
1
-1
0
-3
0
-1
-1
-1
1
1
-1
0
1
-1
1
-1
1
1
0
-2
1
-2
2
-1
1
1
1
-1
1
-1
-1
-1
-1
-1
1
0
0
-1
1
0
1
-1
1
-1
-1
0
0
-1
-1
-1
0
-3
-1
0
1
-1
-1
0
-1
-2
0
-1
-1
0
0
-1
1
-1
1
-1
0
-1
-1
-1
0
-1
-1
-2
0
-1
1
-1
1
-1
0
0
0
-1
0
0
0
1
1
-1
0
-1
0
-1
1
-1
0
-2
0
-1
0
-1
0
-1
-1
-1
-1
-2
-1
-1
0
-1
-1
-1
-1
1
-1
-1
-1
-1
-1
-2
0
-1
-1
-1
0
-2
1
-2
-1
-3
1
-1
-1
-1
1
-1
1
0
-1
-1
1
-1
0
0
0
-1
0
-2
-1
-1
-1
-1
-2
1
-1
0
-1
-1
0
-1
-2
-2
-1
-1
1
-3
1
-2
-1
-1
-1
-1
0
-1
-1
-1
-2
-1
-1
-1
0
-1
-1
-1
1
-1
-1
-1
-1
0
0
0
0
0
-1
-1
-1
-1
-1
1
-1
-2
-1
-1
0
-1
-1
-1
1
0
0
-1
0
-1
-1
0
-1
1
-1
1
-1
-1
-1
-1
-1
-1
-1
0
1
-1
0
-1
1
-1
-1
1
1
-1
0
-1
-2
0
-1
-1
0
0
0
-1
-1
-1
1
-2
1
-1
0
-1
1
-1
0
-1
1
-2
-1
-1
1
-1
0
-2
-1
-1
1
-1
-1
-1
0
-1
-1
-1
0
-3
0
1
0
-1
1
-1
0
-1
-1
-2
-1
0
-1
0
0
-2
-1
0
1
-1
1
-1
0
-1
1
0
0
-3
0
0
0
0
-1
-1
-1
-1
1
-1
-1
-1
0
-1
-2
-2
-1
-1
0
-1
1
-1
0
-1
1
-2
-1
-2
-3
-2
0
0
-1
-1
0
-1
-1
-1
-1
-1
1
-1
-1
-1
1
-1
0
0
-1
-1
1
-1
-1
0
0
0
0
-1
0
-1
0
-1
0
-1
0
-1
-1
-1
0
-1
1
-1
-1
-1
1
0
0
-1
-1
-1
-1
-1
-1
-2
0
-1
-1
-2
-1
-1
0
-2
0
0
0
-2
-1
-1
-1
-1
1
-1
-1
-3
0
-1
1
-3
1
-1
-1
-2
0
0
0
-1
0
-1
0
-2
1
-2
0
-4
0
-1
-1
-1
-1
-1
0
-2
-1
-1
0
-1
1
-1
0
-2
-1
-1
0
-1
1
-2
0
-2
0
-1
-1
-2
1
-1
1
-1
-2
0
0
-1
-1
-2
-1
-1
0
-1
1
-1
0
0
1
-1
-1
-3
-1
-3
2
-1
-1
-1
1
-1
-1
-1
0
0
1
-4
0
0
-1
-2
0
0
-1
-1
-1
-1
1
-3
0
-2
1
-3
0
-2
-1
-1
2
-2
0
0
1
-2
0
-1
-2
-1
-1
-1
0
-2
-1
-1
1
-1
-1
-3
-1
-1
1
-2
0
-2
-1
-1
-1
-1
-1
-1
-1
-2
-2
-1
-1
-1
-1
-3
-1
-2
-1
-1
0
-2
0
-1
0
0
0
-1
-1
-2
-1
0
1
-1
-1
1
-1
-1
1
-2
0
-2
-1
-1
-2
-1
-1
-1
-1
-2
-1
-1
0
-1
-1
-1
-1
-1
0
-1
-1
1
-1
-2
0
-1
-1
-4
-1
-1
-1
-2
0
-1
-1
-1
-1
-1
-1
-1
-1
-1
-1
1
-2
-1
1
-2
-1
-1
0
0
0
-1
0
-1
-1
0
1
0
1
0
0
-1
0
-1
-1
-1
0
-1
0
0
-1
-1
0
-2
-1
-1
-1
-1
1
0
0
-1
0
-1
-1
-1
0
-1
-1
-1
1
-1
-1
1
1
-2
-1
-3
-1
-2
-1
-1
-1
-2
1
-1
-1
-1
-1
-1
0
-2
-1
-1
0
-1
0
-1
-1
-2
-1
-2
-1
-1
0
-1
-1
-1
-2
-1
-1
0
0
-1
0
-1
1
-1
0
0
0
-1
0
-1
1
-1
-1
-1
-1
-3
1
-2
-1
-2
-1
-1
0
0
0
0
-1
-3
0
-1
-1
-2
0
-1
0
-2
-1
0
-1
-1
-1
-1
-1
-2
-1
-1
-1
0
-1
-1
-2
-2
-1
-1
-359
-47
23
-364
-4
358
-362
17
-359
39
356
-62
351
-83
-346
100
118
339
331
-144
323
-161
178
310
-198
-304
-293
214
-281
229
245
263
-252
259
233
-276
-216
288
-202
300
182
-313
321
161
143
-332
-126
339
-105
345
-352
-85
-356
-65
43
-360
-359
-24
359
0
19
359
-358
40
-62
-356
351
-83
-104
-346
-122
-341
141
331
-163
-325
313
-179
197
301
214
289
231
276
262
-250
249
-262
233
-278
214
-289
-199
299
180
-313
320
162
143
-332
-122
338
-104
344
-83
349
-62
353
-42
356
19
-362
361
-1
-21
-359
-42
-358
-354
62
83
348
-345
101
-124
-341
332
-144
324
-164
-309
178
-200
-303
-215
-289
-232
-276
-261
247
-262
-247
-278
-231
-288
-216
-301
-199
182
-315
324
160
-330
-146
123
-342
-102
344
-351
-85
62
-356
358
40
361
18
1
357
-361
18
359
-45
-356
60
-351
82
103
342
-339
123
-144
-334
-164
-323
-181
-313
199
298
288
-218
-233
-278
-262
245
-246
262
-277
-233
291
210
-304
-197
-315
-181
158
-324
331
140
-123
337
-103
344
81
-356
-356
-63
-40
357
-20
359
-4
-363
359
-25
-44
-361
-66
-356
87
349
105
343
-124
-339
-332
144
163
320
-311
180
199
298
215
287
233
274
-262
248
243
-264
-231
279
-216
291
194
-303
177
-313
-163
325
331
140
338
120
100
-344
80
-351
354
58
358
38
361
18
-4
-360
23
359
358
-45
65
355
-88
-351
-107
-344
-337
126
329
-146
166
321
-184
-310
202
299
-218
-287
274
-234
258
-251
-245
264
-228
277
212
-293
-303
-194
-314
-177
158
-326
-333
-141
-119
339
100
-347
79
-352
-357
-59
-359
-38
-18
362
3
358
25
358
-357
47
65
354
-350
84
108
343
338
-127
148
328
-320
165
-310
184
203
298
-287
216
-235
-272
-260
250
-265
-245
-280
-228
-292
-213
-194
302
315
175
-325
-157
137
-335
119
-344
-350
-99
352
76
-357
-59
-38
357
-16
358
361
-8
25
357
-358
44
354
-69
-91
-351
110
343
336
-131
-149
-333
-321
165
-186
-310
-205
-302
220
284
-274
233
-260
249
-244
265
-281
-229
-295
-214
-308
-194
173
-316
156
-327
-337
-139
-118
339
-99
345
77
-356
55
-359
33
-361
-16
359
359
-8
-361
27
47
356
-72
-357
-92
-352
341
-111
-339
129
-330
148
-170
-320
183
307
202
296
284
-222
271
-239
-254
-260
-244
266
280
226
-214
295
304
192
-318
-175
-159
325
134
-334
339
116
-349
-96
75
-353
-358
-55
-362
-34
-15
361
360
-7
-30
-360
49
359
352
-69
-351
91
-344
111
337
-131
-151
-328
317
-168
187
310
-298
206
284
-221
-239
-270
255
257
241
-267
228
-280
209
-296
192
-304
173
-317
-154
327
334
134
-115
343
-95
346
354
75
-356
-53
-358
-33
-360
-12
-8
-362
30
360
-50
-358
-354
71
351
-93
-111
-346
338
-134
330
-154
173
315
-185
-312
208
292
226
280
272
-243
256
-257
-267
-245
-223
279
-206
290
-305
-193
318
168
155
-332
-134
330
342
109
94
-354
-74
348
-356
-59
-31
354
361
4
-361
6
358
-37
-54
-364
71
349
-353
88
341
-119
333
-139
-156
-332
313
-174
-310
185
-211
-299
-286
221
267
-243
