-34
139
-4
212
49
264
111
276
161
257
187
208
184
146
146
83
86
34
15
11
-44
16
-74
30
-66
33
-40
1
-29
-66
-60
-141
-136
-182
-218
-148
-255
-46
-205
75
-62
161
117
151
253
42
284
-107
202
-229
56
-253
-75
-172
-131
-24
-93
120
6
207
113
217
191
174
224
107
228
46
223
-9
208
-65
182
-127
129
-185
53
-218
-28
-206
-91
-153
-111
-78
-87
-5
-30
45
37
56
97
33
131
-15
130
-76
93
-133
25
-163
-57
-156
-122
-107
-148
-39
-127
21
-77
45
-27
20
-4
-34
-19
-89
-60
-121
-97
-120
-115
-100
-110
-82
-95
-78
-91
-79
-95
-76
-105
-55
-98
-21
-72
11
-30
27
11
18
42
-6
57
-37
63
-67
66
-98
65
-136
50
-176
20
-208
-19
-216
-49
-204
-57
-177
-38
-156
-16
-157
-11
-171
-30
-175
-59
-151
-65
-90
-27
-22
59
16
158
-8
223
-92
224
-202
152
-285
43
-305
-59
-252
-111
-147
-103
-32
-48
59
24
106
84
119
115
111
115
101
93
103
67
116
42
131
18
139
-6
132
-40
113
-90
95
-143
91
-183
107
-187
136
-153
155
-89
142
-28
93
4
25
-2
-24
-27
-28
-37
21
-4
90
64
142
136
150
172
122
144
87
74
91
4
142
-30
219
-12
276
30
276
59
220
40
134
-16
63
-83
30
-125
34
-127
47
-101
47
-73
35
-56
23
-41
30
-17
58
35
88
100
95
156
71
175
28
156
-10
113
-20
76
-3
62
24
68
39
83
35
92
16
99
-8
105
-35
112
-70
112
-114
88
-157
42
-182
-10
-170
-40
-125
-32
-77
-2
-62
16
-89
-18
-136
-106
-153
-211
-103
-279
11
-265
141
-185
228
-90
243
-39
206
-45
177
-74
202
-61
276
29
346
170
337
285
226
295
54
185
-88
9
-116
-132
-23
-157
129
-64
235
78
227
168
110
151
-39
42
-128
-81
-111
-138
-18
-95
74
2
103
89
48
105
-47
52
-117
-30
-127
-83
-79
-83
-23
-45
-5
-15
-33
-26
-85
-79
-119
-141
-107
-177
-56
-162
6
-106
40
-35
31
21
-17
42
-83
28
-144
-10
-180
-54
-180
-83
-151
-83
-105
-47
-60
17
-40
84
-61
126
-114
117
-172
67
-198
1
-163
-37
-70
-15
49
68
145
181
182
276
154
316
82
294
8
228
-42
150
-54
83
-47
35
-39
-4
-41
-35
-54
-69
-71
-100
-84
-122
-89
-127
-86
-118
-78
-94
-68
-56
-60
-10
-60
32
-71
57
-94
49
-113
10
-113
-41
-76
-78
-6
-77
76
-37
134
23
140
64
96
62
28
21
-29
-31
-43
-59
-18
-33
18
33
31
104
-3
144
-66
129
-126
74
-141
14
-98
-13
-16
5
66
47
108
78
103
67
68
16
40
-49
42
-90
71
-84
97
-39
84
9
11
18
-103
-31
-214
-124
-274
-218
-262
-267
-190
-257
-101
-194
-35
-121
-12
-72
-17
-58
-19
-61
5
-47
58
8
116
99
138
199
105
261
21
266
-79
216
-153
141
-170
75
-131
51
-60
68
6
103
45
127
49
114
33
62
25
-18
44
-99
96
-152
171
-161
242
-129
280
-78
263
-39
192
-33
93
-64
2
-112
-54
-138
-66
-121
-52
-59
-51
18
-83
70
-146
69
-203
23
-215
-33
-161
-49
-58
-9
47
69
104
139
93
155
32
106
-33
16
-61
-69
-45
-116
-11
-122
8
-110
-8
-115
-48
-142
-78
-175
-73
-176
-27
-127
35
-29
76
88
75
190
33
255
-26
281
-83
284
-123
269
-150
239
-167
192
-168
138
-146
98
-100
90
-46
117
-16
161
-33
184
-100
160
-188
88
-261
-4
-289
-81
-264
-118
-218
-121
-170
-108
-134
-91
-99
-70
-55
-30
-2
34
39
107
46
156
11
151
-37
95
-62
26
-37
-12
23
1
71
42
59
54
-22
-12
-130
-151
-193
-310
-161
-404
-35
-386
122
-262
223
-100
228
23
146
66
41
45
-26
9
-35
-2
-11
13
3
18
-16
-18
-43
-91
-43
-160
10
-168
90
-103
138
4
100
74
-30
57
-194
-47
-310
-175
-320
-246
-228
-210
-104
-86
-17
59
-17
151
-78
154
-144
96
-158
28
-105
-10
-16
-9
60
-2
93
-11
88
-45
73
-80
59
-93
42
-79
-8
-64
-100
-79
-219
-141
-316
-218
-347
-263
-298
-232
-201
-121
-114
28
-83
153
-115
208
-175
185
-216
113
-207
32
-147
-33
-62
-85
19
-126
86
-165
140
-192
189
-193
226
-161
235
-110
205
-62
139
-33
56
-18
-19
-5
-75
22
-119
53
-165
66
-221
39
-264
-24
-260
-84
-190
-96
-69
-31
53
98
110
229
71
298
-52
269
-189
159
-273
35
-270
-42
-190
-35
-92
37
-35
119
-40
164
-91
151
-142
100
-153
49
-117
27
-54
37
-1
57
21
60
16
36
6
-7
11
-46
40
-62
83
-48
120
-16
139
19
136
47
121
59
102
63
87
58
78
44
76
24
84
1
104
-14
137
-12
175
13
204
59
204
107
165
136
89
128
-8
70
-98
-23
-153
-127
-152
-211
-93
-246
6
-220
115
-143
196
-41
227
57
205
117
141
129
64
97
-3
35
-42
-33
-44
-89
-12
-112
42
-95
106
-35
154
58
168
153
132
216
53
223
-39
171
-103
87
-106
13
-45
-7
52
30
138
95
168
148
139
153
77
105
23
40
8
-1
33
4
63
45
66
91
30
113
-23
104
-62
91
-59
101
-25
151
9
216
14
264
-23
259
-79
200
-112
115
-105
44
-59
3
-6
-16
21
-43
18
-99
8
-171
23
-222
80
-213
156
-141
212
-30
208
70
135
117
28
104
-66
57
-113
18
-110
11
-82
34
-67
59
-81
59
-118
23
-149
-36
-154
-98
-121
-134
-56
-134
22
-99
97
-33
152
49
177
132
165
190
120
204
58
167
6
95
-8
18
23
-33
85
-46
146
-32
177
-19
170
-26
142
-49
117
-69
103
-66
97
-40
74
-13
25
-11
-37
-42
-76
-83
-64
-93
1
-45
86
57
141
171
137
247
77
262
1
225
-51
171
-62
136
-50
125
-47
119
-71
88
-113
30
-138
-30
-124
-57
-75
-32
-23
35
-1
97
-27
121
-71
104
-98
72
-76
66
-18
102
41
161
61
200
33
182
-16
111
-35
24
5
-30
93
-25
192
27
255
86
263
119
231
110
194
74
179
39
192
26
215
31
224
37
214
30
188
11
159
-8
135
-21
107
-28
69
-40
19
-63
-31
-94
-69
-121
-87
-131
-91
-127
-90
-121
-91
-123
-88
-132
-64
-134
-19
-114
36
-74
76
-35
84
-23
64
-52
45
-105
52
-146
96
-144
151
-100
177
-41
151
-13
82
-33
10
-88
-19
-136
12
-132
81
-72
139
15
154
86
121
108
66
86
25
45
13
7
21
-18
28
-45
21
-82
15
-129
29
-152
73
-123
131
-36
165
81
144
186
65
238
-38
240
-123
214
-162
191
-158
182
-138
173
-121
144
-101
91
-59
45
18
37
112
81
173
144
161
170
71
115
-50
-18
-127
-165
-110
-238
-8
-193
107
-48
148
117
69
203
-106
165
-287
27
-387
-131
-358
-227
-228
-225
-69
-144
49
-46
91
23
74
37
35
8
10
-37
11
-82
34
-121
74
-151
128
-157
201
-126
281
-51
344
55
355
151
304
196
204
170
97
84
28
-18
18
-98
61
-134
121
-127
171
-98
195
-56
192
-9
173
43
130
91
64
116
-27
102
-122
45
-191
-33
-208
-97
-168
-119
-96
-103
-28
-64
13
-37
26
-28
36
-29
59
-14
93
33
115
98
98
151
32
162
-62
121
-145
54
-185
-1
-172
-21
-129
1
-86
46
-62
91
-57
124
-59
151
-58
180
-64
202
-83
205
-118
174
-152
117
-158
61
-123
42
-59
75
-1
139
13
194
-23
203
-83
159
-120
98
-100
66
-25
90
62
156
113
218
109
233
65
189
28
110
33
44
82
21
144
39
177
66
162
73
112
50
59
21
28
9
14
27
-5
54
-48
59
-109
27
-156
-31
-154
-78
-95
-78
-1
-28
81
40
116
83
105
76
74
24
59
-40
80
-81
122
-88
154
-78
155
-76
128
-90
96
-105
87
-93
98
-40
110
42
96
124
48
175
-14
186
-61
180
-65
187
-37
216
-4
251
5
260
-16
220
-46
139
-47
48
-6
-11
64
-24
129
-8
152
4
133
-10
96
-43
83
-59
102
-26
138
59
150
162
107
229
11
233
-95
174
-166
93
-168
35
-120
19
-58
28
-28
25
-35
-19
-58
-100
-57
-175
-13
-208
60
-174
120
-101
120
-35
56
-18
-47
-57
-132
-123
-161
-165
-129
-154
-67
-90
-25
-17
-28
23
-66
3
-101
-56
-86
-110
-13
-119
98
-67
199
18
248
97
238
132
192
124
148
99
136
93
150
117
158
159
132
180
69
150
-6
72
-51
-21
-33
-82
40
-84
129
-33
190
33
191
69
146
62
93
28
71
6
87
31
117
100
120
181
72
230
-18
222
-110
171
-161
115
-151
91
-94
111
-35
156
-4
186
-8
179
-29
136
-36
81
-13
37
28
16
64
6
82
-11
80
-37
86
-55
110
-41
151
20
179
114
170
202
112
251
21
247
-63
204
-108
155
-105
127
-74
119
-45
114
-37
89
-47
35
-54
-28
-49
-85
-29
-120
-13
-141
-18
-170
-45
-219
-71
-276
-71
-311
-29
-296
38
-221
93
-107
100
-3
53
52
-28
48
-98
5
-127
-41
-100
-57
-45
-35
4
4
21
35
2
40
-35
22
-67
0
-83
-8
-85
8
-90
36
-110
59
-146
65
-185
47
-207
21
-202
3
-168
2
-120
14
-81
28
-57
28
-54
6
-59
-35
-64
-84
-64
-131
-59
-168
-54
-199
-57
-226
-62
-245
-59
-246
-37
-214
-6
-139
23
-33
27
81
-11
170
-81
207
-165
190
-226
138
-243
80
-214
36
-155
11
-95
-6
-47
-33
-16
-70
14
-107
49
-125
87
-114
112
-81
103
-47
55
-34
-23
-51
-102
-93
-158
-141
-179
-171
-165
-175
-129
-153
-88
-110
-49
-57
-20
2
-2
60
0
105
-12
131
-35
136
-52
127
-60
118
-54
117
-42
119
-37
121
-40
109
-45
87
-37
71
-7
80
30
115
57
163
51
193
11
184
-41
141
-73
87
-62
62
-20
79
22
129
29
170
-12
170
-88
115
-152
29
-176
-54
-146
-105
-88
-120
-28
-117
8
-118
30
-127
49
-128
79
-107
107
-62
109
-15
67
-1
-12
-39
-94
-113
-140
-192
-128
-228
-69
-206
2
-130
46
-40
42
35
-1
71
-56
77
-97
64
-116
48
-107
34
-84
25
-45
27
1
42
51
74
86
110
92
129
67
112
25
58
-4
-12
1
-64
42
-69
96
-31
128
28
112
73
51
81
-30
53
-101
6
-144
-37
-157
-69
-148
-88
-132
-100
-105
-104
-66
-90
-15
-47
33
21
54
86
29
116
-33
93
-104
24
-144
-54
-132
-103
-77
-100
-16
-55
13
-2
-4
21
-56
5
-103
-34
-112
-59
-77
-38
-18
32
24
120
21
186
-35
197
-110
142
-163
57
-158
-18
-95
-45
-1
-19
79
35
110
72
86
62
28
3
-13
-76
-8
-129
43
-127
111
-72
149
2
131
49
64
40
-15
-20
-62
-88
-49
-124
10
-115
75
-69
109
-28
96
-25
57
-65
27
-121
35
-159
77
-153
132
-102
162
-34
147
25
91
53
18
52
-49
34
-93
11
-111
-4
-103
-4
-74
13
-32
52
11
104
35
153
32
171
2
145
-25
86
-23
30
25
16
102
62
155
139
143
194
52
176
-84
69
-197
-80
-234
-209
-177
-260
-70
-227
22
-151
54
-92
23
-85
-28
-122
-46
-163
-13
-163
54
-112
110
-39
122
20
88
36
37
17
12
-3
21
7
54
54
77
116
66
160
16
162
-49
121
-97
55
-110
-13
-82
-63
-21
-84
59
-71
141
-20
204
56
233
141
211
204
142
226
42
202
-55
147
-125
86
-163
36
-181
-8
-188
-56
-184
-115
-153
-163
-74
-166
45
-98
167
30
240
171
226
262
141
262
30
190
-38
94
-35
40
23
48
81
95
93
129
45
117
-25
64
-74
10
-78
-8
-58
14
-59
39
-102
21
-177
-55
-229
-158
-214
-228
-127
-221
-12
-144
64
-47
65
2
6
-16
-54
-78
-62
-122
-6
-105
71
-31
115
52
88
83
11
40
-61
-49
-73
-124
-10
-137
96
-83
187
6
226
83
209
128
168
141
126
144
95
151
57
147
2
113
-64
42
-115
-47
-122
-111
-83
-124
-25
-86
11
-30
-3
3
-57
-10
-117
-53
-140
-93
-114
-96
-57
-59
-1
-3
28
44
33
67
35
76
50
92
76
117
95
138
89
132
59
83
33
8
38
-59
85
-84
153
-59
200
-14
204
20
161
19
101
-6
64
-20
57
6
61
66
32
124
-54
127
-177
49
-288
-83
-325
-213
-265
-269
-138
-231
-13
-126
46
-25
13
8
-76
-44
-155
-139
-163
-209
-91
-200
19
-112
95
12
93
96
14
99
-88
28
-146
-62
-121
-111
-27
-86
79
-4
139
80
126
116
59
83
-10
12
-40
-54
-21
-82
21
-69
50
-40
47
-22
20
-21
-4
-16
-4
14
10
76
6
143
-37
173
-115
141
-192
56
-218
-35
-172
-74
-71
-41
26
42
64
118
20
130
-81
64
-177
-51
-217
-158
-185
-210
-105
-194
-22
-133
27
-62
34
-9
15
15
-4
21
-6
17
13
12
49
11
98
21
152
47
197
81
214
107
189
97
122
30
44
-86
-2
-211
13
-288
88
-282
181
-194
233
-68
207
34
107
74
-23
52
-123
7
-164
-17
-153
-4
-119
37
-104
71
-115
78
-138
53
-146
18
-126
-1
-88
3
-47
23
-21
46
-13
70
-16
95
-27
125
-49
148
-90
146
-141
109
-180
49
-175
4
-114
9
-21
79
54
180
66
254
1
248
-100
156
-174
22
-165
-82
-71
-106
64
-40
169
67
199
154
149
181
63
149
-13
90
-47
38
-46
5
-37
-23
-38
-64
-39
-117
-18
-160
33
-156
105
-97
161
1
159
94
88
136
-29
117
-145
54
-214
-6
-224
-25
-192
3
-159
59
-154
105
-185
115
-224
90
-244
52
-223
35
-171
52
-115
95
-86
134
-100
137
-143
95
-183
23
-189
-38
-149
-59
-86
-32
-37
15
-37
39
-81
6
-139
-75
-158
-165
-107
-204
-3
-167
103
-74
148
14
109
33
13
-37
-69
-153
-76
-243
9
-237
136
-135
225
7
216
107
113
110
-21
27
-105
-78
-98
-136
-21
-117
64
-53
95
-2
55
-18
-18
-92
-66
-184
-59
-240
-7
-240
40
-209
48
-185
10
-194
-35
-222
-52
-228
-30
-185
7
-98
8
-13
-46
19
-132
-18
-199
-95
-201
-151
-134
-148
-35
-89
28
-18
26
11
-35
-25
-104
-106
-139
-190
-113
-227
-53
-210
3
-161
31
-111
30
-76
22
-53
30
-20
62
35
98
107
116
170
102
199
57
177
5
106
-33
8
-40
-95
-13
-179
40
-226
103
-222
153
-177
163
-110
117
-55
18
-42
-103
-75
-212
-136
-266
-190
-255
-204
-192
-170
-115
-104
-49
-36
-11
13
15
40
41
56
70
69
92
80
93
73
66
33
30
-27
1
-85
-4
-118
6
-121
6
-107
-16
-100
-57
-120
-85
-149
-76
-156
-22
-118
49
-37
99
51
98
100
49
88
-11
21
-43
-61
-25
-117
28
-128
78
-109
99
-90
78
-93
37
-119
11
-146
22
-143
71
-86
136
27
186
171
190
308
132
400
22
408
-112
325
-225
168
-268
-10
-215
-139
-74
-174
102
-104
231
22
255
127
163
146
-1
59
-159
-90
-238
-228
-211
-293
-110
-261
5
-156
78
-34
91
64
57
118
9
134
-28
122
-39
103
-28
78
4
64
51
73
100
110
129
164
112
199
40
186
-67
113
-166
7
-214
-83
-201
-119
-157
-97
-133
-58
-158
-52
-218
-99
-267
-173
-256
-217
-181
-192
-83
-105
-26
-10
-37
28
-103
-8
-151
-83
-129
-124
-31
-80
91
35
161
160
139
220
48
185
-40
91
-61
12
0
1
100
61
168
143
160
185
92
163
8
100
-36
42
-38
16
-23
16
-23
10
-50
-30
-80
-92
-74
-139
-19
-143
57
-98
113
-42
119
-23
88
-49
62
-96
72
-119
117
-91
157
-29
145
21
71
18
-36
-37
-120
-101
-148
-127
-132
-92
-116
-28
-141
13
-206
-1
-267
-57
-270
-105
-200
-97
-86
-28
13
54
51
93
35
57
16
-28
46
-100
139
-107
257
-38
331
60
313
125
205
119
63
52
-58
-36
-122
-95
-133
-104
-119
-69
-109
-15
-112
48
-122
112
-135
173
-156
217
-188
223
-223
180
-235
105
-193
47
-91
42
39
103
140
195
161
256
100
242
-8
151
-99
30
-128
-68
-98
-101
-47
-81
-22
-42
-43
-23
-93
-28
-139
-45
-161
-49
-158
-33
-153
-12
-158
-8
-169
-23
-166
-45
-133
-49
-77
-28
-25
3
1
14
0
-8
-5
-53
16
-91
71
-88
132
-51
162
-17
139
-24
77
-84
28
-168
29
-223
86
-208
158
-129
188
-33
141
13
34
-18
-76
-104
-128
-185
-96
-204
-10
-148
71
-47
95
37
52
62
-27
21
-86
-49
-93
-107
-42
-114
31
-71
86
-6
93
51
49
73
-25
50
-102
-4
-153
-64
-161
-102
-129
-96
-81
-45
-45
30
-49
95
-103
107
-187
59
-264
-37
-293
-140
-259
-211
-177
-233
-83
-220
-13
-198
28
-181
52
-163
78
-119
105
-40
107
57
52
124
-67
117
-214
25
-321
-104
-332
-197
-240
-190
-95
-82
22
75
48
194
-23
221
-132
160
-204
66
-198
8
-123
21
-37
81
6
144
-18
161
-78
132
-129
88
-139
65
-119
78
-101
106
-112
109
-149
71
-174
9
-155
-33
-83
-22
7
37
65
102
62
118
13
69
-32
-19
-19
-81
61
-64
165
33
226
159
189
233
61
204
-92
82
-185
-63
-165
-148
-46
-120
104
0
199
149
194
243
99
242
-19
159
-92
57
-88
-6
-27
-4
38
41
54
78
8
66
-74
-4
-135
-93
-144
-157
-89
-159
-5
-94
67
5
94
101
71
163
22
185
-26
177
-51
156
-47
135
-21
119
18
111
64
118
111
138
146
171
158
201
134
211
81
185
18
132
-26
74
-35
45
-11
62
19
109
21
157
-16
168
-76
132
-120
66
-112
16
-44
17
58
73
144
158
173
222
141
231
76
181
19
103
1
37
17
1
45
-6
56
-11
38
-28
11
-54
-1
-69
16
-40
42
28
50
110
14
162
-65
155
-147
92
-187
16
-152
-24
-55
-1
58
74
136
153
149
194
111
171
64
107
44
38
61
1
95
-3
108
1
74
-25
5
-100
-65
-204
-93
-293
-63
-325
7
-286
76
-194
102
-93
69
-21
-4
8
-79
6
-129
-1
-141
8
-132
35
-124
66
-129
84
-146
78
-165
60
-173
33
-169
9
-159
-21
-152
-57
-143
-107
-118
-155
-68
-180
7
-170
90
-119
157
-51
187
8
180
42
153
45
129
37
122
33
127
37
128
40
111
24
84
-16
62
-69
63
-105
92
-102
124
-62
124
-18
69
-12
-36
-74
-148
-192
-214
-320
-197
-393
-103
-371
12
-260
83
-110
68
6
-32
41
-161
1
-255
-68
-264
-97
-193
-51
-92
70
-24
211
-32
310
-111
325
-213
257
-283
143
-282
35
-210
-34
-102
-59
5
-60
83
-62
129
-72
156
-86
175
-89
186
-80
175
-69
141
-66
88
-80
38
-93
14
-83
13
-30
23
57
11
147
-40
197
-119
189
-188
129
-208
57
-156
14
-49
25
72
77
159
132
185
153
162
117
117
37
85
-62
88
-146
123
-194
175
-202
221
-169
252
-110
252
-40
221
25
161
66
80
71
2
44
-52
5
-62
-22
-39
-23
-5
-8
18
1
16
-16
4
-62
8
-110
49
-127
122
-92
190
-13
221
68
194
115
127
112
61
80
30
53
40
58
65
86
70
105
42
83
-4
18
-29
-57
-7
-97
52
-75
104
-10
98
44
18
42
-110
-35
-225
-148
-271
-242
-234
-263
-152
-206
-80
-111
-54
-28
-81
9
-124
4
-143
-18
-121
-23
-69
-6
-17
22
12
33
13
18
4
-20
4
-60
18
-86
41
-93
57
-84
59
-73
46
-58
23
-43
-9
-37
-51
-49
-95
-87
-127
-144
-124
-197
-74
-212
13
-166
103
-72
146
33
117
98
21
87
-102
8
-191
-98
-215
-177
-171
-199
-89
-154
-18
-76
18
2
13
54
-16
72
-39
67
-42
49
-18
34
28
28
85
35
140
54
180
76
192
87
170
72
127
24
79
-44
53
-105
57
-135
82
-127
109
-93
117
-52
104
-21
87
3
83
37
100
91
117
160
113
216
74
233
11
194
-48
117
-72
35
-54
-26
-9
-57
39
-73
76
-83
104
-86
141
-57
192
25
235
154
230
286
142
358
-18
325
-187
197
-292
37
-287
-72
-177
-83
-37
-9
51
76
42
96
-40
20
-119
-117
-119
-233
-18
-245
141
-139
268
37
288
190
192
248
29
205
-110
107
-165
33
-129
33
-53
100
-6
183
-30
218
-109
177
-190
82
-219
-17
-174
-62
-76
-37
13
35
53
103
26
121
-40
86
-98
21
-115
-33
-83
-48
-28
-25
15
11
23
30
-1
14
-31
-28
-42
-72
-21
-96
18
-91
58
-64
69
-37
51
-25
11
-37
-37
-66
-78
-105
-101
-142
-105
-170
-91
-180
-57
-166
-16
-121
23
-49
44
30
30
95
-17
122
-81
108
-135
71
-158
32
-146
13
-110
18
-71
33
-48
38
-39
22
-27
-7
4
-33
62
