-310
199
228
203
-311
-243
-233
280
-327
-205
298
156
-173
314
314
120
99
-349
79
-356
-87
346
-66
351
346
23
348
5
-376
8
18
357
-64
-358
62
351
-361
92
-127
-344
-346
133
316
-154
306
-173
180
308
284
-207
215
283
-253
-269
246
256
-248
273
276
226
-307
-203
300
192
313
170
323
151
124
-337
106
-344
-99
348
65
-354
-55
357
-36
358
-365
-9
-18
-362
-40
-360
48
358
71
353
-352
95
112
342
-139
-336
-331
153
169
315
-195
-307
206
294
-284
224
-247
-272
251
252
-242
270
218
-286
-303
-206
-190
308
-323
-171
325
149
128
-339
340
110
-354
-91
351
69
49
-360
28
-362
-8
360
-361
14
-34
-363
55
354
74
351
346
-98
-118
-345
-334
134
-157
-329
173
313
305
-195
292
-212
278
-231
-245
-269
256
251
237
-274
220
-287
-301
-205
-187
310
167
-321
-150
329
128
-337
341
107
349
88
69
-356
356
47
-363
-28
360
6
-364
13
34
359
-359
56
-356
76
-350
98
339
-118
136
332
-327
157
175
317
-194
-306
292
-212
-229
-281
-267
243
-255
259
-276
-238
-223
287
298
204
-188
310
-322
-168
147
-328
-132
338
-110
344
86
-349
353
69
45
-358
-3
-1
1
1
0
-1
1
-2
0
-1
-1
-1
-1
0
-2
-3
-1
-1
0
-3
-1
-1
0
-1
-1
-1
-4
-1
-1
-1
-1
-1
0
0
-1
-1
-3
-1
-1
-2
0
0
-2
-1
-1
-2
-1
-2
-1
-1
-2
-1
0
-1
-1
-1
-1
-1
-1
-1
-2
-1
-3
0
-1
-2
-2
-1
-4
0
-1
0
-1
-1
-1
-1
0
-1
-1
-1
-1
-1
-2
-1
-1
-1
-1
-1
-1
-1
0
0
-2
-1
0
0
-1
-1
0
-1
0
-2
-1
-1
-1
-1
-1
0
-1
-1
-1
-1
0
-1
-1
1
0
0
-3
-1
-2
-2
-2
-1
0
-1
-1
0
1
-1
-1
-1
-2
-1
-1
-1
0
-2
-1
-1
-1
-1
1
0
-1
-1
-1
-1
0
-2
-1
-3
-1
1
1
0
-2
0
0
-1
-1
-1
-3
0
-1
-1
-3
-1
-3
-2
-1
-2
-1
-1
-1
0
-1
-1
-1
-1
-3
-1
-1
-1
-1
0
-3
-1
-3
-1
-3
0
-3
0
-3
-1
-2
0
-1
1
-3
0
-2
0
-1
0
-4
-1
-1
0
-1
0
-3
-1
-3
0
-3
1
-1
-1
-1
0
-1
1
-3
1
-2
-1
-1
1
-1
1
-1
0
-1
1
-1
-1
-1
2
-1
0
-3
0
-2
1
0
0
0
-1
-1
1
1
-1
-1
0
-2
-1
0
0
-1
-1
0
-1
-1
-1
-1
1
0
0
-1
-1
0
1
-1
-1
0
-1
0
0
-1
-1
-1
-1
-2
-1
0
-1
0
0
-1
-1
0
-1
-1
0
-3
-1
-1
-3
0
-1
-1
0
-1
-1
-1
-1
-1
-1
-2
1
-1
-2
-3
-1
-1
-2
-2
-1
-1
-1
0
-1
-1
-1
-2
0
-1
-1
-1
-1
-1
-1
-1
-1
0
-3
-1
0
-2
-2
-1
-1
-3
-1
-2
-1
-1
-2
-1
-3
-1
-2
-1
-3
0
-1
-2
-1
-1
-3
-1
-2
-1
-1
-4
-2
-3
-1
-1
-1
-2
-2
-4
-1
-3
-2
-2
-2
-1
-1
-3
-1
-1
-1
-1
-2
-4
0
-1
-1
-1
0
-2
-3
-1
0
-1
0
-2
0
-3
-1
-2
0
-4
0
-1
1
0
0
-4
1
-1
0
-2
-1
-2
0
-2
1
0
0
-2
-1
-1
0
-1
-1
1
1
-1
0
-1
0
-2
0
-1
-2
-3
0
-3
0
-1
0
0
-1
-1
1
-1
-1
-1
0
-1
1
-1
-1
-1
1
-1
1
-1
0
1
1
-2
-1
-1
0
0
0
-1
1
-1
1
-1
1
-1
0
-1
-1
-1
-1
-1
-1
-1
-1
-1
0
-1
-1
0
0
0
-1
1
1
0
-1
-1
0
-1
0
0
-1
-2
-1
0
0
-1
-1
0
0
-1
-1
-1
0
-1
0
-1
-1
-1
-1
-1
0
1
-1
-1
-1
-1
1
0
0
-1
0
-1
0
-2
-1
-1
-2
0
2
-3
1
-1
0
0
-1
-1
-1
-1
1
-2
-1
-1
-1
-3
-1
-1
-1
-1
1
-2
-2
-2
1
-1
1
-1
-2
-2
-1
-1
-1
-1
1
0
0
-1
-1
0
-1
-1
1
-1
1
-2
-1
-3
-1
-2
-1
-1
1
0
-2
-2
1
-1
0
-1
-1
-1
0
-1
1
0
-1
-1
-3
-1
-2
-3
0
-2
0
-2
0
-2
-1
-2
-1
-1
-1
-1
-1
0
1
1
1
-1
0
1
-1
-1
0
-1
1
-1
-1
1
-1
-1
1
-1
1
0
0
-1
0
-1
-1
-1
0
-1
2
-3
0
-1
0
-2
0
-1
-1
-1
0
-1
-1
-3
0
-1
-1
-1
0
-2
-1
0
0
-1
-1
-2
-1
-1
-1
-1
-1
0
-1
-1
-1
0
-1
0
-1
-1
0
-1
-1
-2
-1
-3
-1
-1
0
-1
-1
0
-1
-1
0
0
-1
-1
-1
-1
0
-1
1
-1
0
0
-1
-3
-1
-1
-1
-2
-1
0
0
-2
-1
-1
-1
0
0
-2
-1
-1
0
0
-2
1
1
-2
-1
-1
0
-1
-1
-1
0
-2
0
0
-1
-3
0
0
-1
-1
1
-1
-1
-1
-1
0
-1
-1
-1
-1
0
-1
-2
-1
-1
-1
0
-2
-1
-1
0
-2
0
0
0
-1
-1
-1
0
-2
-1
-1
-1
-1
-1
0
0
0
0
0
-1
0
-1
-1
-1
0
0
-1
0
0
0
-1
0
-1
-2
-3
0
-1
1
-1
-1
-1
-1
-1
-1
-2
0
-1
0
-1
0
-1
-1
-1
1
-2
1
-2
0
1
-1
-1
-1
-2
1
-1
0
-1
1
-3
-1
-1
-1
-1
0
-1
-1
-1
0
-1
-1
0
-1
-1
0
-1
0
-1
-2
-1
-1
-1
0
-1
-1
-1
-1
-1
-1
-1
1
-1
1
0
-1
-1
0
-1
-1
-1
0
-1
0
-1
0
-1
-1
-1
0
0
0
-2
-1
-1
0
-1
-1
0
1
-1
1
-2
0
0
-1
-1
2
0
-1
-2
-1
-2
1
-1
0
-2
-1
-1
0
-1
-2
0
-1
-3
-1
0
0
-2
-2
-1
-1
1
-1
-1
0
-1
0
0
-1
-1
-1
-1
0
-3
-1
0
0
0
0
0
-1
-2
2
-1
1
0
-1
-4
-3
0
-1
-1
-1
-1
-1
-1
-1
-1
-1
1
-1
0
-1
-1
0
-2
1
-1
-1
-1
0
-1
1
-1
-1
-1
-1
-1
0
-3
-1
-1
1
-1
-2
-1
0
-1
0
-1
0
-2
1
-1
-1
-1
-1
-2
0
0
-1
-1
0
0
0
-1
0
0
0
0
1
-1
2
-3
1
-1
1
0
-1
-1
0
0
0
-2
1
0
-1
0
-1
-1
-1
0
-1
0
0
1
-1
-1
0
0
1
-2
-2
0
0
-1
-1
-1
-1
0
0
-1
-1
-1
-1
-1
1
0
0
-1
-1
-1
0
0
-1
-2
0
-1
1
-1
-1
-2
-1
-1
0
-1
-1
-2
1
-1
0
-1
-1
-1
1
-1
0
-1
-1
-1
0
-1
0
-1
-1
-1
-1
-1
0
-1
0
-1
-1
-2
-1
-1
0
-2
0
-1
-1
-1
1
-1
0
-1
-1
-1
-1
-1
0
0
1
-1
-1
0
0
-1
-1
1
0
-1
1
-1
1
0
0
0
1
-2
1
-2
-1
-1
-1
0
-1
1
0
-1
0
0
-1
-1
1
-1
0
-1
1
0
-1
-1
1
1
-1
1
0
-1
1
-1
-1
-1
-1
-1
0
-1
-1
-1
1
-1
-1
-1
1
-1
1
1
1
-1
-3
0
-1
-1
-1
0
1
-1
0
-1
1
0
1
1
0
1
-2
0
-1
1
-1
-1
-1
0
-1
-1
-1
-1
-2
-1
-1
0
-1
-1
1
-1
-1
-1
-1
-1
-1
-1
-1
-1
-3
1
0
-1
-1
-1
1
-2
1
0
0
-1
-1
-1
-1
-1
1
-2
0
-2
0
-3
1
-2
1
0
1
-1
0
-3
1
-1
1
-2
-1
-1
-1
-1
-1
0
1
0
-1
-1
-1
0
0
0
1
-1
0
0
-1
1
-1
-1
-1
-1
0
-1
2
-1
0
-1
1
-1
-1
-1
1
1
1
2
1
-1
-1
1
-1
-1
-1
1
-1
-1
1
-1
0
-1
1
1
1
-2
-1
0
-1
0
0
-2
-1
-2
1
-2
0
-1
1
0
-1
0
1
-1
1
0
0
1
0
-1
-1
0
0
-1
0
-1
0
-2
-1
-1
1
-2
1
-1
0
-2
1
-1
-1
0
-1
0
1
-1
-1
-1
1
-1
-1
-1
-1
1
-1
-1
0
-1
0
0
-1
-1
-1
-1
-2
-1
-1
-1
1
-1
1
-1
-1
-2
-1
-1
-1
1
-2
-2
1
-1
-1
0
-1
-1
0
-1
-1
1
-1
0
-1
-1
0
-1
1
0
0
0
0
-1
0
-1
1
0
1
0
-3
-2
-1
-1
-1
1
-1
0
-1
-1
0
0
-1
-1
0
-1
-1
0
1
-1
-1
-1
0
-1
-1
-1
-1
-1
0
-1
-2
-1
-1
-1
0
-1
-2
-1
0
-1
0
-1
1
0
1
1
0
-3
0
-1
1
-1
0
-1
-1
1
-2
-1
-1
-1
1
0
0
-1
0
0
-2
-1
1
0
-1
0
0
-2
-1
0
-1
-1
-1
0
1
-1
-1
-1
-1
1
-1
1
1
-1
-1
1
-1
1
0
-1
1
-1
-1
1
1
-1
-1
-1
-1
0
0
0
1
0
0
-1
1
-1
-1
-1
-2
-1
-1
1
-1
0
0
0
-1
1
-1
-1
-1
0
-1
-1
-1
-1
-1
-2
-1
-1
0
-1
-1
-2
-1
0
-1
1
-1
1
-1
-2
-1
-2
1
-1
-1
-1
0
1
-1
0
-1
-1
0
-1
-1
0
-1
-1
0
-1
0
-1
0
0
1
-1
-1
1
0
0
0
0
-1
-1
0
0
-1
-3
-1
-1
0
0
-1
-2
0
0
-1
-2
0
-1
-1
-1
-1
1
0
-2
-1
-1
-1
-1
0
-2
-1
-2
1
-1
0
-1
0
1
-1
-1
-1
-1
0
-1
0
-1
0
-1
0
1
0
-1
-2
-1
0
-1
1
-1
-1
1
-1
0
-1
-1
1
1
0
0
-1
-1
1
2
0
-1
2
-1
0
1
-1
-2
0
0
0
-1
-1
-2
1
-2
-2
1
-1
1
2
0
-1
0
1
-1
0
-2
1
-1
1
-2
1
0
1
-1
-1
-1
0
-2
0
0
-1
-1
1
1
-1
-1
-1
1
-1
-2
-1
0
0
-1
-1
-1
0
-1
-1
0
-1
-1
-1
0
-1
1
0
-1
1
0
-2
-1
-1
-1
-1
-1
-1
0
-1
1
0
0
0
0
-1
-1
-1
0
-1
-1
0
-1
-1
-1
-1
1
0
-1
0
0
0
-1
-1
1
-1
0
1
1
0
0
-1
-1
-2
1
-1
-1
-1
0
-1
0
-1
0
0
1
0
-2
-1
2
0
0
-1
0
-1
0
-1
1
0
-1
1
0
-1
0
0
0
-1
0
0
1
1
-1
-1
1
-1
-1
-1
-1
-1
-1
-1
-1
-1
-1
-1
1
1
-1
2
-1
0
-1
1
1
-1
-1
-1
0
-1
-1
0
1
-1
1
-1
1
0
-1
-1
-1
-1
-1
-1
0
1
1
-2
0
-1
-1
-2
0
1
1
0
-1
-1
-1
-1
-1
-1
1
1
-1
1
-1
0
0
-1
-1
-3
-1
0
0
-1
-2
0
0
-1
0
-1
-1
-1
1
0
0
-1
-1
0
-1
-1
0
-1
0
0
0
-2
0
-2
-2
0
-1
0
1
1
0
-2
0
-2
1
-1
1
-1
-1
0
0
-1
0
-2
-3
-1
-1
-1
-1
0
1
-1
1
1
0
0
-2
1
-1
0
-2
-1
-1
1
0
-2
1
-1
-1
-1
0
-1
-3
-1
-1
0
0
1
-1
-1
-1
-1
0
0
-1
1
-1
0
-2
1
1
-1
1
-1
0
-2
1
0
-2
-1
0
0
-1
-1
-1
1
0
-1
0
-1
-1
0
-1
0
1
0
-3
0
-1
1
0
1
0
-1
1
-1
0
1
1
-1
-1
0
-1
1
1
0
0
-1
1
-1
0
-1
0
-2
1
-1
0
0
0
-1
1
1
-1
-3
0
0
1
0
0
0
1
-1
0
-1
1
0
0
-1
-1
-1
1
0
0
-1
0
1
2
-1
1
0
-1
0
1
-1
-1
-1
-1
-1
0
-1
0
-1
-1
-1
1
0
-1
-1
1
0
-2
-1
-1
-1
1
-1
0
-1
-2
-1
-2
-1
1
-1
-1
0
1
0
-1
0
1
-2
-1
-1
0
-1
-1
-1
-1
0
-2
-1
-1
0
0
1
-1
-1
1
0
-1
0
1
-1
-1
-1
0
1
-1
-1
-1
0
0
-1
-1
0
0
-1
0
-1
0
-3
-1
0
-2
-1
-1
0
0
-1
0
-2
0
-1
-1
-1
-1
-2
-1
-1
-1
1
-1
0
-1
-1
0
-2
-1
-1
1
0
1
-1
1
0
-1
-1
0
-1
1
0
-1
0
-2
-1
2
-1
-2
-2
0
1
0
-3
1
-2
0
-2
0
-1
0
-2
-1
-1
-1
-2
-1
1
1
1
1
0
1
0
-1
0
-1
0
1
-1
-1
-1
0
-3
1
-1
1
1
-1
0
1
-1
-1
-1
1
1
1
1
1
1
0
0
0
-1
0
-3
0
-1
-1
-1
0
-1
-2
-1
0
0
1
0
-1
0
0
-1
0
0
1
0
0
-1
-1
-1
0
-1
0
0
0
0
0
-1
0
-1
0
-1
0
0
0
0
-1
-1
-1
0
-1
-2
1
-1
-1
-3
1
-1
0
-2
-1
-1
0
-2
0
0
-1
-1
1
-1
-1
-1
-1
-1
-1
-1
0
-1
0
-1
1
-1
-1
-1
0
-1
-1
-1
-1
-2
-1
1
-2
-2
1
-1
-1
1
-1
-1
0
-1
0
-1
1
-1
0
0
1
-1
0
-1
0
-2
1
-1
1
0
-1
0
1
-1
1
-1
-1
-1
1
-1
-1
-1
1
-1
0
0
0
-1
-2
-1
-1
-1
0
0
0
-1
-1
-1
-1
0
0
-1
-1
0
1
-1
0
-1
1
-1
-1
-1
0
1
1
0
-1
1
0
-1
-1
-1
-1
-1
0
-1
0
-1
0
0
0
-1
-2
1
-1
-1
-1
-1
0
-1
-1
-1
0
-1
0
0
1
1
1
-1
1
-1
1
0
-1
0
1
0
1
-1
1
0
1
-1
-1
-1
0
-1
0
-2
1
-3
0
-2
1
-1
0
0
1
-1
0
-2
0
-2
-1
-1
1
-1
-1
-1
-1
-1
1
0
-1
-1
-1
-1
1
-1
-1
-1
0
-1
-1
0
1
-1
-1
0
-1
-1
-1
0
-1
-1
-1
-1
0
0
-1
-1
0
-1
0
-1
-1
-1
-1
-2
0
-2
0
-1
-1
0
1
0
-1
-2
1
1
-1
-1
-1
-1
0
-1
-1
-1
-1
0
-1
-1
-1
-1
1
-1
1
1
0
-1
1
0
-1
-1
1
-1
-1
-4
-1
-1
0
0
-1
0
-1
-1
0
-1
0
-1
-2
0
0
0
0
-2
0
-1
-1
-1
0
1
-1
0
-1
-1
-1
-2
1
-1
1
0
1
0
0
-1
-1
-1
-1
0
-1
-1
0
-1
-1
1
-1
0
1
-1
0
-2
0
-1
0
-1
0
0
-1
-1
-1
-1
-1
-3
-1
-1
0
1
-1
0
-1
-1
-1
0
-1
-1
-1
-1
0
-1
1
0
0
0
-1
-1
-1
-1
1
-1
1
-1
-1
-2
-1
0
-1
-2
0
0
1
-2
-1
0
-1
-2
1
-1
-1
0
1
-1
1
-1
-1
-1
0
-1
1
-1
1
-1
-2
-1
0
-1
1
0
0
-1
-1
-1
-1
-1
0
0
1
-1
0
-1
0
-1
0
-1
0
-1
0
-1
1
-1
-1
-1
1
-1
-1
-1
1
1
-1
-1
-1
-1
-1
-1
0
0
0
-2
1
-2
-1
-1
0
-2
0
-2
1
0
-1
-1
0
-1
-1
0
-1
-1
1
1
0
-1
0
-1
-1
-1
0
-1
-1
-3
0
0
-1
-1
-2
-1
0
0
-1
-2
0
0
-1
-1
1
-2
0
-1
-1
0
-1
-1
0
0
1
-1
-1
-1
1
-1
1
-1
-2
-1
-1
-2
-1
-1
-1
0
0
-1
-1
-1
0
0
0
-1
0
0
-1
0
1
0
-1
-2
-1
-1
-1
-1
-1
-1
1
-3
0
-2
-1
-2
0
-2
-1
-1
1
-1
-1
-1
0
-2
-3
-4
-1
-3
0
0
0
-2
0
-1
-1
-2
1
0
-1
-1
0
-1
-1
0
1
0
0
-1
-1
-1
-1
-1
0
-3
-1
0
0
-1
0
-2
-1
-3
-1
-1
1
-1
-1
-2
-1
-1
-1
-4
-1
-1
-1
0
-1
-1
0
-2
2
-1
-2
-1
1
-2
0
-1
-1
-2
0
-1
1
-1
0
-2
-1
-1
0
-1
0
-1
1
0
0
-1
-1
-1
0
-1
0
-1
1
-1
-1
-1
-1
-1
1
0
1
-2
0
-1
-1
-1
-1
-1
1
-2
-1
-1
0
-1
-1
-1
0
-2
-1
0
0
0
0
0
0
-1
0
-1
0
-3
0
-1
0
-1
0
-1
-2
-1
-1
-1
0
-3
-1
-1
-1
-2
-1
0
0
-2
-1
-1
-1
-1
0
-2
0
-2
0
-3
0
-1
-1
-1
-1
-1
1
-2
-1
-1
-2
-2
-1
-2
-1
-2
-1
-3
-2
-1
-1
-2
-1
-2
-2
-3
-1
-1
0
0
-1
-1
-1
-1
-1
0
-1
-1
-1
-1
1
-1
-1
-1
-1
0
0
0
0
-1
-1
-2
-1
-3
0
-1
1
-3
0
0
0
-1
-1
-1
-1
0
1
-1
-1
-1
0
-1
0
-1
0
0
-1
-1
0
-1
-2
0
-2
-1
-1
-1
-1
-2
0
-1
-1
-2
0
-1
1
0
0
-3
-1
-1
0
-1
0
-1
-1
-2
1
-1
0
-1
-2
-2
0
-1
-1
0
-2
-1
-1
-2
-1
-2
-1
-1
0
-1
-1
-1
0
-3
0
-2
1
-2
1
0
-1
-3
-1
0
1
-1
0
-2
-1
0
-1
-2
0
-1
1
-1
-1
-1
0
-1
-1
-1
-1
-1
-1
-4
1
-3
0
-1
-1
-1
-1
-1
0
-1
-1
-1
-1
-2
-2
-3
0
0
0
-1
-1
-3
0
-1
-44
356
-361
-26
-363
-4
-361
17
358
-41
-63
-358
81
351
345
-103
122
337
-142
-334
159
322
-316
178
300
-199
-216
-292
-279
230
-264
245
247
-264
232
-276
-288
-218
-202
298
311
179
-164
321
-145
330
339
124
103
-344
-85
352
356
62
41
-359
-24
359
-363
-2
-361
18
-40
-359
-63
-356
351
-84
-105
-348
339
-124
143
332
323
-163
-315
180
-198
-304
289
-216
276
-233
-248
-266
-264
-249
-232
274
-290
-217
-199
300
-181
309
162
-324
144
-333
124
-339
-346
-104
83
-353
-356
-63
359
41
-21
359
0
-361
-22
-360
43
357
63
354
83
351
346
-105
339
-125
-144
-332
-321
162
181
310
-199
-303
216
286
-233
-277
250
260
249
-264
233
-280
215
-291
198
-303
182
-315
163
-326
331
140
-339
-124
-346
-103
351
81
355
60
-360
-44
-19
360
-362
0
-361
21
42
357
66
354
-351
82
105
342
127
337
330
-145
321
-165
-312
180
-202
-305
-289
216
275
-234
-250
-264
264
245
277
229
-292
-217
-198
300
-315
-180
-323
-162
332
138
339
119
347
99
-83
351
356
59
357
35
-361
-21
-361
-2
361
-25
-359
42
-65
-358
-353
82
-346
103
124
337
-146
-331
-165
-324
313
-185
-202
-301
-290
216
-235
-277
-251
-262
-266
-247
-281
-230
211
-293
194
-305
-180
315
-163
324
332
139
340
119
345
100
-81
351
354
59
37
-361
-361
-18
2
362
358
-24
357
-47
65
354
350
-88
-345
105
-339
127
144
330
-167
-322
310
-186
-301
201
-219
-287
235
274
-260
250
-245
264
279
228
-292
-214
-194
303
-177
313
325
158
141
-334
339
119
-349
-100
351
78
-59
356
-37
358
16
-362
4
358
-361
25
47
357
-354
66
-350
88
109
342
337
-129
-148
-332
168
318
-186
-313
-298
203
288
-221
-273
235
-252
-261
-267
-246
281
227
-293
-214
194
-305
-177
313
156
-325
136
-335
-341
-120
-347
-100
-78
351
-356
-59
35
-362
360
13
6
360
-362
27
-358
48
-356
66
-91
-352
-110
-346
337
-130
-331
148
321
-170
-187
-311
-299
200
286
-223
273
-239
250
255
243
-269
226
-283
-213
293
-195
304
174
-319
-158
322
-137
331
-344
-119
-349
-100
76
-354
356
54
-37
357
359
12
361
-8
-361
26
-359
46
68
354
90
348
-346
110
336
-131
-151
-330
316
-170
307
-190
-206
-298
-288
221
-240
-274
-255
-259
-269
-244
279
226
-212
292
-194
305
172
-317
325
153
-137
333
-344
-117
93
-349
-76
351
-57
358
33
-360
-361
-13
-11
-363
26
359
356
-50
-355
71
-351
91
-344
112
-133
-337
-330
151
-171
-319
309
-188
-206
-296
284
-222
-238
-272
-256
-256
269
241
-281
-225
-296
-208
192
-306
-173
317
325
154
335
135
116
-344
-94
347
-353
-74
358
54
34
-361
14
-362
11
359
32
358
-50
-359
356
-73
93
346
346
-114
-130
-338
329
-154
173
317
-187
-312
-294
204
-220
-286
272
-243
-255
253
242
-271
225
-287
-206
291
-189
306
-172
314
155
-333
-335
-139
115
-349
-349
-98
354
69
52
-361
-359
-36
-361
-16
-362
6
356
-37
-52
-363
71
348
346
-98
339
-118
-136
-341
149
322
-322
168
-192
-310
-211
-298
-226
-286
240
267
