-310
199
198
-306
257
204
269
190
-327
-206
-191
304
-351
-165
-358
-146
99
-351
337
86
-368
-79
-372
-59
345
24
-375
-16
-25
-366
-375
28
-64
-359
-86
-357
-107
-352
-128
-344
-347
133
-339
153
-184
-315
180
306
284
-209
271
-224
258
-240
-266
-253
-249
274
213
-283
-307
-204
-317
-186
312
170
-158
327
126
-337
337
111
-98
349
349
69
353
50
25
-361
-365
-8
7
361
28
358
-59
-356
70
354
-100
-349
-346
117
332
-136
-330
154
314
-175
187
305
-213
-295
-286
225
238
268
-260
-255
-276
-240
220
-286
204
-301
-313
-187
316
168
326
149
-341
-132
-114
342
-93
347
351
69
-49
356
-363
-29
361
5
-362
13
358
-35
-56
-359
352
-78
346
-99
-345
116
135
332
154
324
173
315
190
303
209
293
225
279
-243
-269
-255
256
-240
269
-288
-222
-299
-205
309
185
-322
-170
148
-331
128
-337
109
-347
88
-351
-356
-69
356
47
358
27
-9
358
-17
-363
35
356
-58
-357
350
-77
96
348
339
-119
332
-138
324
-157
-320
176
-194
-305
292
-212
226
281
-245
-267
-254
257
-273
-238
286
221
201
-298
-187
310
320
165
-332
-149
-131
337
-110
344
-89
351
66
-354
45
-358
-2
-1
-1
-1
-1
-1
-1
-1
-1
1
-1
-1
0
-1
-1
-1
-1
-1
-3
-1
-1
-1
0
-1
-1
-2
0
-1
0
-1
-1
-2
-1
-1
-2
-1
-1
0
0
0
-1
-1
-1
0
-1
-1
-1
-1
-1
-1
-1
-1
-1
1
-1
1
-3
-1
-1
-1
-1
0
-1
-1
0
0
-1
-1
-1
0
-2
0
-1
-1
1
-1
0
-1
-1
0
-1
0
0
1
-1
-1
-1
-1
0
-2
-1
-1
-2
-2
-1
-1
-2
-1
-1
-2
-1
0
-2
-1
-1
0
-1
-1
0
-1
-1
0
-1
0
-3
-1
-2
-1
-1
-1
-2
-1
-2
1
-3
-1
-2
1
0
-1
-1
-1
-1
0
-1
-1
0
-3
-2
-1
0
-1
-1
-1
0
-1
0
-1
-1
-1
-1
-3
-1
0
-1
-1
0
-1
-3
-2
-1
-1
-4
-1
-2
-2
-3
-1
-3
-2
-1
-1
-1
-1
-3
-1
-1
-1
-2
-3
-4
-1
-4
1
-1
-1
-3
-2
-1
0
-3
-1
-3
-1
-2
1
-1
0
-3
-1
-3
1
-4
1
-1
0
-2
-1
-1
1
-1
-1
-2
-1
-1
0
-1
0
0
-1
-1
-1
-2
-1
-3
1
-1
1
-3
0
-1
-1
-1
1
-1
1
-1
1
-1
1
-2
0
-2
-1
-1
2
-3
0
0
0
-1
-1
-1
0
0
-1
0
1
0
0
-2
-1
-1
0
-1
-2
-1
1
-1
-1
-1
-1
-1
-1
0
-1
0
1
-2
-1
1
-1
0
0
-1
-1
-1
-1
-1
-1
0
-2
-1
-1
1
-1
-1
-2
-1
-1
0
-1
1
-1
-2
-1
0
-1
1
-2
0
-1
-3
-1
0
-1
-2
-1
-1
-1
-1
-1
-2
-2
0
-1
-2
-2
-1
-2
-1
-3
-1
-2
-1
-2
-1
-2
-1
-1
0
-1
-2
0
-1
-1
-1
-1
-1
-2
-1
-1
-2
-3
-2
-1
-2
-1
-2
-2
-2
-2
-1
-3
-1
-2
-2
-1
-4
0
-4
-2
-1
0
-1
-3
-2
-2
-3
0
-1
-1
-2
-1
-2
-2
-3
-2
-1
-2
-1
-1
-2
0
-1
-1
-3
-1
-4
-1
-1
-1
-3
1
-2
0
-2
1
-1
0
-1
1
-2
0
-1
-1
-3
0
-1
0
-1
-1
-1
1
-3
-1
-2
-1
-2
-1
-2
-2
-1
1
-1
-1
-1
-1
-2
1
-3
-1
-1
0
-1
1
-2
0
-3
1
1
0
-1
-1
-1
-1
-1
-1
-1
1
-1
0
0
0
0
1
0
-1
-3
-1
0
-1
-1
-1
-1
-1
-1
0
-1
-1
0
-2
0
-1
0
-1
0
-1
0
-1
0
-1
0
1
0
1
0
0
0
-1
0
0
0
-1
-1
-1
0
-1
-1
-2
-1
0
-1
-1
-1
-1
-2
0
0
-1
-2
0
0
0
-1
0
-1
-1
-1
0
-1
-1
-1
0
0
-1
0
0
-2
-1
-1
-1
-2
0
-3
-1
-2
-2
0
-2
-1
-1
-1
1
-1
0
-1
-1
0
0
-2
0
-1
-1
-1
-1
-2
0
-1
-1
-2
-1
-1
-1
-2
-1
-1
-1
-1
1
-1
-1
-1
-1
-1
0
-1
-1
-1
-1
-2
0
-2
-1
-2
-1
-1
0
-2
-1
0
1
-1
1
-2
-1
-2
0
-1
0
0
-1
-1
-1
-3
-1
-3
-1
-1
1
-1
-1
-1
-1
-2
-1
-1
-1
-4
0
-2
-1
-4
0
-1
0
0
0
-2
-1
-1
-2
-1
0
-2
-1
-3
0
0
0
-1
-1
-1
-1
0
-1
-1
0
-1
-1
-1
-1
-1
0
-1
1
-1
-1
1
1
0
1
-1
0
-2
0
-1
-1
1
-1
-3
1
0
0
-1
0
-1
-1
-1
-1
-2
0
-1
-2
1
0
-1
0
-1
0
0
-1
-1
1
-1
-1
0
-1
0
-1
0
0
-1
-1
-2
0
-1
-1
-1
0
0
-1
1
0
-1
-1
-1
1
-1
-1
-2
0
-1
0
-1
1
-2
1
-1
-1
-1
-1
-1
-1
-2
-1
-1
-1
-1
-1
0
0
-1
1
-1
-1
0
0
-2
0
0
0
-2
-1
-2
0
-2
-1
-1
0
0
-1
-1
0
-2
-1
-1
0
-2
0
-2
0
-2
-1
-1
0
-2
0
1
0
0
0
1
1
-2
1
-1
0
-1
-1
-1
-1
-1
0
-1
-1
1
1
1
1
-1
0
-1
1
-1
-1
-1
-1
-2
-1
-1
0
-1
1
-1
1
0
0
-1
0
0
0
-1
-1
-1
0
-1
-1
-1
0
-1
0
-3
1
-1
0
-1
-1
-1
-1
-1
-1
-1
-1
-2
-1
-1
0
-1
-1
-2
-2
-1
0
-1
1
-2
1
-1
1
-2
1
-1
0
-1
0
-2
0
-1
-1
-1
0
-2
0
-1
0
-1
0
-2
-1
-1
1
-2
-1
-1
-2
-1
-1
0
-1
-1
0
-1
-1
-1
-1
-1
1
-1
-1
1
0
-1
0
0
-1
-1
1
-1
0
-1
0
0
-1
0
0
-1
0
-1
0
0
0
-1
1
-1
-1
-2
-1
-1
0
-1
-1
-1
1
1
-1
-1
-2
-1
-1
-1
0
-1
-1
0
0
0
0
-1
-1
-1
-1
-1
-1
-1
0
-2
-1
0
0
-1
-1
0
0
-1
0
-1
-1
-1
-1
-1
-1
-1
1
-1
1
-1
-2
-1
1
-1
-1
1
-1
0
-1
-1
0
0
-1
-1
0
-1
-1
-1
0
-2
1
-1
1
0
0
-1
-1
-1
0
-1
-1
0
-1
1
-1
-1
-1
-1
-1
-1
0
-1
-1
1
-1
1
0
-1
1
-1
-1
-1
-1
-1
1
-1
0
-1
1
-1
1
1
-1
1
-1
-2
1
-1
0
-1
-1
0
0
-1
-1
-1
1
-1
0
-2
-1
-1
-1
-1
-1
-1
1
-1
1
-1
-1
-1
-1
-1
-1
-2
-1
0
-1
-1
1
-1
-1
-3
-1
-1
-1
-1
-1
-1
-1
0
-1
0
-1
-1
0
0
-1
1
-1
-1
-1
0
-1
-1
-1
-1
-1
-1
-1
-1
1
-2
0
-1
-1
1
-1
1
0
-1
0
-1
-1
0
0
1
1
0
0
-2
1
-1
1
-3
-1
-1
0
-1
-1
-1
1
0
-1
-1
-1
-1
-2
-1
0
0
-1
-1
0
-1
1
0
0
-1
-1
0
-1
-1
0
0
1
-2
0
-1
0
-1
1
0
-1
-1
-1
-1
1
1
-1
-1
0
-1
0
-1
-1
1
1
-1
0
-1
-1
0
1
-1
-1
0
0
-1
1
0
1
-1
0
-2
-1
-2
-1
-1
-1
-2
-1
0
-1
-1
-1
0
-1
-1
1
-1
0
-2
0
-1
-1
-1
-2
-1
0
-1
1
-1
0
-1
0
0
1
0
0
-1
0
-1
-1
-1
0
0
1
-1
-1
-1
-1
-1
0
0
0
-1
0
-1
-2
0
-1
-1
0
-1
0
-2
-1
-1
2
-1
-1
-1
-1
-1
0
-2
-1
-1
-1
-1
-2
-1
1
-1
-1
-3
-1
-1
0
-1
-1
0
0
0
0
0
0
1
1
-1
-1
-2
-1
-3
0
1
0
-1
-1
1
-1
-2
-1
1
1
0
-1
0
0
-1
-1
1
0
1
0
-2
0
-1
-1
-2
-2
-2
1
1
0
0
0
-3
-2
0
0
-1
-1
-1
1
1
1
-1
0
-1
0
1
1
-1
1
-1
-2
-1
-1
-2
-1
0
-2
-1
1
-1
0
-1
-1
0
0
1
-1
0
-1
-2
0
-1
-1
-1
-1
1
0
-2
-1
0
-1
0
-2
0
0
0
-1
-1
-1
-2
-2
1
0
-1
0
0
-1
-1
0
-1
-1
0
0
0
-1
0
-1
-1
-1
0
-1
0
-1
-1
-1
0
-1
-1
-2
-2
-1
1
-1
-3
-1
-1
0
-2
0
-1
0
-1
-1
1
1
-2
1
0
0
0
-1
-1
0
-1
0
2
0
1
-1
0
1
0
0
-1
-1
-2
0
-1
2
0
0
1
1
-1
0
-2
0
-1
-1
1
0
-1
1
0
2
-1
-1
-2
0
-2
1
0
1
-1
1
-1
0
-1
0
0
1
-2
-1
-1
2
-2
-3
0
-1
-1
-1
0
1
-1
-1
-2
-3
-1
1
1
-1
-1
-1
-1
1
0
0
0
2
1
0
0
-1
-1
0
-2
0
-1
0
-3
1
-1
-1
1
1
-1
0
0
0
1
-1
-1
0
-1
0
0
1
1
-1
0
0
0
1
-1
0
1
-1
-1
-1
-1
-1
-1
-1
-1
0
-1
-2
-1
1
0
1
-1
-1
0
-1
0
-1
-2
0
1
-1
0
-1
-1
0
-1
-1
0
-1
-1
-1
-1
-2
-1
-2
0
-2
-1
-1
0
-1
0
1
0
-1
0
0
0
-1
-1
1
-3
1
0
-1
-1
1
0
-1
-1
-1
1
-1
-1
1
1
-1
-1
0
-1
-1
0
-1
1
-1
0
0
-2
-1
0
-1
-1
-1
-1
1
-1
-1
-1
0
-1
0
-1
-1
0
-1
-1
-1
-1
-1
-1
0
1
-1
-1
-1
-1
-1
-1
0
-1
-1
-1
0
-1
-1
-1
1
-1
-1
0
0
-1
-1
1
-1
-1
0
-1
0
-1
0
1
1
-1
-1
0
-3
0
0
-1
0
-2
0
1
1
-2
-1
-2
-2
-1
1
-1
0
1
1
-1
0
-1
0
-1
1
-1
-1
-1
1
-2
1
-1
1
-1
-1
-1
0
-1
-1
-1
1
-1
1
-1
1
0
-1
-1
1
0
-1
-1
-1
0
-1
-1
-1
0
-1
-1
-1
0
1
0
1
1
-1
-1
-1
0
1
-1
-1
-1
0
0
1
0
1
1
-1
-1
-1
0
-1
-1
1
-1
-1
1
-1
0
-1
-1
1
0
-1
0
-1
-1
0
-1
0
-2
0
0
-1
-2
-1
-1
-1
1
0
1
-1
-1
-1
0
1
-1
-1
-1
-1
0
-2
-1
-1
0
0
-1
1
-1
-1
-1
1
0
-1
0
-1
0
0
-1
-1
0
0
-1
0
0
0
-1
0
1
1
-1
-1
0
1
1
-1
-1
-1
-1
-1
0
-1
-1
0
0
0
1
0
1
-1
0
0
0
-2
-1
1
-1
-2
1
-1
-1
-1
-1
-1
-1
0
1
-1
0
-1
0
1
-1
0
-1
-1
-1
0
0
-2
0
0
1
-1
1
-1
1
-1
1
-1
0
-1
1
0
0
-1
-1
0
0
-1
0
-1
-1
-1
-1
0
0
0
0
0
-1
-1
0
1
0
-1
1
0
-1
1
-1
-2
0
-1
-1
-2
0
-1
0
-1
0
1
-1
-3
-1
0
-1
-1
-1
-1
0
-1
0
-2
-1
0
1
-1
1
1
0
-1
1
-1
-1
1
-1
1
-1
0
0
-2
-1
-1
-1
1
-1
-1
1
-3
0
-3
1
-1
-1
-1
0
1
1
-1
1
0
0
-1
0
-1
0
0
1
-1
0
-1
-1
0
1
0
-1
-1
-2
-2
-1
-1
-1
0
0
1
1
-1
-2
1
-1
-1
1
0
1
-1
-1
-1
1
0
-1
-1
0
-1
-1
-1
-1
-1
-1
-1
-2
1
-1
0
0
1
0
-1
1
0
0
-1
-1
-1
1
-1
0
-1
0
-2
-1
-2
0
0
1
-1
-1
0
1
-1
1
0
-2
1
0
-1
-1
-1
-1
-1
1
-1
1
-1
1
-2
-1
1
0
0
1
-1
0
-1
-1
-1
0
-1
1
0
0
-1
-1
0
1
1
-1
0
-1
-1
1
-1
-1
0
-1
-1
-1
0
0
1
0
-1
-1
-1
-1
0
1
-1
-1
0
-1
-1
0
-1
-1
0
-1
1
-1
-1
0
-1
0
0
0
1
0
-1
1
-1
0
-1
-1
-1
-1
0
-1
-1
0
0
-1
-1
1
-1
1
0
1
1
0
-1
-1
-1
1
-1
1
-1
0
-1
1
0
1
-1
-1
0
-1
-1
0
0
0
-1
-1
0
-1
0
-1
-1
-1
1
-1
1
1
1
0
-1
-1
1
0
-1
1
-1
1
-1
-1
0
-1
-1
1
-1
1
0
-1
-1
1
-1
-1
-1
-1
-1
-1
0
1
-1
1
1
-1
-2
0
0
-1
0
-1
-1
0
-1
1
0
-1
0
1
-1
-1
-3
-2
-1
1
0
-1
1
1
-2
-1
-2
0
-1
1
-1
1
0
-1
-1
1
-1
0
0
0
-1
-1
0
-1
-1
1
0
0
0
1
-1
0
-1
1
0
-1
0
-1
0
-1
-1
0
0
1
-2
0
1
-1
-1
0
0
0
0
0
0
-1
-1
-1
-1
1
-1
0
-1
-1
0
0
-1
0
-1
0
-1
1
-3
0
-1
-1
-1
0
-1
0
-1
1
-1
-1
0
0
-2
-1
-1
-1
-1
-1
-1
-1
-1
0
0
1
-3
-1
-1
-1
-1
1
0
0
0
-1
-1
0
-1
0
-1
-1
-2
-1
-1
-1
-1
0
0
0
-1
-1
1
-1
0
-1
-1
0
-3
0
-2
0
-1
0
-1
0
-1
1
-1
1
-1
-1
-2
1
-3
-1
-1
0
-1
0
-1
1
-1
1
-1
-1
-1
-1
0
0
-1
-1
-1
-1
1
0
0
1
-1
-1
0
0
-1
0
-2
-1
-1
1
-1
1
-1
-1
0
-1
-1
0
-1
1
-1
1
-1
-1
-1
0
-2
0
1
0
0
0
-2
1
-1
1
1
0
-1
1
0
-1
0
1
-1
0
-1
-1
0
-2
-1
-1
-3
0
-1
1
-1
0
0
1
-1
-1
-1
1
-2
1
1
1
-1
1
-1
1
-1
0
-3
1
-1
0
-1
-1
-1
-1
-1
0
-1
0
-1
-1
0
1
-1
-1
-1
1
0
1
-1
0
-1
-1
-1
2
-1
-1
0
1
-1
-1
-1
0
-1
0
-1
2
-1
0
-1
0
-1
0
-1
-1
-1
1
-1
1
0
-1
1
-1
-1
-1
-1
-1
0
0
0
-1
0
-1
-1
0
-1
-2
-3
0
0
1
-1
1
0
0
0
-1
0
-1
-1
-1
-2
0
-1
1
1
-1
-1
1
-1
1
-1
-1
-1
-1
-1
0
-3
-2
0
-1
-1
1
1
-1
0
-1
-2
1
-1
1
-1
0
-2
-1
-1
-1
1
-1
-2
-1
-1
1
0
-3
-4
0
-1
0
-1
-1
-1
0
-1
0
-1
-1
-1
1
-1
0
0
1
0
0
-1
0
-1
-1
-1
0
-2
1
-1
1
-1
-1
-1
0
0
0
-2
0
-1
-1
-1
0
-1
-1
-1
0
0
-1
-1
-1
-1
0
-1
0
-2
1
0
-1
-1
0
-1
-1
-2
-1
0
-1
-1
-1
-1
-1
0
0
-1
1
-1
0
0
1
0
0
0
1
-2
1
-4
0
-1
-1
-1
1
-1
-1
-1
-1
0
0
-2
0
-1
0
0
0
0
1
-1
0
-1
1
1
0
-1
0
-1
-1
-2
-1
1
0
-1
1
0
-1
-1
-1
0
-1
-1
0
-1
-1
-1
-1
-1
0
1
0
-1
-1
-1
-1
-1
-1
-1
-1
-1
-1
0
0
0
1
1
-1
0
0
0
0
-1
0
0
-1
-2
0
-1
0
-1
-1
-1
0
-1
-1
-2
0
1
0
1
-1
1
0
-1
1
-2
-1
0
0
-1
1
-1
-1
-1
0
-1
0
-1
0
-2
-1
-1
1
-1
0
-2
-1
-1
-1
0
0
-1
-1
-1
-1
-1
-1
-3
0
-1
0
-1
-1
0
1
-1
-1
-1
-1
-2
-1
-1
-1
-2
-1
-3
1
-2
-1
-1
-1
-1
0
-2
-1
-2
-1
-2
-1
-3
1
-3
0
-2
-1
0
-1
-2
0
-2
-1
-1
-1
-3
-1
-2
-1
-1
0
-3
-1
-2
-1
-1
0
-1
-1
-2
0
-1
-1
-2
-1
-1
0
-2
-1
-2
-1
-2
0
-1
-1
-1
-1
-1
-1
-3
0
-1
-1
-1
0
-1
1
1
1
-3
-1
-1
-1
-1
0
-1
0
-2
-1
-1
0
-1
-1
0
-1
0
1
-2
0
0
1
-1
1
1
0
0
-1
-1
0
1
0
0
-1
-1
-1
-1
-1
-2
-1
-2
1
-1
0
-1
0
-1
0
-1
-2
-1
0
0
1
-1
1
-2
0
-3
0
-2
-1
-1
-1
-1
1
0
0
0
-1
-2
-1
-1
0
-1
0
-1
-2
-1
-1
-2
-1
-2
0
-1
-1
-1
-1
-1
-1
-1
0
-1
1
-3
-1
-1
-1
-1
-1
-1
-1
0
-2
-1
1
-1
0
-2
-4
-1
-1
-1
0
-1
0
-2
1
-1
-1
1
-1
-2
-1
-1
-1
-1
-1
-2
-1
0
0
0
0
-2
0
-1
-1
0
-1
-1
0
-1
-1
-1
-1
-1
0
-4
-1
0
0
0
0
0
-1
-2
1
-1
-1
-2
-1
-2
0
-1
-1
-1
0
-1
0
-3
-1
-1
1
0
-1
-1
0
0
0
-1
-1
-1
-1
-1
-1
-2
-1
-1
0
-1
0
-1
-1
-3
-2
-1
-1
-1
-2
-1
-1
-1
-1
0
0
-1
-3
-1
0
-3
-1
-1
0
-1
0
-1
-1
-1
-1
-2
-1
-2
0
-2
-1
-1
0
0
0
-2
0
0
-1
0
0
0
-1
-3
-1
-2
0
-1
-1
-1
-2
-2
0
-1
-1
0
0
-2
1
-1
1
-2
0
-3
0
0
-1
-1
0
-1
0
-1
-2
-1
-1
-1
-1
-1
-1
-1
0
-1
-1
0
-44
356
-361
-24
-363
-4
-361
16
358
-40
-62
-357
81
353
346
-103
119
338
-143
-334
161
322
-315
178
301
-199
-216
-292
-279
231
-267
246
249
-264
232
-276
-291
-218
-200
298
310
180
-165
322
-144
330
338
124
104
-345
-85
352
356
63
42
-359
-23
358
-362
-2
-360
20
-42
-360
-62
-357
351
-83
-105
-347
339
-126
141
331
323
-164
-315
177
-199
-303
289
-216
278
-232
-250
-263
-262
-248
-233
276
-291
-216
-199
300
-181
311
163
-324
144
-333
124
-339
-347
-104
82
-354
-355
-62
357
40
-21
361
1
-360
-21
-361
42
357
63
354
83
350
346
-105
339
-124
-143
-334
-320
162
181
311
-199
-301
216
288
-232
-278
249
260
248
-266
231
-279
215
-290
199
-303
181
-315
163
-327
330
140
-339
-124
-348
-105
354
80
356
59
-360
-44
-19
360
-361
-1
-360
21
44
357
65
354
-352
83
105
342
124
337
332
-147
320
-167
-311
182
-200
-304
-289
214
276
-235
-248
-264
265
245
278
229
-291
-215
-197
301
-315
-181
-323
-163
332
139
339
119
346
99
-81
352
357
59
357
37
-361
-21
-362
1
361
-26
-360
42
-64
-357
-353
84
-346
103
125
336
-145
-334
-166
-322
311
-185
-202
-300
-289
218
-235
-276
-251
-262
-265
-246
-280
-231
212
-291
194
-304
-180
313
-161
325
333
139
339
119
346
100
-82
351
357
60
37
-361
-361
-18
4
361
359
-26
358
-46
64
354
350
-87
-344
106
-339
127
146
330
-166
-322
310
-184
-302
200
-219
-286
235
272
-262
248
-245
264
278
228
-293
-214
-195
303
-177
314
325
158
139
-335
342
119
-349
-101
351
78
-57
356
-37
356
16
-363
5
358
-360
25
47
357
-354
66
-349
87
109
342
337
-129
-148
-331
166
318
-185
-312
-299
201
286
-221
-272
235
-252
-261
-267
-245
281
224
-293
-212
194
-305
-177
314
156
-325
136
-336
-342
-120
-347
-100
-77
350
-354
-61
36
-361
361
12
5
359
-361
26
357
-49
352
-70
89
348
-112
-346
130
336
148
328
169
318
-187
-311
298
-205
-220
-287
-237
-275
250
257
266
240
-230
280
293
209
-194
303
-319
-178
325
155
-336
-139
-343
-120
346
95
352
75
54
-358
-37
356
13
-361
-361
5
-29
-364
-360
47
-356
68
-91
-352
-112
-346
334
-132
-151
-330
-322
168
-187
-311
-206
-299
-287
220
-273
235
257
-257
-270
-243
-282
-228
-296
-210
-308
-193
171
-318
-158
325
132
-335
-118
343
93
-347
-355
-77
-357
-55
-360
-33
-362
-14
7
361
-30
-359
-359
48
-355
71
349
-91
-112
-342
337
-131
-330
151
319
-170
187
310
204
299
284
-222
-272
240
-256
252
242
-268
-282
-224
296
209
-308
-190
-316
-173
326
155
-334
-135
-342
-115
-92
349
-354
-75
-358
-54
362
32
13
-363
10
360
362
-30
-355
50
-71
-356
95
348
-342
112
134
334
-324
150
174
318
191
305
209
294
-281
220
272
-243
256
251
-238
267
283
221
-207
291
-306
-193
320
168
-151
322
-334
-136
342
110
-93
344
-73
348
53
-362
361
27
-11
358
10
355
356
-36
-358
47
-76
-358
-97
-353
339
-117
333
-136
-331
148
-174
-322
-192
-310
204
293
-286
223
267
-243
