96
-23
108
18
139
51
179
69
211
66
222
45
203
21
158
2
95
1
29
21
-24
61
-49
106
-42
139
-14
138
17
101
28
39
11
-24
-22
-64
-48
-77
-57
-78
-36
-83
-12
-103
-9
-138
-35
-151
-74
-142
-102
-103
-103
-57
-80
-32
-61
-46
-74
-80
-127
-107
-194
-98
-245
-53
-249
7
-209
50
-148
59
-96
39
-62
13
-35
6
7
16
75
17
144
-12
185
-71
169
-134
102
-156
24
-117
-18
-29
1
62
66
102
125
69
132
-11
65
-87
-42
-106
-132
-49
-152
56
-78
148
57
172
197
106
274
-23
262
-159
176
-241
64
-235
-22
-148
-44
-22
-4
94
67
162
128
177
150
161
130
149
91
160
64
193
69
222
97
220
124
174
121
95
76
18
10
-27
-49
-26
-69
0
-45
23
5
15
51
-30
64
-93
37
-146
-17
-173
-80
-160
-133
-119
-171
-55
-184
17
-166
88
-118
139
-48
144
15
95
37
-6
-10
-117
-118
-188
-240
-182
-320
-98
-309
16
-213
100
-76
105
37
39
84
-57
67
-125
21
-130
-3
-78
18
-9
73
41
126
52
151
36
136
21
101
23
65
44
42
69
31
87
27
93
29
93
46
81
76
47
103
-20
104
-115
52
-209
-44
-260
-148
-237
-212
-148
-202
-36
-127
43
-35
51
12
-1
-14
-64
-100
-85
-190
-40
-241
49
-231
137
-177
183
-119
177
-84
138
-71
95
-66
62
-51
35
-30
-1
-23
-45
-41
-81
-76
-81
-98
-40
-80
20
-23
58
39
41
60
-25
4
-98
-115
-121
-242
-61
-314
62
-295
197
-198
278
-77
272
8
198
35
98
12
28
-21
2
-33
6
-20
11
-6
-4
-18
-28
-68
-34
-134
6
-180
90
-171
189
-107
254
-18
249
45
167
45
42
-27
-75
-141
-135
-239
-124
-276
-65
-238
-3
-140
15
-38
-27
28
-105
34
-176
-3
-192
-36
-137
-28
-36
33
64
122
120
190
118
200
87
148
69
68
98
6
170
-3
245
31
281
74
250
75
168
21
84
-69
47
-141
72
-156
136
-95
188
12
187
116
122
168
13
156
-93
95
-156
21
-161
-29
-116
-40
-53
-13
-1
35
20
81
6
102
-37
89
-89
43
-124
-16
-124
-60
-85
-64
-27
-20
20
53
21
115
-36
123
-128
66
-213
-38
-245
-140
-206
-194
-117
-181
-27
-117
23
-46
16
-6
-35
-10
-92
-41
-124
-73
-124
-87
-107
-81
-90
-71
-82
-63
-74
-57
-57
-40
-37
-8
-27
23
-46
25
-91
-21
-139
-108
-151
-199
-97
-243
6
-205
115
-103
172
16
141
87
37
80
-81
7
-154
-77
-152
-115
-89
-83
-18
-4
11
72
-19
101
-81
74
-131
21
-132
-15
-83
-4
-24
44
4
91
-25
93
-89
34
-152
-66
-167
-159
-119
-204
-30
-187
56
-129
99
-69
90
-45
51
-61
18
-91
16
-109
47
-93
82
-52
95
-13
73
-6
29
-37
-2
-81
5
-105
54
-75
117
8
150
112
124
187
34
194
-81
131
-170
26
-192
-69
-134
-110
-21
-79
95
2
175
95
188
156
148
161
83
112
33
36
20
-33
45
-68
93
-61
133
-22
140
23
105
49
37
47
-41
15
-103
-23
-128
-48
-124
-45
-106
-23
-96
-4
-100
-6
-107
-33
-94
-60
-45
-59
29
-11
97
72
111
145
52
161
-66
89
-186
-47
-248
-189
-214
-267
-105
-243
28
-133
115
7
123
111
68
153
3
148
-20
138
13
163
76
226
120
289
110
301
51
231
-20
95
-47
-64
-4
-182
101
-231
223
-206
312
-146
342
-78
312
-31
247
-5
174
11
110
27
62
45
26
66
4
87
-6
107
-4
127
4
139
9
134
14
109
25
69
52
33
91
16
129
19
142
24
117
5
63
-50
9
-124
-6
-177
35
-163
110
-69
177
81
184
227
115
313
-4
320
-123
263
-194
187
-195
127
-151
96
-100
73
-69
28
-56
-45
-38
-127
6
-186
75
-196
143
-165
169
-130
137
-127
66
-170
-3
-240
-28
-296
0
-305
60
-260
115
-187
133
-123
115
-92
83
-90
64
-95
72
-83
98
-52
121
-6
123
34
105
62
77
85
50
110
26
137
-4
161
-45
161
-91
137
-116
104
-105
92
-62
113
-14
162
5
200
-28
182
-99
88
-154
-54
-148
-185
-62
-245
71
-218
186
-133
222
-61
167
-58
59
-134
-30
-243
-46
-313
15
-301
103
-214
151
-105
122
-45
30
-66
-64
-145
-94
-218
-37
-226
74
-148
177
-21
208
95
156
142
48
112
-54
34
-108
-45
-105
-88
-69
-96
-33
-82
-20
-72
-26
-72
-37
-79
-45
-88
-48
-98
-51
-120
-47
-154
-25
-185
32
-182
122
-122
214
-12
260
108
228
182
124
166
-7
70
-101
-64
-113
-170
-48
-199
52
-156
129
-74
147
0
109
42
38
53
-29
54
-83
59
-134
53
-188
21
-240
-44
-262
-119
-230
-166
-139
-154
-20
-77
77
30
113
116
84
151
22
131
-35
86
-59
52
-56
40
-49
45
-58
47
-85
37
-112
29
-127
30
-134
47
-141
60
-163
50
-188
13
-189
-35
-143
-51
-55
-16
35
57
78
118
54
114
-17
31
-76
-93
-68
-190
10
-206
113
-144
175
-56
148
-10
52
-38
-49
-114
-93
-171
-56
-157
21
-69
70
39
50
101
-30
83
-114
8
-143
-64
-106
-91
-39
-71
0
-52
-18
-82
-74
-170
-112
-274
-85
-329
0
-301
93
-206
129
-105
83
-60
-7
-85
-79
-141
-83
-165
-16
-123
71
-33
120
60
107
101
50
81
0
30
-13
-11
11
-19
35
-11
32
-18
3
-54
-25
-98
-16
-108
33
-59
87
43
103
150
56
215
-38
218
-132
174
-188
123
-198
86
-187
57
-184
4
-189
-82
-176
-177
-114
-233
0
-206
124
-98
190
28
158
103
43
85
-89
-3
-161
-95
-139
-121
-52
-63
34
41
57
124
9
145
-66
108
-117
59
-121
38
-106
42
-117
29
-176
-47
-253
-195
-281
-353
-202
-429
-20
-365
191
-165
326
83
320
269
176
321
-20
243
-165
105
-197
-1
-123
-25
-13
15
57
64
50
61
-10
-13
-68
-124
-69
-209
-6
-220
86
-149
150
-33
142
72
59
119
-63
103
-173
42
-228
-21
-218
-57
-160
-52
-88
-22
-30
6
1
18
13
6
18
-21
25
-51
37
-76
40
-98
33
-124
16
-156
4
-179
10
-182
33
-149
64
-86
82
-16
75
40
52
66
36
71
43
80
82
108
125
150
146
180
126
168
77
102
36
11
32
-62
71
-88
122
-64
142
-28
110
-23
40
-69
-25
-141
-33
-191
23
-174
109
-91
170
13
161
78
86
67
-10
-10
-71
-104
-71
-170
-27
-189
19
-178
35
-173
19
-187
1
-206
12
-197
53
-137
95
-41
105
48
69
92
9
83
-31
51
-20
37
31
63
78
105
79
111
22
48
-58
-81
-101
-226
-71
-313
19
-309
119
-218
162
-100
113
-16
-10
-1
-153
-46
-259
-109
-295
-148
-266
-148
-199
-107
-127
-40
-62
36
-18
115
1
180
-16
211
-70
181
-140
90
-190
-38
-181
-151
-98
-194
37
-141
167
-11
231
136
202
235
93
253
-38
189
-131
92
-148
13
-91
-16
5
11
93
65
140
114
135
129
96
100
49
42
19
-25
13
-75
31
-97
55
-91
66
-72
54
-61
26
-64
-4
-81
-13
-89
4
-74
38
-27
66
37
65
91
28
110
-34
88
-95
39
-133
-21
-140
-71
-124
-105
-96
-130
-62
-144
-22
-148
31
-132
93
-92
151
-37
189
11
200
38
196
38
193
23
204
11
221
6
228
-1
211
-30
176
-79
148
-132
146
-154
170
-120
190
-40
170
44
87
86
-38
60
-152
-10
-206
-71
-179
-81
-103
-33
-33
33
-10
64
-28
30
-44
-41
-10
-98
83
-91
194
-18
260
71
235
113
136
73
21
-24
-47
-116
-40
-148
13
-103
58
-25
45
28
-20
23
-93
-27
-124
-76
-94
-85
-32
-52
13
-18
13
-23
-20
-77
-37
-144
-6
-170
69
-122
136
-17
137
81
52
115
-90
64
-216
-31
-262
-101
-214
-91
-112
7
-25
146
-2
262
-40
317
-106
313
-144
284
-136
264
-96
263
-54
261
-37
233
-33
176
-23
105
11
56
66
46
112
64
118
77
71
50
-11
-21
-80
-112
-106
-181
-77
-190
-19
-132
23
-33
15
62
-54
111
-162
94
-264
25
-317
-63
-297
-128
-204
-134
-69
-78
68
27
165
143
202
228
180
255
127
226
82
162
67
98
87
56
124
45
150
47
147
42
117
19
79
-14
53
-38
46
-36
52
-8
47
34
22
69
-25
81
-79
67
-127
33
-156
-8
-163
-57
-150
-109
-118
-157
-66
-190
6
-194
86
-168
151
-119
187
-72
184
-47
156
-47
129
-58
122
-55
132
-25
144
28
130
73
81
82
6
47
-57
-21
-81
-83
-61
-121
-12
-122
36
-107
66
-95
75
-97
81
-103
101
-89
133
-48
153
10
144
55
94
63
25
23
-30
-39
-44
-88
-11
-100
48
-68
93
-18
103
18
76
24
36
2
6
-30
-1
-52
9
-59
25
-56
35
-55
40
-57
52
-52
74
-31
100
8
113
52
99
78
61
73
17
42
-11
9
-8
-3
13
21
29
66
13
104
-45
105
-125
62
-192
-10
-211
-71
-168
-86
-81
-43
18
46
89
148
118
223
109
252
90
240
93
216
131
210
191
236
240
279
243
305
182
276
77
175
-30
25
-93
-124
-86
-221
-28
-236
41
-185
68
-112
28
-69
-59
-82
-146
-131
-188
-177
-164
-181
-96
-132
-29
-57
1
4
-16
13
-53
-28
-77
-91
-62
-144
-10
-163
51
-148
93
-120
101
-96
80
-81
42
-72
-1
-64
-49
-62
-100
-69
-149
-89
-183
-109
-190
-115
-172
-96
-147
-61
-134
-35
-144
-34
-158
-64
-151
-95
-105
-91
-30
-40
30
37
40
91
-8
82
-83
9
-120
-78
-84
-115
21
-65
132
57
179
179
124
227
-4
164
-134
21
-189
-126
-140
-202
-20
-185
95
-109
144
-39
111
-25
33
-71
-34
-141
-49
-187
-14
-182
37
-136
67
-83
62
-51
42
-45
32
-51
52
-45
100
-15
161
37
213
101
244
163
245
213
216
239
158
229
76
170
-11
72
-80
-47
-105
-156
-83
-220
-31
-232
23
-204
52
-165
51
-133
35
-110
25
-81
31
-36
46
24
52
83
40
124
13
140
-15
134
-35
117
-51
87
-66
36
-85
-44
-90
-139
-57
-213
22
-225
129
-155
218
-28
233
98
153
166
8
147
-143
70
-241
-16
-262
-60
-228
-55
-185
-25
-163
-4
-160
-7
-152
-18
-116
-5
-56
42
-6
107
4
151
-32
143
-88
91
-119
34
-107
5
-68
13
-40
32
-55
19
-102
-48
-139
-146
-124
-221
-42
-229
69
-167
151
-77
165
-14
107
-15
26
-66
-33
-133
-44
-176
-23
-182
-6
-180
-4
-184
-14
-198
-7
-197
33
-151
90
-50
122
67
93
153
8
171
-93
127
-161
62
-161
28
-107
45
-45
96
-16
143
-32
156
-69
136
-101
104
-110
84
-103
79
-101
75
-113
56
-129
25
-129
-1
-105
-3
-74
15
-61
23
-73
-4
-95
-65
-87
-131
-30
-152
69
-108
161
-22
193
47
151
52
71
-11
17
-92
35
-125
112
-78
185
21
192
98
114
91
-1
-3
-73
-118
-49
-170
55
-122
159
-6
180
92
86
83
-69
-41
-188
-221
-196
-351
-88
-362
69
-262
175
-119
176
-24
91
-12
-13
-63
-61
-105
-33
-88
39
-5
90
100
78
169
8
172
-78
119
-131
52
-132
8
-97
-6
-59
-1
-38
1
-39
-7
-39
-16
-30
-13
-15
3
-1
22
-3
33
-10
28
-8
21
11
24
43
45
66
64
64
60
37
20
5
-52
-8
-129
12
-181
53
-197
90
-187
101
-173
81
-165
47
-165
14
-161
-7
-140
-23
-110
-41
-82
-64
-71
-75
-68
-58
-52
-9
-2
57
78
103
163
103
211
61
199
8
138
-11
66
25
35
98
62
166
128
181
186
127
191
35
127
-44
33
-59
-42
-8
-52
80
6
146
94
153
161
99
173
17
129
-49
61
-71
4
-50
-17
-11
-5
21
21
32
49
29
78
27
114
30
167
33
230
19
286
-14
310
-59
295
-89
252
-86
208
-42
182
30
183
104
204
156
221
177
228
170
216
146
185
111
144
67
86
22
13
-13
-66
-21
-128
11
-147
74
-107
140
-14
175
97
153
180
79
205
-14
173
-83
114
-103
62
-77
42
-35
45
-8
49
-8
27
-25
-23
-31
-76
-7
-104
45
-88
101
-33
129
34
110
78
54
82
-11
49
-57
0
-62
-34
-28
-33
30
5
83
71
105
144
89
197
31
209
-50
176
-127
110
-169
40
-162
-1
-116
4
-57
46
-19
97
-17
122
-42
108
-60
73
-44
49
13
66
86
122
130
182
118
200
54
152
-18
50
-53
-61
-30
-135
38
-155
110
-134
151
-107
157
-95
147
-88
151
-57
168
16
179
115
144
200
52
226
-77
179
-187
86
-233
4
-204
-25
-132
6
-69
66
-50
112
-76
120
-115
105
-137
93
-137
104
-136
122
-162
117
-219
63
-274
-30
-287
-120
-235
-158
-139
-124
-50
-50
-22
6
-60
-3
-129
-76
-165
-168
-127
-214
-23
-180
97
-77
171
41
168
122
106
141
34
117
-8
88
-6
85
21
109
37
136
23
137
-13
105
-44
52
-44
7
-13
-9
33
6
66
30
74
47
59
46
33
26
16
1
15
-16
27
-19
47
-7
64
15
71
36
60
44
37
30
16
4
11
-21
36
-18
82
26
125
110
133
195
84
244
-11
229
-121
155
-194
57
-202
-19
-148
-44
-59
-24
19
18
71
51
102
74
133
100
174
149
211
221
214
286
161
303
62
248
-39
134
-92
16
-68
-49
14
-32
103
49
138
138
91
177
-14
143
-124
53
-185
-45
-175
-107
-107
-109
-21
-66
46
-2
78
50
80
86
69
106
56
117
46
122
37
126
26
122
13
111
-4
96
-22
76
-43
45
-64
-2
-81
-59
-81
-110
-52
-141
6
-134
76
-87
140
-6
176
90
180
180
143
250
75
283
-17
267
-118
192
-203
66
-245
-81
-220
-211
-122
-279
22
-269
162
-195
248
-106
257
-49
202
-45
125
-81
78
-110
77
-91
105
-15
119
93
79
177
-14
197
-127
151
-202
66
-198
4
-110
0
23
62
148
158
219
238
226
272
190
246
145
179
115
101
115
37
127
-6
136
-28
134
-36
112
-38
76
-35
31
-31
-14
-26
-57
-20
-89
-10
-105
11
-103
46
-91
95
-88
141
-103
167
-135
158
-171
113
-189
52
-172
5
-119
-6
-56
18
-6
59
8
93
-12
103
-49
85
-77
54
-78
34
-52
31
-11
51
28
83
52
113
54
133
36
130
1
103
-45
45
-91
-38
-119
-129
-117
-204
-78
-234
-19
-209
35
-145
52
-71
22
-23
-40
-16
-98
-35
-124
-52
-106
-46
-62
-13
-25
25
-16
35
-33
5
-54
-57
-57
-123
-30
-172
5
-197
29
-218
28
-252
13
-301
11
-340
37
-339
93
-284
146
-193
168
-97
150
-33
110
-11
87
1
109
35
166
105
222
197
238
269
201
281
131
229
75
149
62
83
87
58
119
64
113
61
61
19
-16
-62
-71
-151
-81
-205
-47
-205
-10
-168
-4
-132
-41
-131
-95
-169
-129
-213
-114
-226
-58
-187
7
-111
43
-27
37
33
5
62
-28
70
-44
76
-41
82
-34
81
-28
62
-10
31
30
10
98
23
175
68
225
120
221
141
169
106
103
28
68
-52
81
-86
131
-61
168
-8
156
24
93
-1
20
-75
-5
-148
47
-166
161
-101
276
23
329
144
295
202
195
177
84
91
13
-4
-6
-69
6
-97
11
-107
-11
-125
-54
-158
-88
-187
-90
-178
-59
-115
-22
-8
-17
105
-63
177
-146
187
-230
138
-273
65
-257
-1
-187
-36
-93
-42
-8
-34
53
-30
88
-35
105
-43
110
-50
105
-54
93
-57
73
-59
54
-57
47
-39
56
7
74
81
76
166
49
231
-16
245
-100
199
-171
107
-198
5
-168
-72
-94
-102
-7
-94
59
-67
87
-47
86
-37
73
-33
64
-16
64
21
61
65
42
99
11
116
-21
117
-32
122
-21
146
-6
187
-18
218
-73
201
-165
115
-259
-20
-303
-159
-278
-243
-197
-242
-105
-170
-55
-75
-78
-6
-153
14
-231
-3
-268
-13
-247
13
-190
81
-134
165
-112
217
-126
216
-148
162
-136
91
-71
47
32
54
133
100
188
145
174
147
105
88
22
-23
-28
-141
-11
-214
59
-213
151
-141
211
-39
202
41
131
58
30
6
-43
-74
-49
-132
11
-126
98
-57
157
33
148
90
75
78
-18
8
-73
-73
-59
-106
11
-65
88
29
115
120
71
156
-22
116
-105
29
-127
-54
-78
-89
10
-67
90
-18
125
23
113
28
76
6
45
-23
32
-36
27
-33
14
-28
-16
-34
-52
-53
-74
-67
-74
-62
-59
-34
-48
-1
-59
11
-88
-14
-115
-69
-115
-129
-74
-164
-8
-165
58
-141
99
-111
107
-90
88
-80
58
-76
26
-66
-7
-51
-49
-38
-98
-33
-148
-40
-190
-52
-217
-69
-227
-86
-224
-117
-206
-155
-170
-198
-105
-226
-17
-226
80
-197
156
-154
192
-119
182
-115
141
-139
91
-178
50
-211
21
-225
-8
-222
-46
-214
-98
-210
-153
-211
-199
-213
-221
-206
-221
-187
-198
-155
-163
-110
-115
-53
-62
11
-13
76
21
127
33
148
28
132
21
91
35
47
69
25
115
32
141
54
130
67
78
50
6
6
-54
-46
-81
-71
-74
-52
-57
5
-56
72
-91
119
-153
123
-222
83
-267
14
-266
-52
-216
-98
-133
-105
-39
-76
36
-32
66
3
46
1
-13
-52
-83
-143
-124
-239
-112
-298
-50
-287
26
-211
79
-100
74
-1
11
50
-77
45
-146
11
-169
-23
-139
-29
-76
-8
-13
26
38
61
68
85
84
101
87
112
76
110
48
87
12
45
-17
-4
-19
-30
8
-20
44
30
66
95
53
143
10
153
-37
129
-60
93
-43
69
4
66
59
70
105
71
139
59
164
46
194
42
218
52
226
65
203
62
153
37
95
-6
51
-44
25
-66
9
-78
-8
-95
-32
-131
-42
-174
-13
-199
59
-174
152
-95
226
3
239
76
194
84
124
36
76
-32
76
-76
115
-78
153
-56
159
-46
133
-66
100
-101
95
-115
121
-86
150
-23
144
25
85
18
6
-51
-37
-134
0
-163
110
-100
232
39
291
187
248
267
130
249
4
161
-66
66
-54
19
2
24
49
44
52
33
23
-17
3
-83
21
-118
71
-106
112
-70
98
-63
29
-126
-54
-244
-88
-361
-38
-410
79
-353
197
-218
245
-76
192
6
67
-3
-59
-74
-121
-148
-95
-164
-4
-101
93
18
144
142
127
226
62
248
-16
219
-69
170
-75
132
-40
128
11
156
45
196
46
217
9
200
-42
146
-83
74
-89
11
-64
-26
-26
-47
4
-61
21
-88
37
-113
78
-115
143
-62
212
42
239
153
191
219
78
197
-47
97
-119
-16
-95
-77
3
-51
107
34
153
105
110
99
21
7
-43
-120
-28
-208
59
-216
159
-161
203
-104
163
-108
74
-180
2
-270
-5
-315
49
-279
107
-185
109
-97
33
-67
-81
-105
-174
-170
-200
-204
-170
-182
-126
-127
-120
-89
-158
-103
-204
-156
-209
-202
-153
-191
-62
-115
13
-6
26
80
-26
105
-103
71
-156
13
-155
-30
-103
-42
-30
-24
42
9
104
52
154
107
191
177
194
244
149
274
52
240
-69
140
-163
12
-198
-93
-168
-141
-105
-129
-47
-83
-25
-34
-30
1
-40
34
-36
79
-22
136
-17
182
-33
194
-58
166
-64
122
-27
99
47
119
113
167
141
204
105
194
32
132
-33
50
-57
-8
-42
-15
-23
11
-36
29
-89
10
-150
-41
-176
-88
-148
-91
-86
-49
-37
2
-32
13
-64
-32
-87
-113
-57
-170
30
-161
134
-90
192
-3
164
37
67
1
-42
-85
-103
-165
-91
-187
-37
-144
8
-71
9
-19
-28
-11
-62
-27
-54
-30
-2
9
61
76
94
131
76
134
28
78
-7
0
4
-56
51
-65
99
-43
106
-32
62
-62
1
-129
-35
-195
-13
-211
55
-153
119
-44
135
61
81
111
-17
87
-102
18
-128
-45
-81
-54
6
-4
82
83
102
151
55
167
-33
115
-113
22
-149
-68
-125
-118
-64
-112
-1
-67
28
-22
11
-8
-33
-36
-68
-88
-59
-123
-4
-108
78
-39
137
53
137
119
75
121
-16
56
-83
-37
-90
-104
-37
-115
39
-67
84
-5
68
21
-1
-18
-78
-111
-117
-216
-85
-281
11
-283
129
-215
226
-107
272
8
257
103
193
158
95
170
-11
139
-100
77
-152
12
-152
-25
-100
-8
-23
68
41
176
57
273
18
320
-62
297
-139
216
-175
117
-153
31
-80
-22
13
-42
100
-47
165
-45
206
-42
228
-37
231
-28
214
-23
173
-28
118
-46
60
-73
15
-91
-13
-90
-27
-69
-38
-33
-57
3
-88
26
-121
33
-147
29
-161
16
-158
0
-144
-21
-118
-40
-85
-55
-40
-60
9
-43
55
-6
83
44
78
89
36
107
-42
86
-136
15
-218
-93
-256
-208
-228
-286
-136
-294
-8
-221
107
-91
163
44
138
129
46
139
-58
82
-122
7
-119
-37
-58
-24
13
29
52
81
37
89
-6
47
-34
-18
-15
-57
56
-37
141
35
196
125
187
187
122
198
37
165
-28
116
-56
82
-50
78
-37
92
-33
107
-42
108
-53
100
-49
