-310
199
228
203
-310
-243
-235
279
-327
-205
148
-332
305
139
313
121
99
-351
-107
343
-86
347
-65
352
346
25
348
6
-26
-364
19
356
-66
-359
342
-78
336
-98
-355
112
-347
134
143
327
-330
173
180
308
284
-208
-293
228
232
271
-265
258
-247
274
274
226
-216
298
179
-308
313
169
-334
-152
127
-336
-117
344
-99
349
349
71
354
50
25
-360
-364
-8
7
361
-38
-360
47
356
70
354
-353
94
110
342
-339
136
-330
153
-322
172
-194
-305
-215
-296
-286
224
-247
-269
253
253
-242
271
218
-286
-301
-206
-190
308
-323
-171
326
150
-133
334
340
109
87
-351
351
69
357
49
27
-363
5
-363
-361
12
35
358
-57
-360
76
352
346
-99
-119
-346
-139
-337
323
-158
173
314
305
-194
-212
-297
226
278
-245
-268
-260
-255
-239
272
-289
-222
-300
-206
-188
309
318
167
-152
329
127
-339
108
-345
-90
349
65
-356
355
48
-363
-28
-6
358
-366
13
35
358
55
356
-356
77
-352
96
338
-119
136
334
-329
156
-179
-317
-194
-306
291
-212
278
-227
-245
-267
-254
257
-274
-237
220
-287
-300
-204
-187
311
318
165
146
-330
-132
338
-111
345
-351
-88
66
-356
47
-359
-1
1
-1
-2
-1
-1
-2
-1
0
-1
-1
-1
-1
-1
-1
0
0
-1
-2
-1
-1
-1
-1
0
-2
-1
-1
-1
-1
-1
0
0
-1
0
-1
-1
-1
-2
-1
-1
0
0
-2
-1
-1
1
-3
0
-1
0
-1
0
-3
-1
-1
-1
-2
-1
-1
-2
-2
-1
-2
-1
-1
-1
-1
-2
-1
-1
-2
-2
-1
-1
-1
-1
0
-1
-1
-1
0
0
-2
1
-1
-2
-3
-1
-1
-1
-1
-1
-3
0
-1
-1
-2
-1
-1
0
-1
-1
-1
-1
0
0
0
1
-2
1
0
-1
-1
0
-2
-1
-1
-1
-1
-1
-2
-1
-1
-1
-1
0
-1
-2
-2
-1
-1
-3
1
-1
-1
-1
-1
-1
-1
-1
-2
-1
-3
-1
-1
-1
-1
-2
-1
0
-1
1
-1
-1
-1
-1
-1
0
0
-1
0
-1
-1
-3
-4
-1
-1
-1
-3
-2
-4
-2
-1
-1
-2
-1
-1
-1
-3
-1
0
-2
-4
-1
-3
-1
-3
-1
-2
1
-1
0
-3
-1
-2
0
-2
1
-2
-1
-4
-1
-3
-2
-2
-1
0
-1
-3
1
-1
1
-2
-1
-1
0
-2
1
-2
0
-1
1
0
0
-2
-1
-1
-1
-1
-1
-1
0
-1
-1
-2
0
-1
-1
-3
-1
-2
1
-1
1
0
0
-1
1
-1
-1
-1
-1
0
-1
-1
-1
-1
-1
-1
-1
-1
0
1
1
-1
-1
-1
-1
-1
0
-1
0
-1
0
-1
-1
-1
0
-1
0
0
0
0
-1
-1
0
-1
-1
-2
-1
-1
-1
-1
-1
-1
-1
-3
-2
-1
-1
0
-1
0
-1
-1
-1
-1
-2
-1
-1
-2
-2
-2
-1
-1
0
-2
-1
-1
-2
-1
-1
-2
-2
-2
-1
-1
-1
-4
-1
-1
1
-1
-3
0
-1
-1
-3
-1
-2
-1
-2
0
-1
-1
-1
-1
-1
-1
-1
-1
-1
-1
-2
-2
-2
-1
-2
-3
-1
-1
-3
-1
-2
-1
-1
-3
-2
-4
1
-2
-1
-1
-2
-4
-1
-2
-1
-2
-1
-3
-1
-3
-1
-1
-1
-1
-2
-2
-2
-2
-1
-2
0
-2
-2
-4
-2
-2
-1
-1
1
-3
0
-2
-1
-1
-2
-2
1
-4
-1
-1
0
-1
-1
-1
-1
-1
0
-1
-1
-1
0
-2
1
-1
-1
-4
0
-1
-1
-1
1
-1
1
-4
0
-1
0
-3
-1
-1
0
-1
1
-1
0
-1
0
-2
0
0
-1
-1
0
-1
0
-2
-1
-1
-1
-1
1
-1
1
-1
0
0
0
-1
0
-2
0
-1
0
-1
0
-1
-1
0
0
0
0
-1
-1
-1
-1
-2
-1
-2
0
-1
-1
0
0
-1
0
1
-1
-1
1
0
0
-2
0
-1
0
0
0
-1
1
0
-1
0
-1
-2
1
0
-1
-1
-1
1
0
-1
-1
0
-1
-1
0
0
-2
0
1
0
0
0
0
-1
-1
-2
-1
0
0
-3
-1
-2
0
-2
-1
0
-1
-1
0
-2
-1
-1
-1
-1
0
-1
-1
-2
0
-2
-1
-2
0
-1
-1
0
0
-1
-1
-1
-2
-1
0
-3
-1
-1
0
-1
-1
-1
1
-1
-1
0
-1
-1
-1
-3
0
0
-1
-2
-1
0
-1
-1
1
-1
-1
-2
0
-1
0
0
0
-2
0
-1
-1
-1
0
-1
0
-1
0
-1
0
-1
0
-2
-2
-1
-1
-1
-1
0
-1
-1
0
-4
-1
-1
-1
-1
-1
-1
-2
-1
-1
-1
0
-1
-1
0
0
-1
1
-1
-1
-3
-1
0
1
-1
0
-2
0
-1
-1
-1
-1
-2
1
0
0
-1
-1
-2
-2
0
1
-1
-1
0
1
-2
1
-1
-1
0
-1
-1
-1
1
-1
-1
0
-1
-1
0
0
-1
0
-1
1
0
-1
-2
0
-1
0
-1
0
0
-2
-2
-1
0
-1
-1
0
-1
0
-1
0
-1
-1
-1
1
-1
-1
-1
-1
-1
-2
-2
-1
-1
-2
-2
-1
0
1
-1
-1
0
0
-4
0
-1
1
-1
-1
-1
0
-1
-1
-1
-1
-1
-1
-2
1
-1
-1
-2
-2
-1
0
-1
-2
-2
-1
0
-1
-1
0
-1
0
-1
-1
-1
-1
-1
-1
-1
-1
-1
-1
-2
0
-2
-1
0
0
0
-1
-1
0
-1
-1
-1
1
-1
0
-1
0
-2
0
0
-1
0
-1
-1
-1
-1
0
-1
-1
-1
0
-1
-1
-1
1
-1
0
-1
0
-1
0
0
-1
-1
0
-1
-1
0
-1
0
0
-1
-1
-1
-2
-1
1
-1
-1
-1
0
0
-1
-1
0
-1
0
-1
0
-1
1
-1
-1
0
-1
-2
0
-2
0
-1
-1
0
-1
-3
-1
-1
0
-1
1
-1
0
0
-1
-1
0
-1
0
-1
-1
-1
1
-1
-1
-1
1
-1
1
-1
0
-1
1
-1
0
-1
-1
-1
-1
-1
-2
-1
-1
0
-1
-1
-1
-1
-1
-1
-1
0
0
-1
0
-1
-1
0
-2
-1
2
-1
0
-1
1
-1
0
-1
-1
0
0
0
-1
-1
1
-2
-1
-1
0
-1
0
-1
0
0
-1
-1
-1
-1
0
-1
-1
0
0
-1
-1
0
1
-1
0
-1
-1
0
0
-1
1
-1
-1
-1
-1
0
-1
-1
0
-1
0
-1
-1
-1
1
0
0
0
0
-1
0
0
-1
0
0
0
0
-2
0
-1
0
-1
-1
0
0
-2
0
-1
0
-2
0
0
-1
-1
0
-1
0
-1
0
-1
-1
-1
-1
-1
0
-1
-1
-1
0
-1
0
0
-1
-1
1
0
0
-1
-1
-1
1
1
1
-1
1
0
-1
-1
-1
-2
-1
0
-1
-1
-1
-1
-1
-1
1
-1
1
0
0
-1
-1
-2
1
-2
-1
-1
0
1
-1
-3
-1
-1
0
-1
1
-2
-2
-1
0
-1
-1
-3
-1
0
-1
0
-1
-2
0
-1
1
-1
-1
1
1
0
0
-1
-1
-1
0
-1
-1
0
0
-2
0
1
1
0
0
1
1
-1
1
-2
-1
0
1
-1
0
-1
-1
-3
0
-2
0
1
-1
-1
-1
-1
-1
-1
1
0
1
-1
-1
-1
0
-1
1
1
-1
-1
-1
-2
1
-2
-1
-1
0
0
-1
-1
1
-2
1
-1
1
0
1
-1
0
-1
1
0
-1
-1
-1
-1
-1
1
0
-3
0
-2
1
0
0
-1
0
-1
1
1
0
-2
0
-1
-1
-1
-1
-1
1
0
-1
-1
-1
-1
0
-1
0
-1
-1
-1
0
-1
0
-2
0
1
-1
-1
1
-1
-1
-1
0
-2
-1
-1
-1
1
-1
-1
-1
-1
0
1
-1
-1
0
-1
0
-1
-1
-3
-1
-1
1
0
-1
-1
0
-2
1
0
-1
-2
-1
-1
1
-1
1
0
1
-2
-1
-2
-1
-1
-1
-1
-1
-2
-1
-1
1
0
-1
-1
-1
-1
1
-1
1
-1
0
0
0
0
0
-1
-1
-1
1
-1
1
0
0
-2
0
-1
1
0
0
0
-1
-1
0
-1
-1
0
1
-1
-1
0
-1
-1
0
-1
1
-1
0
0
-2
0
-1
-2
1
1
0
-1
-1
-1
-2
-1
-1
1
-1
-1
-1
1
-1
-1
0
-1
1
-1
-1
0
0
-1
-1
-1
-1
-1
1
0
0
-1
-1
-2
-1
-2
1
-1
-1
-1
0
-1
1
1
-1
0
0
-2
1
0
-2
-1
-1
1
-1
-2
-1
0
1
-2
0
-1
0
-1
0
-1
-1
-1
-1
1
1
-1
-2
-1
-1
-1
0
-3
1
1
0
-2
-1
-1
0
-1
-1
0
-1
0
0
-1
-2
-2
-1
0
0
-1
0
-1
-2
0
-1
0
-1
-2
-1
0
1
1
-1
1
-2
-1
-1
1
-1
-1
-3
-1
-1
-1
0
0
-1
-1
1
1
-1
-1
0
-1
-1
-2
-2
-1
0
1
0
0
-1
1
-1
0
-1
0
0
-1
0
0
-2
-1
1
-1
0
0
0
-1
0
0
-1
1
-1
-1
0
-1
-1
-1
1
-2
-1
-2
1
-1
-1
-1
0
-1
1
-1
-1
0
0
-1
1
-1
1
-1
1
-1
-1
-1
0
-1
-1
-1
0
-1
3
1
-1
-1
1
0
0
0
-1
-2
1
-1
-2
-2
0
-1
-1
-1
0
-1
0
-1
-1
0
1
-1
1
0
0
0
-1
-1
-1
0
1
0
-2
0
0
0
-1
-1
-1
0
-1
-1
1
-1
-1
-1
1
-1
-1
-1
0
0
0
-1
-1
-1
0
0
-1
-1
0
1
1
1
0
0
-1
-1
0
-1
1
-1
0
-1
-1
0
2
0
0
-1
0
0
1
-1
-1
-1
-1
0
-2
-1
0
-1
0
1
-1
-1
-1
1
-1
-1
0
-2
-1
-1
0
-1
0
0
0
1
0
0
-1
1
0
-1
-1
0
-1
0
0
-1
0
-1
-1
0
-1
-1
-1
-1
-1
1
0
0
0
-1
-1
-1
-1
-1
-2
-1
0
0
-1
-1
0
2
1
-1
0
0
0
-1
1
-1
-1
-1
1
0
-1
-1
-1
0
-1
-1
1
-1
1
-1
-1
0
-1
-1
-1
-2
1
0
0
-1
0
0
-1
-1
-1
-2
-1
-1
-1
1
-1
0
0
1
-2
0
0
-2
-1
-1
-1
-1
0
0
-1
1
1
1
-1
-1
-1
-1
0
-2
-1
0
1
-1
-1
0
-2
-1
-1
-1
-2
0
-2
-1
1
-1
-1
0
1
-1
1
-1
2
-2
-1
0
-1
-3
0
2
0
-1
-1
-1
-1
-1
-1
1
0
-1
1
1
1
1
0
0
0
-1
0
0
0
-1
-1
0
-1
0
1
1
1
-1
1
-1
-1
0
-1
0
-1
0
-1
-1
-1
0
0
0
0
-1
-1
0
0
-1
-1
1
-2
-1
-2
0
0
-1
1
0
0
0
1
-1
-1
0
0
-1
-1
-1
0
0
-1
0
1
0
-1
0
-1
-1
0
0
-1
-1
1
-2
-1
0
1
-1
1
0
-1
1
0
0
-1
-1
1
-1
0
1
-1
0
1
-1
-1
-2
-1
1
-1
1
-1
-1
1
-1
-1
-1
-1
0
-1
0
-1
1
1
-1
-1
1
-1
0
-1
0
0
-1
-1
-1
0
0
-1
1
-1
1
-2
-1
-1
-1
0
0
0
-1
1
-1
-1
1
0
0
0
0
-2
0
-1
0
-1
-1
-1
-1
-1
0
0
-1
-1
1
1
-1
0
0
-1
-1
0
0
1
0
0
0
-1
1
1
1
-1
-1
1
-1
0
-1
-2
1
-1
-1
-1
0
-1
-1
-1
-1
-1
-1
-1
-1
-2
-1
-2
1
0
2
-1
-1
-1
0
-1
0
1
-1
0
-1
-2
1
-1
-1
-1
0
0
0
-1
0
-1
-1
0
0
0
1
1
-1
-1
0
1
0
1
0
0
0
0
-1
-1
1
1
-1
0
0
-1
1
-1
0
-1
-1
-1
-1
-1
1
1
-1
0
-1
2
0
-1
-1
-1
-1
-1
-1
-1
-1
-1
0
0
0
0
0
-1
-1
-2
-2
-1
0
-1
-1
-1
-1
-1
0
0
-1
-1
-1
1
0
1
-1
1
0
-1
0
0
0
-1
1
0
0
0
-1
0
1
-1
0
-1
1
-1
1
-2
-1
-1
0
-1
1
0
-1
1
0
0
0
0
0
0
0
-1
0
-1
-1
0
1
-2
-1
0
0
-1
1
0
1
0
0
-1
0
0
0
1
-1
0
1
-1
-1
0
-1
-1
1
-1
-1
0
0
-1
-1
0
-1
-1
-1
-1
0
0
1
0
0
-1
-1
-1
-1
0
0
0
0
0
-2
-1
0
1
-1
-1
-1
-1
0
-3
0
-1
0
1
0
1
-1
-1
0
-1
1
1
-1
-1
1
-1
1
0
-1
-1
-1
-1
1
-1
-1
-1
1
1
0
-1
1
-1
0
-1
-1
1
1
-1
1
0
-1
1
1
0
-1
-1
0
1
-1
-1
-1
0
-1
1
-1
-1
1
1
-1
0
-1
-1
-2
-1
1
0
1
-1
0
-1
-1
-1
0
-1
1
-1
0
0
0
-1
1
0
-1
0
0
-1
1
1
0
-1
1
-1
0
-1
1
-1
0
0
0
0
1
0
1
1
1
0
0
1
-1
-1
-1
1
1
0
-1
1
0
0
1
-1
-1
0
-1
-1
-1
-1
-1
-2
1
0
1
1
0
1
0
1
0
0
-1
-2
-1
-1
-1
0
1
0
-1
0
-1
-1
1
-1
-1
1
-1
0
1
-1
-1
-1
0
-1
1
-2
0
0
1
-1
1
-1
0
1
1
0
-1
0
0
-1
0
-1
-1
-1
1
0
1
-2
0
1
1
-1
0
-1
-1
-1
-1
1
-1
-1
1
-2
0
-2
-1
-1
-1
-2
-1
-2
-2
-2
-1
-3
-1
0
-1
0
-1
-1
-1
-1
-1
-1
-1
0
-1
-1
0
0
-1
0
-1
-3
-1
1
0
-1
0
-2
1
-1
1
-1
0
-1
-1
-1
1
0
0
-2
-1
-1
-1
-2
-1
-1
-1
0
-1
0
1
-1
0
-2
-2
0
-1
-1
0
-1
1
-1
1
-1
-1
-2
0
1
0
-1
0
0
1
0
1
-1
1
-1
-1
-1
0
-1
-1
-1
-1
0
0
-1
1
-1
0
-1
1
-3
-1
-1
-1
0
0
1
-1
-1
1
0
-1
0
1
-1
1
-1
-1
0
0
-2
0
-1
1
-1
0
-1
0
0
1
-1
-1
1
0
-3
-1
-1
0
0
-1
-2
0
-1
1
-1
-1
0
0
-1
0
0
1
-2
0
-1
0
-1
-1
-1
0
-1
-1
-1
-1
-1
1
-1
1
0
0
-1
-1
-1
0
-1
0
-2
0
0
-1
-2
0
-1
1
0
0
-1
1
1
0
0
0
-2
-1
-2
0
-1
-1
0
0
-2
-1
-1
-1
-1
0
0
-1
-1
0
-1
0
0
-1
-2
1
-1
1
-1
1
-1
-1
-1
-1
0
0
0
-1
0
1
-1
0
-1
-2
-1
0
-1
0
0
-1
-1
-1
-1
-1
-1
-1
0
-1
0
1
-1
0
-1
0
-3
-1
-1
-1
0
0
1
-1
-1
0
-1
-1
0
-1
-1
-1
-1
0
-1
-1
-2
0
-1
0
0
-1
1
1
-1
-1
-1
1
-1
-1
0
-1
0
-1
0
-1
-1
-1
-1
-1
-1
0
-1
1
-1
-1
0
-1
0
-1
0
0
-1
-2
0
-1
-1
-1
-1
-1
1
1
-1
0
0
-1
0
1
-1
1
-1
0
-2
1
0
1
-1
1
-1
1
-1
1
-2
0
-1
0
1
0
-1
-1
0
0
-1
-1
-1
1
-1
1
1
0
0
-1
-1
-1
-1
-1
-2
-1
0
-1
-1
-1
0
1
-2
1
-1
-1
-1
1
0
0
0
-1
-1
-1
-2
-1
-2
0
-1
0
-1
-1
1
0
-1
0
-1
-1
-1
0
-1
-1
-1
0
-1
-1
-1
0
-1
-1
-1
0
-2
-1
-1
1
0
1
-1
-1
-1
0
0
1
-1
1
-1
0
1
0
0
-2
-1
0
0
-1
-1
-2
0
-1
0
1
-2
-1
-1
0
0
1
-1
0
1
-1
-1
-1
-1
-1
0
1
-2
0
-1
0
-2
-1
-3
-1
-1
-1
-2
0
-1
0
-2
-1
0
-1
-1
0
-1
-1
-1
0
-3
-1
-1
0
-2
-1
-1
1
-1
-1
0
0
-2
0
-1
1
-2
-1
-3
0
-1
1
-1
0
-1
0
-1
-1
-1
-1
-1
-1
-2
0
-1
-1
-2
1
-2
-1
-1
0
-2
-1
-3
1
-1
0
-1
0
-2
-1
-2
-1
0
1
0
1
-2
0
-1
-1
0
0
-1
-1
0
1
-1
-1
-2
-1
-1
0
-3
-1
-1
0
1
-1
-1
0
-4
0
-2
0
-1
0
-3
-1
-4
-1
-1
0
-1
1
-1
-1
-1
-1
-1
0
0
-1
0
-1
-1
-1
-1
-1
-1
1
-2
-1
-1
1
1
1
1
-1
-1
0
-1
1
-1
0
-1
0
-1
-1
-2
0
-1
0
-1
0
-2
-1
-2
-1
-1
0
0
0
-1
1
-1
1
-2
-1
-1
0
0
-1
-3
-1
-1
0
-1
0
-1
-1
-1
-1
-2
1
-2
-1
-1
-1
-1
0
0
-1
-2
0
-1
-1
-1
-1
-2
-3
-1
-1
0
-1
-2
0
0
-1
-2
0
-2
-1
-1
-1
-1
-1
-1
0
-4
-1
-2
-1
-1
-1
-1
-1
0
-1
-3
-1
0
-1
0
0
-1
0
-3
0
0
-1
-1
-1
-1
-3
0
-1
-3
0
-1
-1
-1
0
-4
-1
-4
-1
-1
-1
-1
0
-3
-1
0
-2
-2
0
-1
-1
-3
-1
-1
0
-2
0
0
-1
-1
-1
-2
1
0
0
0
-1
-2
-1
-1
1
-1
-1
-1
-1
1
-1
-2
-1
-3
1
-1
-1
0
0
0
1
0
0
-1
-1
-1
1
-1
-1
-1
-1
0
0
0
-1
-1
-1
0
-1
0
-1
-1
-1
0
0
-3
-1
-1
0
-2
0
-1
1
-1
-1
-1
-1
-1
-1
0
-1
-1
-1
0
-1
-1
-2
-1
-1
-2
0
-1
0
0
-1
-1
0
-1
0
-1
-1
-1
0
-1
-1
0
-1
-2
-1
-1
0
-1
-2
-2
-1
-1
-1
-1
-2
-1
0
-1
1
-1
0
-2
-44
356
-361
-25
-362
-4
-361
17
358
-42
-62
-356
80
351
344
-103
122
339
-141
-333
160
322
-313
177
301
-199
-215
-292
-280
231
-264
245
247
-264
232
-276
-288
-218
-201
301
311
178
-163
322
-146
330
338
124
103
-346
-86
350
354
62
42
-359
-24
358
-363
-1
-361
19
-41
-361
-64
-355
351
-83
-105
-346
339
-124
141
331
322
-163
-314
178
-199
-303
290
-216
279
-233
-247
-264
-264
-249
-232
274
-291
-216
-200
301
-181
312
162
-325
142
-334
122
-341
-346
-104
83
-354
-356
-63
358
40
-20
361
-1
-361
-22
-363
42
357
64
355
83
351
346
-105
339
-125
-144
-332
-321
163
181
312
-199
-303
214
289
-232
-277
249
261
248
-264
233
-279
215
-291
198
-303
182
-315
163
-326
332
139
-340
-124
-346
-105
351
80
355
59
-358
-43
-21
361
-363
1
-361
21
45
358
65
354
-351
84
105
343
127
338
331
-146
322
-165
-311
181
-200
-304
-289
215
274
-235
-249
-264
264
245
277
228
-291
-217
-197
301
-314
-181
-325
-162
334
139
339
119
346
100
-81
350
356
59
358
37
-362
-21
-361
1
361
-26
-358
42
-66
-358
-351
83
-346
105
125
336
-146
-332
-165
-322
310
-185
-200
-300
-290
218
-237
-276
-252
-261
-266
-246
-281
-233
211
-293
194
-305
-181
313
-162
323
332
140
340
119
343
102
-82
351
356
59
38
-361
-360
-18
1
361
360
-25
356
-46
64
354
350
-88
-346
107
-340
124
146
329
-167
-322
309
-186
-301
202
-220
-288
235
273
-260
250
-246
264
278
228
-291
-212
-195
303
-177
313
325
156
139
-335
342
118
-347
-100
351
79
-58
356
-38
356
17
-362
4
360
-363
24
47
357
-356
66
-351
86
108
342
337
-128
-148
-333
165
320
-185
-313
-298
202
288
-221
-274
234
-252
-262
-267
-247
279
226
-293
-214
194
-305
-175
314
158
-327
135
-337
-342
-120
-349
-101
-80
351
-356
-60
35
-361
360
13
6
361
-361
27
-48
-361
-356
67
350
-91
-111
-346
337
-131
-149
-332
-321
166
-185
-313
-204
-301
285
-223
-237
-275
252
255
-269
-245
-228
280
-210
293
-194
303
173
-317
-327
-158
332
135
-343
-119
-350
-100
-78
350
355
53
-37
357
359
12
361
-9
27
358
-358
45
-71
-356
-351
87
-344
110
335
-132
-330
148
168
319
-312
187
-206
-299
-286
220
237
271
250
256
-269
-245
-284
-226
-212
293
-195
306
170
-319
153
-327
332
135
-344
-117
93
-347
-77
353
356
53
358
33
-362
-13
-9
-363
-31
-362
356
-49
-354
71
-350
92
-344
113
337
-132
-330
151
-320
171
308
-189
-207
-296
284
-221
-272
239
-254
-257
-243
269
-282
-223
-296
-208
-190
306
174
-316
327
154
-334
-134
116
-342
-95
349
-354
-74
-53
356
361
33
12
-362
10
359
362
-30
358
-51
355
-74
93
348
346
-117
337
-134
330
-151
173
316
-305
187
-293
205
-281
221
271
-242
-255
253
269
238
-223
279
-206
293
-308
-194
-317
-176
-152
325
-334
-137
115
-346
94
-354
-354
-77
52
-362
33
-363
-360
-15
12
356
356
-36
356
-57
-76
-360
346
-99
339
-117
131
332
-330
150
-174
-322
-193
-309
206
293
221
279
238
267
