-414
-53
320
-58
-383
23
-383
44
-372
69
-369
88
318
-138
-356
130
311
-171
301
-190
-315
192
276
-221
262
-238
-276
245
235
-268
-245
274
203
-292
186
-305
166
-314
151
-325
-151
330
-132
339
91
-348
72
-354
52
-356
31
-360
-30
361
-8
363
-31
-360
-53
-357
-74
-353
-93
-349
-110
-346
119
339
138
330
158
322
-187
-312
194
302
-222
-289
228
274
242
261
260
246
274
231
286
213
-305
-198
-318
-180
319
160
328
140
337
120
-351
-102
349
79
353
59
354
38
-366
-19
358
-2
358
-24
-363
43
-359
64
-356
84
343
-110
-343
125
-336
145
-326
163
-4
-1
-1
-1
-1
-2
-1
-1
-1
-2
-2
-2
-2
-2
-1
0
-2
-1
-97
-349
-117
-344
331
-140
153
324
-176
-317
305
-192
-211
-298
-228
-282
240
266
257
250
-274
-240
284
219
295
202
184
-311
-170
318
-330
-153
334
128
109
-345
348
90
-358
-72
-358
-51
26
-361
5
-365
-363
13
33
357
54
356
351
-78
-351
96
-342
117
-337
136
155
324
315
-175
-307
192
291
-211
279
-228
-269
243
257
252
236
-273
284
221
297
202
-312
-186
317
165
327
147
-339
-129
-346
-110
86
-352
68
-355
45
-359
0
0
-1
-2
-1
0
1
0
-1
-2
-2
1
0
0
-1
0
-1
-4
-1
-2
0
-1
-1
0
-1
0
-1
-1
-2
-1
-3
0
-1
-1
0
-1
-1
0
-3
-1
-1
-1
-3
0
-1
-1
-3
-1
0
0
0
-1
-1
-1
-3
-1
-1
-2
-1
-1
0
-1
-1
0
-2
-1
0
1
-1
0
-2
-1
-1
0
-1
-1
-1
0
-3
-1
-1
-1
-2
1
-1
-1
-1
-2
-1
-1
-1
0
-1
0
-1
0
-2
0
-2
1
-1
-1
-1
0
0
-1
-3
-1
-1
0
-2
1
-1
0
0
0
-2
0
-1
0
-2
0
-1
-1
-1
1
-1
0
-1
-1
-1
0
0
-1
-1
0
-1
0
-2
-2
-2
-1
-1
0
1
-1
-1
0
0
0
0
-1
-1
-1
-1
-3
-1
0
0
0
-1
-1
-1
-2
-3
-1
-1
-2
-2
-1
-3
-2
-1
-2
-2
0
-2
-2
-1
0
-3
-1
-1
-1
-3
-1
-2
-1
-3
0
1
0
-2
0
-2
-1
-3
-1
-1
-1
-4
-1
-3
0
-3
-1
-3
0
-3
-1
-2
-1
-1
-1
-1
-1
-1
1
-1
-1
-3
0
-1
1
-1
0
-1
1
-3
-1
-3
1
-1
0
-1
1
0
0
-2
-1
-2
-1
0
0
-2
2
-1
-1
-1
-1
-1
0
-3
0
0
-1
-1
0
-1
0
1
0
-1
1
-1
1
-1
-1
-2
-1
-1
-1
-1
0
0
0
0
-1
-1
0
0
-1
-1
1
-1
-2
-1
-2
-2
-1
-1
-1
-1
0
-1
-1
-1
-2
0
-1
-1
-1
-1
-2
0
-2
-1
-2
-2
-1
0
-1
-1
1
-1
-3
-1
0
0
-1
-1
-1
0
-1
-1
-2
-1
-1
-1
-2
-1
-1
-2
-1
-2
-1
-1
-1
-1
-2
-2
-1
-2
-1
-3
-1
-3
-1
-1
-1
-3
-1
-2
0
-3
-3
-2
-1
-2
-2
0
-1
-3
-1
-4
0
-3
-1
-2
-1
-4
-1
-1
-2
-1
-2
-1
-1
-3
0
-4
-1
-2
0
-2
-1
-2
-1
-2
-1
-2
1
-2
-2
-4
-1
-1
-1
-2
-1
-1
0
-2
-1
-1
-1
-2
0
-2
-2
-2
1
-2
-1
-1
-1
-1
-2
-1
0
-1
1
-3
-1
-1
1
-2
1
-2
0
-1
-1
-1
-1
-3
-1
-1
-1
-1
0
0
0
-2
1
-1
0
-1
-1
-2
0
-1
1
-1
1
0
0
-1
0
-2
1
-1
1
-1
0
-1
0
0
1
-1
-1
-1
0
1
-1
-1
1
-1
1
-1
0
-1
-1
0
0
0
0
-1
1
-1
0
0
0
1
-1
-1
-1
0
-1
-1
0
-1
-1
-1
-1
-1
0
-1
-1
0
-1
1
1
-1
-1
0
0
0
-1
0
-1
-1
-1
-1
0
-1
-1
-1
-1
-1
-1
-1
-1
-1
0
0
-1
-2
-1
-1
-2
0
-1
-1
-1
-1
-1
0
0
-2
0
-2
0
-1
-1
-1
-3
0
-1
-4
-1
-2
-1
-3
-3
-2
-1
-1
-1
1
1
-1
0
-1
-2
-1
-1
-1
1
0
0
-2
0
-3
-1
-1
1
0
-1
0
-1
-2
0
-1
-1
-4
0
-1
1
-1
0
-1
-1
-2
-1
-1
-1
-1
0
-1
-1
0
-1
-2
0
-3
1
-3
-1
0
0
-1
0
-3
0
-1
-1
-1
-1
0
-1
-1
0
-2
-1
0
0
-1
-1
0
-2
-1
0
-1
-2
-1
1
-2
0
0
-1
-1
-1
-1
-1
-1
-1
-1
-1
-1
0
-1
-1
-2
-1
-1
-1
-2
1
-1
-1
-1
-1
-2
0
0
-1
-1
-1
-2
0
-1
0
-1
-1
-1
-2
-1
-1
-1
-1
-1
-1
-1
-1
-1
-1
-1
-1
0
-1
-2
1
-2
1
0
0
-1
-1
-1
0
-1
-1
0
-1
-1
-1
-2
0
0
-1
-1
-2
-3
-1
-1
-1
-1
0
-1
-1
0
0
-3
0
0
-1
0
-1
-1
-1
1
-1
1
-1
-1
0
0
-1
-1
-1
0
0
-1
-1
-1
0
-1
-1
-1
-1
-1
0
0
-1
-1
-1
-1
0
-1
0
-1
0
-1
-1
-1
-1
-3
-2
-1
-2
-1
-1
-1
-2
-1
0
-1
-1
-1
-1
1
-1
0
-1
-1
-2
0
-1
-1
0
-1
-1
-1
-1
-1
-1
0
-1
-1
1
-1
-1
0
0
-1
-1
-1
-1
-1
1
-1
-1
-1
0
-1
-1
-1
-1
-1
0
-2
-1
0
1
-2
-1
-1
1
0
-1
-3
0
-1
-1
-1
0
-1
1
-1
-1
-1
-1
-1
0
-1
0
1
0
-1
-2
-1
0
-1
0
-2
-1
-1
1
0
1
-1
0
-1
-1
-1
-1
-1
-1
-1
-1
0
-1
-1
1
-1
-1
-1
-1
-1
0
-2
-1
-3
1
0
0
-2
-1
-1
-1
-1
-2
-1
-1
-2
-1
-2
1
-2
0
-1
0
-1
0
-1
1
0
-1
-2
1
0
-1
-1
-1
-1
0
-1
-1
-3
-2
-1
-1
-1
-2
-1
1
0
1
-1
-1
-1
0
-1
0
-1
0
-1
-1
0
0
-3
-1
-1
1
-1
0
0
0
-1
-1
0
-1
-1
-1
-1
0
-2
1
0
-1
-1
-1
0
0
0
1
-1
-1
0
0
0
-1
-2
-1
-1
0
0
-1
-1
1
-1
-1
0
0
-1
0
-2
1
-2
-2
-1
0
-1
0
-2
0
-1
1
-2
0
-1
1
1
-1
-1
0
-1
-1
-1
-1
-1
-1
-1
-1
-3
-1
-1
-1
-2
2
1
-1
-1
0
-1
0
-1
-1
-2
1
0
-1
-1
0
-2
-1
-1
-1
-1
0
-1
1
0
-1
0
0
-1
0
-1
1
0
-1
-1
0
-1
1
-1
-1
0
0
1
1
-1
-1
-1
-1
-2
0
0
-1
0
-1
0
-1
-1
0
0
0
0
-1
-1
-2
0
0
-1
-1
-1
-1
-1
1
0
1
-1
0
0
0
0
0
0
0
-1
-1
0
-1
-1
-1
-2
-1
-1
-1
0
0
0
1
-1
1
1
0
-1
1
-1
0
-1
0
-1
1
-1
-1
0
0
-1
1
0
-2
-1
-1
-1
0
0
1
-1
-1
0
-1
1
0
0
0
0
-1
-1
0
-1
0
0
-1
-1
0
-1
0
-1
0
-1
-1
0
-1
-1
1
-1
-1
-1
0
-1
0
0
-1
-1
0
0
0
-1
0
1
-1
-1
1
-1
0
-1
1
-3
0
-1
1
-1
-1
0
0
0
-1
0
1
-1
1
0
1
-1
-1
-1
-1
-1
-1
-1
-1
0
0
1
1
0
-1
-1
-1
-1
-1
-1
1
-1
-1
-1
-1
0
0
0
0
0
0
-1
0
-1
-1
-1
1
-1
1
-1
0
0
0
-1
-2
-1
0
-1
-1
-1
1
-2
-1
-1
1
-1
-1
-3
-2
-1
1
-1
-1
0
-1
-1
0
-4
-1
0
-1
-1
-1
-1
0
-1
0
-1
1
-1
0
1
0
0
1
-2
-1
-2
1
-1
1
0
1
-4
0
-1
0
-1
0
-3
0
-1
-1
0
-2
-2
-1
1
-1
-2
-1
0
-3
-1
1
-1
-1
-1
0
0
0
1
1
-1
-1
-1
-1
0
-1
0
0
0
-1
-1
0
-1
1
0
0
0
1
-3
-1
-1
0
0
0
0
0
0
1
-1
1
1
0
-1
1
-1
-1
-1
1
0
-1
1
-2
-1
-1
-1
-1
-1
0
-1
0
0
-1
0
0
1
-1
-2
-1
-1
-1
0
-1
0
1
1
1
0
-1
-1
0
-1
1
-1
0
0
1
-1
-1
-1
0
1
-1
1
1
0
2
1
-1
-1
-1
-1
1
-1
-1
1
0
1
1
-1
1
1
1
-1
0
-1
0
-1
1
1
0
-1
-1
0
0
0
0
-1
-1
-1
-1
1
0
-1
-1
-1
1
1
0
1
-2
-1
-1
1
0
0
-1
-1
-1
-1
1
-3
1
-1
-1
0
-1
-1
-1
0
-1
-1
1
-1
-1
-2
1
1
-1
0
1
0
-1
-1
-1
1
0
-3
1
-1
-2
-1
1
-1
1
-2
0
-1
0
-2
1
-1
1
-1
1
1
0
-1
3
-1
-1
-3
-1
-1
-1
-1
-1
-1
1
0
1
2
-1
-2
1
0
-1
0
0
0
0
0
1
-2
0
-1
1
0
1
0
-1
0
1
-1
0
1
0
-1
-1
1
1
-1
1
-1
0
1
-1
-1
-1
-1
-1
-1
-2
-1
-1
0
0
-1
-1
1
1
1
1
-1
-1
-1
-1
1
2
1
-1
0
-1
-1
1
-1
1
-1
-1
2
-1
1
-1
0
-1
-2
-1
0
-1
-1
0
0
-1
-1
1
-1
-1
1
1
0
1
-1
-1
0
0
0
0
0
-2
-1
0
-1
0
-1
0
-1
0
-1
-1
0
1
0
-1
1
-1
-1
-1
-1
1
1
-1
-1
-1
0
-1
-1
1
-2
1
-1
-2
-1
0
-1
-1
1
0
-1
1
-1
0
-1
-1
-1
1
-1
-1
-1
0
1
-1
1
-1
1
0
1
-1
-2
1
1
1
0
-1
0
1
-1
0
0
0
0
-1
0
0
1
1
-1
0
1
1
0
2
-1
1
0
0
1
-1
-1
-1
0
-1
0
0
-1
-1
1
-1
-1
0
-2
1
-1
-1
-1
0
1
-2
1
1
0
0
-1
-1
-1
-1
-1
0
-1
-1
-1
-1
-1
0
1
-1
-1
0
-1
-1
-1
-1
-1
-1
-1
-1
0
-1
0
0
-1
1
-4
1
0
-1
-1
0
1
0
-1
-1
1
0
1
0
1
0
1
-1
1
1
1
1
1
-1
0
1
0
-1
-1
0
-1
-1
-1
-1
-1
-1
-1
-1
-1
0
-2
1
-1
0
0
-1
1
-1
0
1
-1
0
1
0
0
-1
0
-1
-2
0
0
0
-2
1
0
1
-1
-1
0
-1
-1
0
0
-1
0
-1
1
1
-1
-1
-1
0
0
-1
1
-1
-1
0
0
-1
0
-1
1
-1
-1
-1
1
-1
1
-1
-1
-1
0
-1
-1
-1
-1
-1
1
-1
1
0
-1
-1
1
-1
1
-1
0
-1
-2
0
0
1
1
-1
-1
-1
-1
-1
0
-1
0
-1
0
-2
1
-1
-1
-1
-1
-1
0
-1
-1
-1
0
0
-1
0
0
0
-1
-1
0
-1
0
1
0
-1
-2
0
1
-1
-1
0
-1
-1
1
0
-1
1
0
-1
0
-2
-1
-2
-1
1
-1
-2
-3
-1
1
-2
0
-1
-1
0
-1
-2
-1
-1
1
-2
0
1
0
-1
1
-1
0
-1
0
1
0
0
1
-1
-1
0
-2
-1
0
-1
-3
-1
-1
-2
1
1
1
-1
-1
0
-1
-1
1
-1
-1
2
1
1
1
1
1
1
-1
-1
0
-1
0
0
0
0
0
-2
-1
-1
0
0
-1
1
1
1
0
1
-1
-1
-1
-1
0
0
0
-1
-1
1
-1
1
-1
-1
1
0
0
1
-1
-1
-1
0
-1
-1
0
0
-1
0
0
1
1
0
-1
-1
-1
-1
0
-1
1
0
0
-2
-1
1
-1
0
0
-1
0
-1
1
-1
-1
0
1
-2
0
-1
1
0
0
0
-2
-1
-1
-1
1
-1
1
-1
-1
-1
-1
0
-1
1
0
0
1
0
-1
-1
-1
-3
-1
-1
0
-1
0
-1
-1
1
1
-1
-1
0
-1
-1
-1
-1
1
-1
1
-1
-1
-2
-1
0
0
1
1
-1
-1
-1
0
-1
0
-1
1
-2
0
-1
0
-1
-1
-1
0
0
0
-2
-1
-1
0
-2
0
0
0
0
0
-2
1
-1
-1
0
0
-1
-1
-2
-1
-1
0
0
0
0
0
-1
0
0
-1
-1
0
0
0
-1
1
-1
1
-2
-1
1
0
0
-2
0
0
-1
1
0
-1
-1
0
0
-1
0
1
0
0
-2
0
-1
-1
0
-1
-1
1
0
-1
-1
0
0
1
1
-1
-1
0
1
0
1
1
-1
2
-1
0
0
1
1
1
-1
-1
1
1
-1
-1
0
1
-3
-1
-1
-1
0
-1
-1
1
-1
1
-1
-1
0
1
-1
-1
0
1
0
-1
0
0
-1
0
0
-1
-1
0
-1
-1
-1
1
0
-1
-1
1
-1
-1
-2
-1
1
1
-2
0
-1
0
-2
0
-1
1
-1
1
-1
0
-1
0
-1
-1
0
1
-2
0
0
0
-1
0
-1
1
-2
-1
-3
-1
0
1
0
3
-1
-3
-1
-1
-1
-2
-1
1
0
1
0
-1
-1
0
0
1
-1
-1
-1
1
-1
0
-1
-1
-1
0
-1
0
-1
0
-1
0
-1
0
-1
-1
-1
-1
-1
-1
-1
1
-1
-1
-2
1
-1
-1
-1
-1
-3
-1
-1
0
-2
1
-1
-2
-1
-1
-1
-2
-1
0
-1
1
-1
0
-2
1
-1
-1
-1
-1
1
0
-1
-2
-1
0
1
1
-1
0
-3
-1
-1
-1
-1
1
-1
1
0
-2
0
0
-1
0
-2
0
-1
0
-1
-1
-1
0
0
-1
-1
1
-2
1
-1
-1
1
1
-2
0
-1
0
0
0
-1
0
-1
-1
-1
-2
1
-1
1
1
-1
1
0
1
0
0
-1
0
-1
1
1
0
0
1
-1
-1
-1
1
-1
0
0
0
0
0
1
1
1
1
1
1
0
-1
0
-1
-1
0
-1
0
-1
1
-1
1
-1
-1
0
-1
-3
-1
-1
0
-1
0
-1
1
1
0
-2
1
-1
-1
0
-2
-2
0
0
0
-1
-1
0
1
-1
-1
-2
-1
-1
0
-1
0
-1
1
-2
-1
-1
-1
-1
0
-1
0
-1
0
-1
-1
-1
0
0
0
-1
1
0
-1
-1
0
-1
-1
-3
0
-2
-1
-1
1
-2
0
-1
-2
-1
-1
-1
-1
-1
1
-1
1
-3
1
-1
0
0
0
-2
-1
-1
-1
-3
0
-1
-1
-1
0
-1
0
-1
1
1
0
-1
-1
-1
0
-1
-1
0
0
-1
1
-1
-1
-1
0
0
0
-2
-1
1
-1
-1
-1
-1
-2
-1
0
-1
-1
0
-1
-2
-1
0
-1
0
1
-1
0
-1
-1
0
1
-1
-1
-1
0
-1
0
-1
-2
0
1
-1
-1
-2
0
1
2
-1
-1
0
-1
-1
0
-1
-1
-2
0
-2
0
0
-1
0
1
0
-1
0
-1
-1
-1
-1
1
1
0
-1
1
-3
0
0
-1
-1
-1
-1
-1
-2
-1
0
-1
-1
0
0
0
-2
0
-3
-1
-1
0
-1
0
-1
0
-2
0
-1
-1
0
1
-1
0
-1
1
-1
0
-1
0
-1
1
-2
0
0
1
-1
0
-1
0
-1
1
-1
1
-1
1
-1
-1
-1
1
-1
0
-1
0
-1
0
-1
1
-1
1
-1
1
-2
1
-1
-1
0
0
-2
-1
-1
-1
-1
0
-1
0
-1
0
0
-1
-1
-1
0
0
-2
-1
-1
-1
1
0
0
0
-1
1
-2
0
-1
-1
1
-1
1
-1
-2
-1
-1
-1
0
-1
0
-1
0
-1
-1
-1
0
-2
0
-1
0
0
-1
-1
0
0
-1
0
-2
-1
-1
0
-1
0
-1
-2
-1
-1
-3
-1
-1
-1
-3
-1
-1
1
-3
0
-1
0
-1
-1
-1
0
0
-1
-1
1
0
-2
0
0
-2
-1
-1
-1
-1
-1
-1
1
-1
0
-1
-1
-1
0
-1
0
-1
1
-1
-1
-2
-1
-2
1
-1
0
-1
-1
-1
-1
-1
-1
0
0
-2
0
-2
1
-1
-1
-1
0
-1
0
-2
0
-1
-1
0
-1
-1
-1
-1
-1
-3
0
-3
-2
-1
-1
-1
-1
-1
0
-2
0
-1
-1
-2
-1
-1
1
-1
1
-2
0
-2
1
-1
1
-1
0
-1
-1
-1
-1
-3
-1
-1
-1
0
-1
0
-1
-1
1
-1
-1
-1
0
-1
-1
-1
0
-2
-1
-1
1
-1
1
0
1
-1
0
0
1
-1
-1
-1
-3
-1
0
-2
-1
0
-1
-1
0
0
1
-1
0
-2
-1
0
-2
-1
-1
-3
0
-1
0
-3
0
-2
0
-1
-1
-1
-1
-1
0
0
-1
0
0
-1
0
0
0
-1
-1
-1
0
-1
1
-1
0
-1
0
-1
-2
-1
-1
-1
0
-3
0
-1
-1
-2
-1
0
-1
-2
0
-3
0
-2
0
-1
0
-1
-1
-2
-1
-1
1
-1
-1
-3
-1
-1
1
0
-1
-1
-1
0
-1
-1
-1
-2
0
-2
1
-1
-1
-1
-1
-1
-2
-1
0
0
0
-1
-1
-1
-1
-1
-1
-2
0
0
0
-2
0
-1
-1
-2
-1
-2
0
-1
-1
-2
0
0
-1
0
0
-1
-1
0
0
-1
0
-1
-1
-2
0
-1
-1
-2
-1
-1
0
-1
-1
-1
0
0
0
-1
-1
-3
0
-3
-1
-2
-1
-2
-1
-2
-1
-1
0
0
-1
-1
-1
-1
-1
-1
1
-1
-1
-1
0
0
-1
-2
0
-1
-1
-1
0
-1
-1
-2
0
-2
-1
-1
0
-3
1
1
1
-1
-1
-3
-1
-1
1
-2
1
-1
0
-1
-1
-2
-1
-2
-1
-1
-1
-1
0
-1
-1
-1
-1
0
-2
-1
-1
-2
0
-2
-1
-2
0
-1
-1
-1
-1
-2
-1
-1
-2
-1
-45
356
22
-363
360
2
18
358
38
357
-62
-358
-82
-354
-349
98
-340
119
-334
140
-161
-325
-182
-315
-303
196
213
290
230
276
264
-248
-249
260
274
233
288
217
-303
-201
310
180
321
163
-144
330
337
124
-345
-106
352
83
-64
356
43
-358
358
22
-2
361
-21
-361
-42
-360
60
355
-84
-354
101
345
339
-124
141
332
-324
160
-314
180
301
-198
289
-216
232
277
-247
-263
-249
262
-231
276
-216
287
-302
-200
180
-313
-324
-165
-331
-144
340
123
103
-346
-351
-83
-354
-64
-41
357
-21
360
361
0
21
359
-41
-359
64
353
83
349
-344
102
-123
-342
334
-144
-163
-322
183
312
-198
-303
290
-216
-276
228
-262
246
-247
260
234
-279
-290
-215
-301
-201
-179
312
162
-325
141
-334
-122
337
347
100
83
-354
356
59
40
-361
-20
357
1
359
23
357
-357
41
-356
61
-351
81
105
343
-124
-342
144
328
-322
161
-182
-313
-301
197
-291
215
234
272
260
-250
247
-266
232
-279
291
212
303
193
-315
-182
-161
321
-332
-145
122
-342
-348
-105
-352
-84
60
-358
-40
354
361
17
-363
1
24
358
42
356
355
-67
86
349
106
342
-339
124
144
327
164
320
182
308
297
-201
215
286
-276
233
259
-250
262
245
-232
278
-214
291
-198
302
-179
313
156
-325
-141
331
118
-342
346
100
-83
351
-60
356
357
37
18
-360
361
-2
-360
24
358
-46
352
-67
-88
-351
-107
-347
336
-127
327
-147
320
-165
-310
182
-202
-298
-288
218
-235
-276
-250
-259
244
-267
-229
277
-291
-213
304
194
-314
-177
156
-325
333
139
119
-341
-346
-100
-351
-81
356
58
359
35
361
16
-359
2
27
357
47
356
-354
64
349
-89
109
343
-337
128
331
-148
-166
-322
-185
-312
-202
-301
-219
-287
274
-238
259
-252
-245
263
230
-281
293
210
-193
302
316
174
-325
-159
-137
331
-119
337
-347
-100
-78
351
-357
-60
-37
358
14
-363
-7
-362
-360
25
49
357
-69
-358
88
348
-109
-347
337
-132
328
-151
320
-170
-309
184
202
295
219
285
272
-240
-258
249
266
242
-228
277
-210
290
-305
-194
-176
313
-326
-158
134
-337
339
117
346
95
-78
349
56
-359
-361
-37
13
-363
-363
6
25
358
-361
45
67
351
85
346
342
-111
-337
128
146
328
165
317
-313
185
202
296
-286
220
269
-238
-255
-259
-269
-243
225
-283
293
209
191
-306
314
172
-327
-157
135
-334
115
-342
-1
-1
-1
-3
0
-1
-3
-1
-1
-1
-2
0
-1
-1
-2
-1
297
199
310
181
320
163
331
146
339
127
344
105
351
86
356
65
358
45
361
25
-361
-1
361
-21
358
-40
356
-63
353
-83
347
-102
-341
121
334
-141
323
-161
315
-180
-303
194
290
-216
-276
231
265
-248
-250
261
235
-276
217
-290
-198
299
-181
311
163
-323
146
-333
127
-341
-103
344
-83
350
-63
354
45
-362
-18
357
2
-366
21
358
-40
-363
-59
-361
-82
-356
-103
-349
-122
-344
-141
-334
-161
-328
179
310
200
299
-216
-293
-232
-281
-247
-269
264
245
-278
-235
287
212
298
194
310
177
321
158
330
139
336
120
344
100
349
81
-358
-65
357
38
-364
-25
