-414
-53
319
-57
-384
22
-383
45
-371
70
-368
89
317
-139
-355
131
312
-172
301
-189
-315
191
276
-223
263
-238
-277
243
235
-268
-243
274
204
-293
186
-305
167
-315
151
-325
-153
331
-134
339
93
-346
72
-351
50
-356
30
-360
-30
362
-8
363
-32
-361
-53
-358
-74
-354
-94
-349
-112
-346
119
337
138
331
158
322
-188
-313
194
301
-221
-290
228
277
243
261
260
245
273
230
286
213
-307
-198
-317
-180
319
161
328
141
335
121
-350
-103
348
79
354
59
355
38
-364
-20
356
-4
357
-24
-363
44
-362
64
-356
86
342
-108
-343
124
-335
144
-326
165
-5
-2
0
0
-2
-1
-1
-1
-1
-1
-1
-2
-1
-2
-1
-2
-1
-2
-98
-349
340
-117
-138
-337
154
323
-176
-317
-194
-307
-212
-296
-284
225
241
267
251
-260
234
-274
219
-288
296
202
308
184
318
167
328
145
333
127
-111
342
-92
349
353
69
-359
-50
-32
360
358
5
-16
-361
33
358
54
354
-78
-354
-350
95
-342
118
-139
-337
322
-158
173
314
-306
192
210
291
-284
226
241
265
258
253
272
237
283
219
296
204
-310
-187
317
167
146
-331
126
-339
-346
-111
-91
350
-356
-69
-360
-48
-1
-1
-1
1
-1
0
-1
-1
0
0
-1
-1
-1
-2
-1
-1
0
-2
-1
0
0
-1
-1
-1
-1
-1
-2
-1
-1
-1
-1
-1
-1
-1
-1
0
-1
-1
-2
1
0
-1
-1
-2
-1
-1
-2
0
-1
0
0
-1
-1
-1
-2
-1
-2
-1
-2
-1
-2
-1
-2
-1
-1
0
-2
0
-1
-1
-2
-1
-1
0
-1
0
0
0
-2
-1
-1
-1
-1
-1
-1
-1
-1
-1
-1
-1
-2
0
0
-1
-1
-1
-2
1
-1
-1
-1
-1
-2
1
-1
0
-1
0
-2
-1
-1
-1
0
-1
-1
-1
-2
-1
-1
0
-3
0
-1
-1
-2
-1
-1
-1
-1
-2
-3
-1
-1
-1
0
-1
-1
-1
-1
-1
-1
-1
-1
0
-1
0
-1
1
-3
-1
-1
-1
-2
-3
-1
-1
-1
-4
0
-1
-1
-1
-3
-1
-1
-1
-1
-1
0
-1
-3
-1
-2
-1
-2
0
-1
-3
-3
1
-1
-1
-1
0
-3
0
-1
0
-1
-2
-3
-1
-2
-1
-2
1
-1
1
-2
1
-3
-1
-3
1
-1
-1
-3
-1
-1
1
-3
1
-1
-1
-4
-1
-3
1
-1
-1
-3
-1
-3
0
-1
0
0
-1
-1
1
0
0
-2
-1
-1
0
-1
1
-2
0
-1
-1
-1
0
-2
1
0
-1
-1
-1
-1
0
-1
-1
-1
-1
-1
0
-2
-1
-1
0
-3
-1
0
-1
-1
1
-1
-1
-2
1
-1
0
-1
-2
-1
-1
-1
-1
0
-2
1
-1
-1
0
-1
-1
-1
0
-1
-1
-3
0
-1
-2
-4
-1
-1
-1
-1
-1
1
0
-1
-1
-1
-1
-1
-1
-1
-1
-2
-1
-1
-1
0
-1
-1
-3
-3
-2
-1
-1
-1
-1
-3
-1
0
-3
-1
-2
-2
-1
-1
-3
-1
-3
-2
-2
-1
-1
-3
-1
0
-1
-3
-1
-1
-1
-2
0
-1
0
-1
-2
-3
-1
-2
-1
-1
0
-2
0
-2
0
-1
-1
-3
-1
-2
-1
-1
-3
-4
-1
-3
-1
-1
0
-1
-1
-3
-1
-1
-1
-2
-1
-4
-1
-4
-3
-4
-2
-3
-2
-1
-2
-2
-1
-1
-1
-2
-1
-2
0
-1
-1
-2
0
-2
-1
-2
-1
-1
-1
-2
-3
-1
1
-3
-1
-1
-2
0
0
-1
0
-3
0
-1
0
-1
-2
-2
-1
-1
-1
-1
1
0
0
-2
0
-1
1
-1
-1
-3
1
-3
-1
-1
-1
0
0
-2
1
0
0
-1
-1
0
-1
-2
-1
-4
-1
-3
0
-2
-1
0
-1
0
0
-1
0
-1
1
0
0
-1
-1
-1
0
0
-1
-1
-1
0
-1
-2
-1
0
0
-1
0
-1
-1
-1
1
-1
-1
-1
0
0
1
-1
-1
-1
-1
-2
-1
1
-1
0
-1
-1
0
-1
-1
1
0
-1
0
0
-1
0
0
-1
-1
-2
0
-1
-1
-1
-1
-4
0
-1
-1
-1
-2
0
-1
-2
1
-1
0
-1
0
-2
-1
-1
1
-3
0
-3
0
-2
-1
-1
-1
-3
1
-1
-1
1
-1
-1
-1
-1
-1
-3
-2
-2
-1
-2
-1
-1
0
-1
-1
0
-1
-1
1
-1
1
0
0
-1
0
-1
0
0
-1
-3
1
-1
-1
-3
-1
0
0
1
-1
0
-1
-1
-1
-1
-2
-1
0
-2
0
1
0
-1
1
-1
0
-2
1
-2
-1
-1
-1
-1
-1
-1
0
-1
-1
-1
-1
-1
0
-3
1
-1
-1
-2
-1
-1
-2
-1
-1
-2
-1
-1
-1
0
-1
-1
-1
-1
0
-1
-1
-2
0
0
0
-2
0
-2
0
0
-1
-2
0
-1
-1
0
-1
0
1
-1
0
-1
0
-1
-1
0
-1
0
0
-1
0
0
-1
0
-1
-1
-1
-1
-1
-1
-1
-1
0
-1
-1
-1
0
-2
-1
-1
-1
0
-1
-1
1
-2
-1
-2
-1
-1
-2
-1
-2
0
-1
-2
-1
-2
-1
-2
-1
-1
-1
0
-1
-1
-2
-1
1
-1
-1
-1
-1
-1
-1
-1
-1
-1
0
0
0
-1
-1
0
-1
-2
-1
-2
-1
-1
-1
0
0
-1
0
-1
1
-1
-1
-1
0
-3
-1
0
-1
-1
0
-4
-1
-3
-1
-2
1
0
-1
0
-1
0
-1
0
0
-1
-1
-1
0
0
-1
-1
0
-2
0
-1
0
0
-1
-1
-1
-1
1
-1
0
0
1
0
-1
0
-1
-1
-1
-2
0
-1
-1
1
0
-1
0
-1
-1
-1
1
1
0
-1
0
-1
-1
-2
-1
-1
-2
-1
-1
-2
1
-3
0
-1
-1
-1
1
-1
1
-2
-1
-1
0
-1
1
-1
0
-1
-1
0
-1
0
1
-2
-1
-1
-2
-1
0
-1
-2
-1
-1
0
1
0
-1
-1
0
-1
-1
-1
0
-1
-1
0
-1
-1
0
-1
-2
-1
-1
1
0
-2
1
-1
0
0
0
0
-1
0
-1
-1
-1
-2
-1
-1
0
-1
-1
-2
1
0
-1
-1
0
-1
-1
-1
-1
-2
-2
0
1
-1
-1
-1
-1
0
0
-1
1
-1
-1
-2
-1
-1
1
0
-1
-1
-1
-1
0
1
0
-1
1
0
-1
-1
1
-1
0
-1
1
-1
0
-1
-1
0
-1
-1
-1
-1
1
1
0
-1
-2
-1
1
-1
0
-1
-1
-2
0
0
-1
0
0
0
0
-1
1
-1
1
-1
0
-2
0
-1
-1
-2
-1
0
0
1
1
-1
1
-1
-1
0
-1
-1
-1
-3
1
0
-1
-3
-1
-1
1
0
-1
-1
-2
0
1
0
0
-1
0
-4
-1
-1
-1
-1
0
-1
1
-2
1
-1
-1
-2
-1
0
-1
0
0
-1
-1
-1
-1
-1
1
0
-1
1
0
-1
0
-1
0
0
0
-1
2
0
0
-1
1
-2
1
-1
-1
-1
-1
0
-1
-1
1
-2
0
-1
-1
-1
-1
1
-1
0
0
-3
0
-1
-1
-1
0
0
-1
0
0
0
1
-1
1
-1
1
-2
-1
-1
1
0
-1
-1
-1
0
-1
-1
-1
0
-1
-1
-1
-1
-1
-1
-2
-1
0
-1
-1
-2
1
-1
-1
-1
1
1
0
-2
1
-1
0
1
0
-1
0
1
0
-1
1
-1
0
1
0
-1
2
-1
1
-1
0
-1
-1
-1
0
-1
0
0
-1
-1
-1
-1
0
-1
1
-1
0
0
-1
-2
-1
1
-1
-1
1
-1
1
-1
1
-1
0
-3
-1
-1
-1
-1
1
-1
0
0
-1
-1
0
1
-1
-1
-2
-1
-1
-1
-1
-1
-1
0
-1
2
0
0
0
0
0
-1
0
-1
0
1
0
-1
2
-1
-1
-1
0
0
1
-1
-1
-1
-1
-1
-1
-1
-1
0
1
0
-1
-1
-1
0
-1
0
1
0
1
-1
0
-1
-1
0
-1
-1
0
-1
1
0
-1
1
-1
-1
-4
-1
-1
-1
0
-1
-1
-1
-1
-1
1
0
1
-1
-1
-1
0
-1
-1
-2
0
1
-1
-1
1
-2
1
-1
1
0
-2
-1
1
-1
0
-1
0
-1
-2
-1
-1
-1
0
1
-1
-1
1
-1
0
-1
0
1
-1
-1
-1
-1
1
-1
1
-1
-1
-1
-1
-1
-1
1
1
0
2
-1
-1
0
-1
-1
-1
0
1
-1
1
-1
0
-1
-1
-1
0
1
-1
-1
1
1
-1
-1
-1
-1
0
0
-1
0
-2
-1
1
-1
-1
1
0
-1
1
0
0
0
2
0
-1
-1
-1
-1
1
-1
-1
0
0
-1
-1
1
-1
-1
-1
-2
1
-1
0
-1
-1
-1
-1
-1
-1
0
0
-1
-1
1
-1
-1
-1
-1
0
1
0
-1
0
1
-1
-1
2
-1
0
-2
-1
1
-1
-1
1
-1
0
-1
0
-3
0
-1
-1
0
0
0
-1
0
-1
-1
1
-1
0
0
-1
0
-3
0
1
-1
0
-1
-1
1
-1
0
0
-1
-2
-1
-1
-1
0
-1
-1
-1
-1
-1
1
-1
-1
-1
0
-1
-1
0
-2
-1
0
-1
1
0
0
-2
-1
1
1
-1
1
-1
-1
-1
1
0
-1
-1
0
1
-1
-1
1
-1
0
0
-1
-1
1
0
-2
0
1
0
-1
-2
-1
-2
0
-1
-1
-1
-1
-1
-1
0
1
1
1
0
0
0
1
-1
1
1
-1
-1
0
1
1
-2
-1
-1
1
-1
0
0
1
-1
0
-3
0
-1
-1
-1
-1
-1
-1
-2
1
-1
-1
-1
-1
0
1
0
-1
1
-1
-1
-1
-1
-1
0
0
0
0
-1
-1
-1
0
-1
-1
0
-1
1
-1
-1
-2
1
1
2
-1
0
-1
-1
0
0
-1
-1
-1
-1
0
-1
-1
-1
-1
1
-1
-1
-1
1
0
-1
1
-1
-1
0
-1
1
-2
1
0
0
1
0
-1
0
1
-1
-1
-1
1
0
-1
0
-1
-2
-2
-1
0
1
0
0
-1
0
0
-1
-2
-1
-2
-2
0
-1
0
-1
-1
-1
-1
0
-1
0
1
1
-1
-1
1
0
0
0
1
-1
0
-1
0
-1
0
1
0
0
-1
1
0
2
-1
1
-1
-2
1
-1
0
-1
-1
-1
-1
-1
-1
0
-1
-1
0
-1
0
-1
0
-1
-1
1
0
-1
-1
-1
1
-1
-1
1
0
0
1
-1
-1
1
-1
0
-1
-1
1
0
-1
-1
-1
2
-1
0
0
0
0
-1
-1
-1
0
-1
0
-1
-2
-1
-1
-1
-1
-1
-1
0
-1
0
0
1
0
-1
0
-1
-2
-1
1
0
1
0
1
-1
1
-1
-1
-1
1
-1
-1
0
-1
1
0
1
-1
0
-1
-1
1
0
-1
0
1
1
-1
0
-1
0
-1
-2
0
0
-1
0
1
-1
0
0
0
-1
0
0
-1
-1
1
1
-1
0
0
0
-1
0
1
1
0
-1
-1
-1
-2
-1
0
-1
1
-1
-1
1
-1
1
-1
0
1
1
-1
-1
1
0
-1
-1
-1
0
-2
0
-1
-1
-2
-2
-1
-1
-1
0
-1
0
-1
1
-1
-2
-1
1
1
0
-1
-2
-2
1
-1
0
1
1
-1
0
-1
1
0
1
-1
-1
-1
-1
0
1
-4
-1
0
0
-1
-1
0
-1
0
-1
-1
-1
1
1
-1
1
-1
0
-1
1
0
1
1
0
-1
-1
0
-1
-1
0
-1
1
1
-1
-1
-3
-1
0
-1
-1
-1
0
-1
-1
-1
1
1
1
-1
-1
0
-1
-1
0
-1
0
-1
0
-1
0
-1
-1
-1
-1
-1
1
-2
-1
-1
0
-2
0
-1
0
-1
0
-1
1
-1
0
1
0
1
1
-1
-1
0
0
-1
0
-1
-1
0
-3
0
1
-1
1
0
-1
-1
1
-1
1
-1
-1
0
0
-2
0
-1
-2
0
1
1
-1
0
-1
1
0
1
-1
-1
1
0
-1
-1
-1
-1
1
0
-1
-1
-1
1
1
1
0
-1
0
-1
-1
0
0
0
-2
0
-1
-1
0
-1
1
0
0
-1
-1
-1
-1
0
0
0
-1
-2
-1
-1
-1
-1
-1
1
-1
1
0
-1
1
-1
-1
0
0
1
0
-1
1
-3
-1
-1
1
-1
-1
-1
0
-1
-1
-1
1
0
1
0
-1
-1
1
-2
1
-2
-1
-1
0
0
0
-1
1
0
0
0
0
1
-1
0
1
-2
-1
-1
-1
-1
-1
0
-1
-1
-1
1
-1
-1
1
-1
-1
-1
-1
-1
1
-1
0
-1
-1
-2
1
-1
-1
-1
0
-1
1
0
0
-1
-1
-1
-1
0
-1
-2
0
0
0
0
0
-1
0
-1
0
-1
-1
-1
1
-1
0
-1
0
0
0
-1
1
0
1
-1
0
0
0
-1
-1
0
-1
-1
-1
-1
-1
0
0
-1
0
0
1
-1
1
0
0
-1
1
1
1
-1
0
-1
-1
-1
-1
0
-1
-1
-1
-1
-1
1
-1
1
0
1
-1
-1
-1
-2
1
-1
0
0
-1
-1
-1
-2
-1
0
-2
0
1
0
0
0
0
-1
-1
-1
-1
-1
1
0
1
1
1
-3
1
-1
0
-2
1
-1
-1
0
1
1
1
1
-1
-1
1
0
1
1
-1
-1
-1
1
1
-1
0
0
0
0
-1
-4
-1
-2
0
-2
0
-1
0
1
1
-1
-1
-1
-1
-1
-1
-1
1
0
1
0
1
-2
0
0
-1
0
-1
-1
-1
-1
1
-2
-1
-1
0
-1
2
-1
0
-1
0
0
0
-1
1
0
1
-1
1
-1
-1
-1
1
-1
0
1
1
-1
-1
1
0
-1
1
-1
1
-2
-1
-2
0
-1
0
0
-1
-3
1
-2
0
-1
-1
-1
0
-1
1
-1
-1
0
1
-2
0
-1
1
1
-1
-2
0
0
0
-2
1
-1
-1
-1
-1
0
-1
-1
-2
-1
1
-1
-1
-1
0
-2
1
-1
-1
-1
0
-1
1
-1
-1
-1
-1
-1
0
-1
-1
-1
-1
-1
-1
1
0
-1
1
-1
-1
1
1
1
1
-1
1
-3
-2
-1
-1
-1
0
-1
1
0
-1
-2
-1
0
1
-1
1
0
0
-2
-1
0
0
-1
-1
-1
-1
0
0
-1
0
-3
0
1
0
-1
0
-1
1
-1
-1
1
-1
-1
1
-1
0
-1
1
-1
-1
0
-1
0
1
-1
-1
-1
-1
-1
0
0
0
-2
0
1
0
0
-1
1
1
-1
2
-1
-1
-2
0
-1
0
0
0
-1
0
-1
0
-1
0
-1
1
-1
0
-1
-1
0
0
0
1
-1
-1
-2
-1
-1
-1
-1
-1
0
-2
0
-1
-1
1
-1
-1
-1
-1
-2
-1
-1
1
1
0
-1
-1
-1
-1
-1
-1
-3
-1
-1
1
-1
-1
-2
-1
-1
0
-1
1
-1
-1
-1
-1
-2
-1
-1
-1
-3
0
0
-1
-1
0
-1
-2
1
-1
-1
0
-1
-1
-1
0
1
1
-1
1
-1
-2
-2
-1
-2
0
-1
-1
-2
-1
-1
1
-1
0
-1
-2
-1
1
-1
-1
-1
-1
-1
-1
-1
-1
-1
1
-1
-1
-1
0
-1
-1
0
-1
1
-2
0
-1
-1
-2
-3
0
0
-1
-1
0
1
-2
-1
-1
0
0
-1
1
-1
0
0
0
-1
0
-1
-1
-1
-1
-1
0
-2
0
-1
0
-2
1
-1
0
1
0
-1
0
-1
-1
0
-1
-1
-1
0
-1
-1
1
-1
-1
-2
-2
0
1
-2
-1
1
0
-1
0
-2
0
-4
1
-1
1
-1
-1
-1
-1
-1
0
0
0
-1
-1
-1
-1
-1
0
-1
-1
0
0
1
-1
0
1
-2
-1
-2
-1
0
0
-1
0
-1
1
-1
1
-1
1
-2
-1
-1
1
-1
-1
-1
0
-1
0
0
-1
-1
1
-1
1
-2
-1
-1
1
-3
-1
0
0
0
-1
-1
0
-1
0
0
0
-1
1
-1
0
-1
0
-2
0
-1
-1
-3
0
-1
0
-1
-1
-1
-1
-1
-1
-1
1
-1
-1
-1
-1
-1
0
0
0
0
-1
0
0
-2
1
-2
-1
1
-1
-2
-1
-1
-1
0
-1
-1
-1
-2
1
-2
-1
-1
-2
-2
0
-1
-1
-2
0
-2
-1
-1
1
-1
-1
-1
0
0
1
-1
0
-2
0
-1
0
-2
-1
-2
1
-2
0
-1
-1
-1
-1
-1
0
-1
1
-1
-1
-1
1
-1
-1
-3
-1
-2
-1
-1
0
-1
-1
0
-1
-2
0
-1
1
0
1
-1
0
-1
-1
-3
-1
-2
-1
-4
-1
0
-1
-1
-1
-2
0
-1
0
-1
1
-1
-1
-2
0
-1
1
-2
-1
-1
0
-1
-1
-1
-1
-2
1
0
-1
0
-1
-1
0
-2
1
-1
-1
-1
-1
0
1
-1
-1
-1
-1
-1
1
-1
0
-2
-1
-1
-1
-1
0
-2
0
-3
1
-4
0
0
-1
-2
0
-1
1
-2
-1
-1
-1
-2
-2
-1
0
-1
0
-1
0
-2
0
-2
0
-4
0
-1
1
-2
-1
-1
-1
-1
0
0
0
-1
0
-1
1
0
0
0
0
-1
-1
-1
0
-1
0
-1
1
-3
-1
-1
-1
-1
-1
0
0
-1
-1
0
0
-1
0
-1
-1
-1
-1
-1
-1
-1
1
0
1
-1
-1
-4
0
-1
0
-1
1
-1
1
-2
0
0
0
-1
-1
-4
-1
-2
0
-4
-1
-1
1
-1
0
0
-1
-1
1
-1
-1
-1
0
-1
-1
-1
-2
-1
-1
-1
-1
0
-1
-1
0
-1
-1
-1
-1
0
-1
-1
0
-1
0
0
-2
-2
-1
0
0
-1
-1
-1
1
0
1
-1
-1
-1
0
0
0
-3
-1
-1
0
-2
-1
-1
-1
-1
-1
-1
-1
0
0
0
-1
-1
0
0
1
-1
-1
0
-1
-1
-1
-1
-1
-2
1
-1
0
-2
-1
-1
-1
-1
-1
-1
-1
-1
1
-2
-2
-2
-1
0
0
-1
0
0
-1
-1
-1
-1
1
-1
0
0
0
-1
1
-3
-1
-1
1
-1
1
-1
-2
-2
-1
-1
-2
-1
1
-1
-1
0
-1
-1
3
-2
0
-3
0
-1
-1
-1
0
-1
-1
0
-1
-2
0
-1
0
-1
-1
-3
0
-2
-1
-2
0
-1
-1
-1
0
-1
-1
-1
1
-2
0
-1
-1
-1
0
-2
0
-2
0
-1
-1
0
-1
-1
-1
-2
-44
356
23
-362
361
1
18
358
37
356
-62
-358
-81
-351
-349
100
-339
119
-334
141
-162
-325
-182
-315
-303
197
214
290
230
276
262
-247
-250
261
273
231
286
214
-302
-200
312
180
320
163
-144
330
337
124
-345
-106
349
83
-66
354
43
-360
359
21
-3
360
-19
-361
-42
-359
60
355
-81
-352
103
346
339
-124
141
331
-324
159
-314
179
302
-199
289
-214
231
274
-248
-264
-250
262
-232
276
-216
288
-300
-200
182
-314
-323
-164
-332
-143
340
123
105
-345
-350
-84
-356
-64
-44
357
-22
360
361
0
20
359
-42
-359
63
355
84
349
-347
103
-124
-340
332
-146
-162
-322
180
311
-198
-302
290
-218
-274
230
-262
247
-247
262
235
-278
-290
-215
-301
-199
-179
311
163
-325
143
-334
-124
335
346
100
83
-353
356
58
42
-361
-19
358
-1
356
23
358
-358
41
-355
64
-350
81
105
342
-126
-342
143
327
-322
162
-180
-314
-301
198
-290
214
233
273
259
-251
247
-266
230
-279
291
211
302
194
-314
-182
-161
322
-332
-144
119
-342
-346
-104
-353
-83
60
-358
-40
355
359
16
-361
1
23
359
42
356
354
-67
84
349
105
344
-338
124
145
329
163
322
183
308
297
-201
216
286
-276
233
259
-252
263
245
-232
277
-214
291
-198
303
-179
313
158
-324
-142
332
118
-341
344
100
-81
351
-60
356
358
39
18
-360
360
-4
-361
25
358
-47
352
-66
-87
-351
-108
-345
337
-127
329
-146
321
-166
-312
182
-201
-300
-286
217
-233
-275
-251
-261
245
-267
-228
278
-293
-214
303
193
-315
-176
157
-325
332
138
119
-342
-346
-102
-351
-80
356
57
359
37
362
18
-359
2
26
359
47
358
-354
66
349
-88
107
343
-337
126
330
-149
-166
-321
-185
-312
-202
-301
-220
-288
273
-238
260
-254
-245
266
228
-281
293
211
-194
302
314
174
-324
-159
-138
328
-119
339
-347
-102
-78
350
-356
-60
-37
356
14
-362
-7
-363
-359
25
-48
-361
67
354
88
348
-110
-346
129
334
328
-150
-170
-322
-310
182
203
296
-221
-289
236
271
-258
250
243
-269
279
226
209
-297
-307
-195
315
173
323
154
137
-336
339
117
-349
-99
-78
350
-57
355
-361
-38
361
12
-363
6
-361
25
-358
46
-71
-358
88
348
342
-112
-338
129
148
327
166
316
-189
-311
202
296
-288
218
-240
-274
-260
252
-270
-243
-284
-227
293
209
-194
304
315
172
-156
327
134
-334
-117
342
-1
-1
-2
0
-2
-3
-1
-1
-1
-1
-1
-1
0
-3
-1
-2
299
199
311
183
320
165
331
145
338
127
344
105
351
84
354
66
356
45
361
23
-362
-2
359
-18
358
-40
355
-61
351
-81
346
-100
-339
121
333
-142
324
-161
314
-180
-303
197
290
-214
-277
231
266
-248
-248
260
235
-277
218
-290
-200
300
-180
311
165
-324
143
-332
126
-342
-103
344
-84
350
-64
351
45
-361
-18
357
3
-365
20
358
-40
-363
-62
-361
-81
-355
-103
-350
-122
-344
-141
-334
-161
-328
180
309
199
298
-216
-294
-233
-281
-249
-268
263
244
-276
-238
289
212
300
196
311
177
320
158
328
141
337
122
343
101
348
82
-360
-66
358
38
-363
-25
