-310
199
-312
-276
260
202
180
-312
-327
-206
149
-332
-175
315
-157
325
100
-351
334
84
340
64
38
-362
345
24
-377
-14
-2
356
-375
29
-65
-359
342
-77
-107
-351
-127
-344
-348
134
-165
-328
161
320
180
308
284
-208
272
-225
-279
242
-264
259
-249
272
-233
288
-306
-203
-197
310
311
169
145
-329
126
-337
337
112
-99
349
66
-354
352
51
25
-360
-363
-8
7
360
-38
-359
353
-57
71
353
-99
-349
337
-116
131
334
-331
154
-321
173
-196
-307
-214
-293
-286
223
-247
-271
252
-258
-275
-239
219
-285
-209
297
-314
-188
166
-320
325
148
-341
-130
339
109
-93
349
352
69
-359
-50
29
-361
361
4
-360
15
-360
35
-358
54
-354
75
346
-98
-119
-345
135
332
-328
154
173
314
304
-193
208
291
281
-227
-245
-269
-255
258
-238
270
-223
286
-301
-206
-189
308
-323
-169
327
148
128
-337
-112
344
-352
-89
353
66
354
47
-363
-31
-364
-8
-364
14
35
356
-57
-358
-78
-353
346
-100
341
-118
-136
-334
-328
156
173
314
-194
-307
-213
-295
227
279
-270
245
-252
259
235
-274
-221
286
299
202
-187
310
320
165
-148
328
337
128
-109
343
-89
349
353
66
-359
-47
-3
-1
-1
0
-1
-1
-1
0
-1
1
-1
-1
-1
-1
-1
-1
-1
-2
-1
-1
-1
-1
-1
-1
-2
-1
-1
0
-1
-1
-2
-1
-2
-1
-2
-1
-2
-1
-1
-2
0
-1
-3
0
-1
-2
-1
-1
-1
-1
0
-1
-1
-1
-1
0
-1
1
-2
-1
-1
-1
-1
1
-2
0
-1
-2
-2
-1
-1
-1
-1
-1
-4
-1
-1
-1
0
-1
-1
-1
0
-1
-1
-1
-3
-1
0
-2
-4
-1
-3
0
-1
0
-1
0
-1
0
-1
0
-1
-1
1
0
-1
-2
-1
1
-2
-1
-2
1
-2
-1
-1
-1
0
-1
-3
-1
-2
-1
-1
0
0
-1
-1
0
-2
0
-1
-1
-3
-1
-1
-1
-1
-2
0
-1
-1
-1
-3
-1
-2
-1
-1
-1
-1
0
-1
-1
-1
-1
-1
-1
-1
0
-1
-1
-3
-1
-2
-2
-3
0
-3
-2
-1
-2
-1
0
-2
-2
0
-1
-1
-4
-4
-1
-1
-1
-2
-1
-1
0
-2
0
-2
-1
-3
-1
-1
-1
-4
-1
-1
0
-2
0
-4
-1
-1
0
-2
-1
-1
1
-1
-1
-2
-2
-3
-1
-1
1
-2
0
-1
1
-4
1
-3
1
-1
0
-3
-1
-1
-1
-2
1
0
-1
0
0
-2
2
0
1
-2
0
0
-1
-1
1
0
-1
0
1
-2
0
0
0
-1
0
-2
-1
-1
-1
-2
0
-1
-1
-1
-3
0
-1
-1
1
-1
0
0
-1
-1
-1
-1
1
0
-1
-1
-1
-1
0
-1
-1
-2
0
-3
-1
-1
-2
-1
-1
-3
-1
-1
-1
-1
-1
-2
-1
-1
0
-1
-2
-3
-1
-3
-1
0
-1
0
-1
-1
-1
-2
0
0
-1
-2
-1
-1
0
-3
-1
-1
-2
-1
-3
-1
-2
-2
-2
0
-2
-1
0
-1
-1
-3
-1
-3
-1
-1
-1
-1
-2
-1
-1
-1
-1
-2
-4
-1
-1
-1
-1
0
-1
-2
-1
-2
-1
0
-1
-4
-1
-1
-1
-2
-1
-1
-3
-2
0
-3
-3
-4
-1
-1
-1
-2
-1
-4
-2
-2
-1
-2
-1
-1
-1
-3
0
-2
-1
-3
-2
-2
0
-1
0
-4
-1
-1
-1
-2
-1
-2
-1
-2
-1
-1
-1
-2
0
-1
0
-2
1
-3
0
-3
-1
-2
0
-2
0
-1
-1
-1
0
-2
-1
-1
0
-4
0
-4
-1
-4
0
-1
1
-2
-1
-1
1
-1
-1
-1
0
-1
2
0
0
-1
1
-1
1
-1
0
0
0
-4
-1
-2
-1
-3
-1
-1
-1
0
0
-1
-1
-1
0
-2
-2
-1
0
-1
-1
-1
0
-1
0
0
0
-2
1
-1
-1
-1
-1
0
0
-1
0
-1
0
-1
-2
-1
-1
-1
-1
-1
-2
-1
-2
-1
0
-1
-2
0
-1
-2
0
-1
-2
-1
0
0
-1
-1
-1
-1
0
-2
0
-2
-1
0
1
-2
-1
-1
-1
0
1
-2
0
0
0
1
-1
-1
-1
0
1
-2
-1
-4
-1
-1
-1
-1
-1
-2
-1
-1
1
-1
-1
0
-1
1
-1
-1
-1
-1
-2
-2
0
-1
-1
-1
-1
-1
1
-2
-1
-2
-1
-2
0
-1
-1
-3
-1
0
-1
-2
-1
-1
0
-1
0
-1
0
-1
0
-1
-1
-2
0
-2
0
-2
-1
0
0
-1
1
0
-1
-2
0
-1
-1
-1
-1
-1
1
-2
-1
-1
-1
-1
-1
-1
0
-1
1
-1
-1
-1
-1
-1
-1
-1
0
-1
-1
0
-1
-2
-2
-2
-1
-3
0
-1
0
-1
0
-2
1
-1
-1
-1
0
-1
-1
-4
-1
-1
-1
-1
0
-1
0
-2
0
0
0
-1
0
-1
-1
-1
-1
-1
1
0
-1
0
-1
0
0
0
0
-2
1
-2
1
-1
0
-2
0
-2
0
-1
-2
-1
-1
-1
-1
-1
-1
-1
-1
0
0
-1
-1
0
-1
-1
-1
-3
-1
-1
-1
-1
-1
0
-1
-1
-1
-1
-1
-1
1
0
0
-1
0
-2
-1
0
2
-1
-1
-1
-1
-1
-1
-2
1
-1
-1
-1
-1
1
1
-1
0
1
1
-1
-1
-1
-1
-1
-1
-1
1
-1
-1
-1
-1
-1
-1
-1
-1
-1
-1
-1
0
-1
-1
-1
-1
-1
1
0
-1
-1
1
-1
-1
-1
-1
-1
0
-1
1
-1
1
-1
-1
-1
-1
1
0
-1
-1
-1
0
-1
0
-1
-2
-1
0
-1
1
-1
-2
0
-1
-1
-1
-3
-1
-4
-1
-1
-2
-1
1
0
-1
-1
-1
-1
0
-1
-1
-1
-1
-1
-1
-1
0
0
-1
-1
0
-2
-2
0
-1
-1
-1
-1
0
0
0
-1
0
1
-1
0
0
-1
-3
-1
-1
0
0
-3
-1
0
-1
-1
-1
-3
0
-3
0
-1
-1
-1
-1
-1
0
1
-1
0
-1
1
0
-1
-1
-1
-1
-2
1
-1
-1
-1
0
0
-1
-1
0
-1
1
1
0
-1
-1
0
0
-1
-1
-1
-1
-1
0
-1
-1
-1
1
-2
-1
0
0
-1
1
-2
1
-1
-1
0
-1
-1
0
0
-1
-1
-1
-1
1
0
-1
1
-1
-1
0
0
-1
0
0
-1
0
0
-1
-1
0
-1
-1
-1
0
-2
0
0
-1
-2
1
0
-1
1
0
-1
-1
-3
-1
-1
-1
-1
0
-1
0
0
-1
-1
-1
-1
1
-2
-1
0
-1
-1
1
-1
1
-1
-1
-1
-1
0
0
-1
1
-1
0
-2
1
-1
-1
-1
-1
-1
-1
1
-1
1
0
-1
-1
-1
0
0
1
0
0
-2
-2
-1
1
-3
1
-1
1
0
0
-1
-1
-1
0
0
-1
1
1
-1
2
-1
-1
-1
0
0
-1
-1
0
-1
1
-1
1
-2
1
-1
-1
-1
1
0
0
-1
1
-1
-1
-1
-1
-1
-1
1
2
-1
1
-1
1
-1
0
-1
-2
-1
1
-1
-1
-2
1
-1
0
0
-1
-1
-1
-1
-1
-3
-1
-1
-1
-1
0
0
-1
-1
0
-1
1
-1
-1
-1
1
0
2
-2
0
-1
0
0
-1
-2
-1
-1
1
0
1
-1
0
0
0
0
1
0
0
-1
-1
-1
-1
-1
1
-1
-1
-1
0
-1
-1
0
0
0
0
-1
0
0
-1
-1
1
-1
0
0
-1
0
-1
-1
0
-2
-2
-1
1
-2
-1
-2
1
-3
0
-1
0
-1
-1
-1
0
0
0
-1
-1
-1
-1
-1
0
-2
0
-1
1
-1
-1
-1
1
1
-1
0
0
-1
-1
1
-1
-2
-1
-1
-1
0
0
-1
0
0
-1
0
-1
0
-1
-1
1
-1
0
-3
-2
-1
0
-1
-1
-2
-1
-1
-1
-1
0
-2
0
0
-1
-2
-1
0
0
-2
0
1
0
0
1
-1
0
-1
0
-1
-1
-1
-1
0
-1
-1
1
0
-1
-2
1
0
1
-1
1
-1
0
0
-1
-1
1
0
-1
-1
-1
-2
-1
0
0
0
0
-1
-1
0
1
-1
0
-1
0
-1
1
1
0
-1
-1
1
0
1
0
-1
1
-1
-1
-2
-1
-1
0
-2
-1
-1
1
-1
-1
0
-1
-2
-1
1
0
-1
0
0
-2
-1
0
0
1
-1
1
1
1
1
-1
-1
-1
0
0
-1
-1
-1
1
-1
-1
0
-1
-1
-1
-1
-1
-1
0
0
1
0
-1
-3
1
0
-1
0
0
1
1
-1
-2
-1
0
0
1
-1
0
-1
1
-1
-2
0
0
1
-1
1
-1
-1
1
-1
-1
0
-2
0
-1
1
-1
-1
0
-1
-1
-1
0
-1
-1
-2
-1
1
-1
0
0
-1
-1
0
1
0
-1
0
-1
-3
-2
-2
-2
-1
-1
0
-2
-1
0
0
1
0
-2
0
-1
-2
0
-1
1
-1
1
0
0
0
1
1
0
-1
-1
-1
-1
-3
-1
0
0
1
1
0
1
0
1
-1
-1
-2
-1
0
0
-1
-1
-1
0
-1
-1
-2
-1
0
0
0
-1
-2
1
-1
1
-3
-1
-1
1
-1
-1
-1
0
0
0
-1
1
-2
0
-1
1
0
0
-1
1
0
0
-1
-1
-1
0
-2
1
-2
1
-1
-1
-1
0
0
-2
-1
-1
0
0
-1
-1
-2
1
0
1
-1
1
-1
0
-1
-2
1
0
-1
1
-1
0
-2
0
1
-1
0
0
-1
-3
-1
-1
-1
1
0
1
-1
-2
-1
1
-1
-1
-1
0
1
0
1
0
1
0
-1
-1
-1
-1
-1
-1
1
-1
0
0
0
1
-1
-1
-1
-1
-1
1
-1
-1
0
1
1
-2
-1
0
-1
0
-1
0
-2
-1
0
-1
1
-1
-1
1
0
1
0
1
0
-1
0
-1
1
0
-1
-1
0
-1
0
0
-2
-1
0
0
1
-1
-1
-1
0
0
1
-1
-1
-1
0
0
0
0
-1
-1
-1
-1
0
0
1
1
-1
-1
-3
0
-2
-1
-1
0
-1
1
-1
0
-1
-1
0
1
0
0
0
-1
0
0
-1
0
-1
-1
-1
1
-2
-1
0
-1
-1
-1
-1
1
-1
0
-1
-1
-1
0
0
-2
-1
0
1
1
-1
1
1
-1
-2
1
0
1
-1
-1
-1
1
0
-1
0
1
-1
-1
-1
-2
0
-2
1
-1
1
2
-2
1
-1
1
-1
-1
-2
0
-1
-1
0
1
-1
1
0
0
-1
1
0
0
-1
-1
-1
1
0
0
1
1
0
-1
-1
-1
-1
1
0
0
0
0
1
-1
-2
0
-1
0
1
-1
0
0
-1
-1
0
-1
-2
1
-1
0
0
0
0
-1
2
-1
-1
-1
1
0
-1
1
-1
-1
0
-1
1
-1
0
-1
-1
-1
0
-1
0
0
0
-1
0
0
-1
0
0
0
1
-1
-2
-1
1
-1
0
-1
0
0
2
-1
-1
-1
0
1
0
-1
-1
0
-1
1
0
0
-1
1
0
-1
-1
-2
0
-3
0
-1
1
-2
-1
1
0
-1
0
-1
1
1
-1
0
1
-1
0
-1
-1
-1
-1
-1
0
1
-1
-2
0
-1
1
0
1
-1
-1
1
1
0
0
1
-1
-1
-1
-1
-1
-1
-1
-1
1
-1
0
-1
0
-1
-1
-2
-1
-1
0
-1
0
-1
-1
-2
0
0
1
0
0
-1
1
0
0
-2
-1
-1
0
0
0
-1
-1
-1
1
-1
0
-1
-2
-1
-1
0
0
-1
-1
-1
0
0
0
-1
-1
0
-1
-1
-1
0
-1
-2
0
-1
-2
1
-1
-1
-1
-1
-1
-1
-1
0
0
-2
0
-1
0
-1
0
-1
0
-1
0
1
0
0
0
1
0
-1
0
1
-1
-1
0
-1
-1
-1
-1
-1
0
1
-1
1
0
-1
0
-1
-1
0
0
-1
1
0
0
-1
-1
1
-1
1
-1
-1
-1
-1
-1
-1
1
-1
1
-1
0
1
-1
0
-1
-1
-1
-2
-2
0
-2
1
0
0
1
0
-1
-1
0
-1
-1
0
1
0
1
-1
0
0
0
-1
0
-1
0
-1
-1
0
-1
0
-1
0
-1
-1
-1
0
0
-1
0
0
-1
0
-1
1
0
0
1
0
0
1
0
1
1
-1
1
-1
-1
1
1
-1
-1
-1
0
-1
0
-1
0
-1
-1
-1
-1
0
-1
-2
1
-1
-1
0
0
1
0
-1
-1
-1
-1
1
1
-1
-1
-1
-1
0
0
-1
-1
-1
0
-1
-1
0
1
-2
-1
-1
0
-2
1
-1
-1
-1
0
1
-1
-1
-2
-1
-1
-1
-1
-2
1
0
0
-1
0
-1
0
-1
0
0
0
-1
-1
-1
-1
1
1
-1
-1
0
-1
-1
0
-2
0
-2
-1
-1
-1
0
0
-1
-1
0
1
-1
-2
0
-1
-1
0
0
-1
-1
-1
0
0
-1
1
0
-1
0
-1
1
-1
-1
-1
1
0
0
-1
-2
-1
0
1
0
-1
-1
0
0
-1
1
1
-1
-1
0
0
-1
1
0
-1
0
-1
-2
0
-1
1
0
-1
-1
0
0
-1
0
-1
-1
0
0
-1
1
0
1
1
1
1
0
0
0
1
-1
0
0
1
-1
-1
-1
0
-1
1
0
0
1
1
-1
-1
0
0
-1
1
0
1
-1
-1
-1
1
0
0
1
2
0
1
-1
1
0
1
-3
0
-2
0
0
1
-2
0
1
0
-1
-1
-2
-1
0
-1
-2
-1
-1
-1
-1
1
0
0
-1
-1
0
0
-3
-1
-1
-1
-1
-1
0
-1
-1
1
-1
1
-2
-1
-1
-1
-1
-1
-2
1
-1
0
-1
0
-1
1
-1
1
0
1
-2
-1
-1
0
-1
-1
-1
-1
-1
0
-2
0
-1
0
-2
-1
-1
1
-1
-1
-1
-1
-1
-1
-1
1
0
-1
-1
0
-1
1
-2
-1
-2
1
-1
1
-1
-1
0
-1
-1
-1
-1
0
-1
-1
-1
-1
-1
0
-1
1
0
0
-1
0
-1
0
0
-2
-1
0
1
-1
-1
0
-2
1
-2
-1
-1
0
-1
-1
0
0
-1
-1
-1
0
-3
-1
0
-1
-2
-1
-1
1
0
0
-2
-1
-1
0
0
-1
-1
0
-1
0
1
0
1
1
1
-2
0
-1
0
0
-1
1
1
-1
-1
-1
-1
0
-2
-1
0
1
-2
0
-3
1
-1
-1
-2
1
0
1
-2
-1
-1
-1
-1
0
-1
1
-1
-1
-1
0
-1
0
0
-1
-1
0
-1
0
-1
-2
-2
0
0
0
-1
1
-1
-1
-1
0
0
0
0
1
-1
-1
-1
-3
-1
-1
1
0
-1
-1
0
-2
-1
0
0
-1
-1
0
-1
-1
-1
0
-2
-1
0
-1
-1
-1
-1
0
-1
-1
-1
0
-1
-1
-2
-1
0
-1
-2
0
-1
0
-1
0
-1
-1
0
-1
0
1
-2
0
-1
0
-1
-1
-1
-1
-1
0
1
-1
0
-1
-1
-1
-1
-1
1
0
-1
-1
-1
-1
-1
0
-1
1
1
-1
0
0
-1
-1
-1
-1
-1
0
-1
-1
-1
-1
-1
-1
0
-1
-1
-1
-1
-1
-1
0
0
0
-1
0
-1
0
-1
-1
-1
-1
-1
1
-1
0
-1
-1
0
-1
-1
-1
-2
-1
0
0
1
1
-1
1
-2
1
-1
0
0
1
-3
0
-1
0
-1
1
-1
1
-1
0
-1
-1
-2
0
-1
-1
-1
-1
0
1
0
-1
-1
1
-1
-1
0
1
1
0
-1
1
0
-1
-1
0
-2
1
-1
0
-1
1
-2
1
0
-1
-1
-1
-1
-1
-1
0
-1
-1
0
0
-1
-1
-2
1
-1
0
0
-1
-1
-1
-2
0
-1
1
-3
0
-1
0
-1
0
0
0
0
0
0
0
-2
0
-1
0
-1
1
-1
0
0
0
-1
-1
-1
-1
-1
0
0
0
0
0
-2
-1
-1
0
-2
-1
-1
-1
-1
-1
-1
1
0
-1
-1
-1
-1
-1
-1
0
0
0
-1
0
-1
-1
-1
-1
0
-1
0
-1
-1
0
0
-1
-1
0
-1
-1
-3
1
-1
-1
-3
1
-2
-1
0
-1
-1
0
-1
-1
0
-1
-1
-1
1
-1
0
-1
-1
0
-2
-1
-1
-2
1
-1
-1
-1
-1
1
-1
0
-1
0
-3
-1
0
-1
-1
-1
-1
1
-2
1
-1
1
0
-1
-1
0
-2
-1
-2
1
-1
1
-1
0
-1
0
0
0
-1
-1
-1
1
-1
1
-1
-1
-1
-1
-3
-1
-1
-1
-1
0
-4
-1
-3
0
-1
-1
-1
0
-1
0
-1
1
-2
0
-1
0
-1
0
-3
0
-2
0
0
-1
-1
0
-1
1
-2
-1
-2
-1
-1
-1
-2
-1
0
-1
-1
0
-4
-1
-2
-1
-2
-1
-2
-1
-1
0
-2
1
-1
-1
-2
1
-2
1
0
0
-2
0
-1
1
0
-1
0
0
-1
0
-1
0
-1
0
-1
-1
-1
-1
-1
-1
-1
-1
-1
-1
0
-1
0
0
0
0
-1
-1
-2
-1
-2
-1
-1
-1
-3
0
-1
0
-2
-1
-1
0
-3
1
-2
-1
-1
-1
-2
-1
0
1
-1
-1
-1
0
-1
1
-3
-1
0
-1
-1
-1
0
0
-1
0
-1
-1
0
0
-1
-1
-1
-1
-1
-1
-1
-1
-1
0
-2
-1
-1
0
-1
-1
-3
0
-1
-1
-1
-1
0
-1
1
-1
-3
-1
-1
-1
-1
-2
-1
0
-2
-1
-2
0
-2
-1
-1
-1
-2
-1
-1
-1
-1
-1
-1
-1
-1
-1
0
1
-1
-1
-2
1
0
-1
-1
-1
-1
-1
-1
0
0
1
-1
0
-1
-1
-1
-1
-2
1
0
-1
-1
-1
0
-1
0
0
-1
-1
-1
0
-1
0
-1
0
-1
1
-1
0
0
1
-1
1
-1
-1
-1
-1
-1
-1
-1
1
-1
-1
-1
-2
-1
1
-1
0
-1
1
-2
0
-1
1
-2
1
0
-2
-1
0
-1
-1
-1
0
-1
0
-1
-2
-2
-1
0
-1
-3
-1
-1
1
-1
-1
-1
0
-2
0
-1
0
-1
0
0
-1
1
1
-1
0
-1
0
0
1
-3
-1
-1
0
-1
0
-1
-1
-1
-1
-1
0
-2
1
-1
-2
-2
-1
-1
1
-2
-1
-1
1
-1
1
-2
0
-1
-2
-1
0
-2
0
0
-1
-1
0
-3
0
-1
-1
-2
-44
357
-361
-25
-363
-4
-363
16
358
-41
-62
-356
82
351
346
-104
122
338
-143
-332
160
322
-315
177
302
-199
-214
-293
-279
231
-265
246
247
-262
233
-276
-289
-218
-200
300
312
180
-165
321
-144
331
339
124
104
-345
-85
350
355
63
41
-360
-24
359
-361
-1
-359
19
-43
-361
-62
-357
351
-84
-105
-347
338
-125
141
332
322
-162
-314
177
-199
-303
290
-216
276
-235
-250
-264
-262
-248
-232
274
-292
-216
-200
301
-182
311
163
-324
143
-334
124
-341
-346
-105
83
-353
-357
-63
357
42
-21
360
0
-361
-21
-361
41
357
62
354
83
350
346
-104
341
-125
-143
-333
-321
163
182
313
-199
-303
218
288
-233
-278
250
260
249
-265
233
-279
215
-289
197
-303
180
-316
162
-324
331
139
-342
-124
-346
-105
352
81
356
59
-358
-43
-18
358
-360
-1
-361
21
44
357
63
354
-352
83
107
342
125
337
330
-147
322
-164
-312
181
-200
-303
-289
216
276
-235
-248
-264
264
244
278
228
-291
-217
-197
301
-314
-182
-323
-163
334
138
340
120
348
100
-83
350
356
59
358
38
-362
-22
-361
1
360
-25
-359
42
-66
-356
-351
84
-346
105
125
336
-146
-332
-165
-323
310
-184
-203
-301
-291
218
-235
-276
-252
-262
-267
-246
-280
-231
210
-293
194
-304
-180
313
-161
322
332
139
338
120
344
101
-81
353
356
59
37
-361
-361
-18
4
359
358
-25
358
-47
66
355
350
-87
-344
107
-338
126
145
330
-167
-321
310
-185
-301
202
-219
-288
234
274
-260
249
-245
264
278
228
-292
-213
-194
304
-177
313
325
156
139
-334
340
119
-348
-100
351
77
-60
357
-37
356
16
-363
7
358
-360
25
47
356
-356
66
-350
88
107
343
337
-129
-149
-332
166
319
-185
-312
-300
202
288
-221
-272
235
-253
-261
-268
-245
279
228
-293
-214
193
-306
-175
313
158
-325
136
-336
-342
-119
-348
-100
-78
351
-356
-59
35
-362
361
13
6
358
-361
26
-49
-361
69
351
88
349
-110
-346
-340
127
-330
147
319
-171
-186
-310
298
-205
-288
219
-238
-276
251
255
-244
266
227
-283
294
211
-195
305
-177
315
-328
-159
-137
334
-344
-119
95
-349
352
75
-57
356
-37
356
-361
-15
-363
6
-28
-363
-359
46
354
-72
-351
88
109
342
336
-132
-151
-332
-172
-321
186
308
-206
-299
-287
218
-274
235
-261
252
-269
-244
-229
281
292
207
-195
305
173
-317
-156
326
-335
-136
-344
-115
93
-348
351
76
52
-357
358
33
-361
-13
-9
-361
-30
-361
357
-50
-355
71
-93
-351
-113
-344
-336
131
-330
152
169
320
-191
-308
-206
-297
284
-221
240
272
-255
-257
242
-267
-281
-223
-209
293
192
-308
-170
317
325
154
-335
-136
-114
344
351
95
-353
-74
-356
-54
33
-361
-359
-13
10
359
-30
-362
358
-52
358
-72
95
349
114
342
339
-134
153
327
173
316
190
307
299
-207
224
280
272
-245
258
-258
243
-272
226
-287
-207
292
-307
-193
172
-323
155
-330
-334
-136
342
110
-348
-98
354
69
52
-361
359
28
358
7
11
356
357
-36
50
353
71
349
-96
-354
340
-117
-135
-342
-330
148
314
-175
-193
-310
-300
204
-285
221
-272
237
