-310
199
-281
235
-312
-243
269
189
-328
-205
297
156
306
137
-359
-146
101
-351
80
-358
-367
-80
-372
-59
346
23
-376
-15
-4
358
19
357
-65
-360
342
-78
337
-98
101
342
-347
133
-166
-327
-182
-318
-203
-305
285
-208
-294
227
-251
-269
-264
257
-249
274
275
225
-308
-202
179
-305
313
170
-158
328
-141
336
-120
344
-98
348
-78
353
-53
357
24
-361
-365
-10
-18
-361
29
360
-361
54
71
354
91
349
111
341
-141
-336
-331
154
170
318
187
306
206
294
-284
223
237
267
250
-260
-276
-239
218
-284
201
-298
-191
305
-173
317
326
149
127
-339
-115
342
346
91
351
69
48
-360
-361
-30
360
6
-361
13
-37
-362
356
-57
-76
-355
347
-99
340
-119
-336
135
-157
-330
173
314
190
304
292
-212
-284
226
-245
-270
-259
-255
235
-274
-288
-223
-301
-206
308
185
-168
319
148
-331
128
-338
-348
-111
347
88
-71
355
354
47
-361
-28
-8
360
-16
-363
35
358
-360
57
-356
76
345
-98
339
-119
-138
-335
-327
157
-176
-316
-195
-308
209
293
279
-228
264
-245
-255
257
271
236
218
-286
-301
-204
-189
311
317
168
146
-329
334
127
-110
345
349
88
-358
-68
-49
358
0
1
-2
-2
0
-2
-1
0
-1
0
0
0
-1
-1
-1
0
0
-2
-1
-1
-1
-1
-1
-1
-1
-4
-1
-2
-1
-1
-1
-3
-2
-1
-1
-1
-1
-1
-1
-2
-1
-2
-1
-1
-2
-1
-2
-2
-1
-1
-2
-1
-1
0
-1
0
-1
1
-1
-1
-1
-1
-1
-2
-4
0
-4
0
-1
0
-1
0
-1
-1
0
-1
-4
-1
-1
-1
-1
-1
-1
-1
-3
-1
-1
-1
-1
-1
-3
0
-1
1
-2
0
-2
1
-1
1
-1
-1
-1
-1
-1
-1
1
-1
-1
1
-1
1
-1
0
-1
0
-1
-1
0
-1
-2
-1
0
-1
0
-1
-1
-1
-1
-1
-2
-1
-1
0
-1
-1
-2
-3
-1
0
0
0
-1
1
-1
-2
-1
0
-2
0
-2
-2
-1
0
-1
-1
-3
-1
-2
-1
-1
-2
-1
0
-1
-1
-1
-1
-2
-1
-3
-3
-2
-2
-3
0
-1
-1
-2
-1
-2
-1
-1
-1
-2
-1
-3
0
-3
-1
-3
-1
-4
-1
-1
-1
-1
1
-1
3
-3
0
-2
1
-1
-1
-4
0
-1
1
-2
0
-4
-1
-2
0
-2
1
-3
-1
-2
-1
-2
1
-3
-1
-4
1
-2
0
-2
1
-3
-1
-1
1
-1
1
-1
-1
-1
1
-2
0
-2
0
-3
1
-1
0
-1
0
-1
1
-1
1
-1
1
-2
-1
-1
-1
-1
2
-1
-2
-1
-1
0
1
-1
0
-2
0
-1
-1
0
-1
-1
0
0
-1
-1
-2
0
0
-1
-1
-1
-1
-1
-1
-1
-1
1
-1
-1
-2
1
0
-2
0
-2
-4
-1
0
0
-3
-3
-1
-3
-1
0
-1
0
-1
-2
-1
-1
-1
-1
-1
-2
-1
-2
-1
-2
-2
-1
-1
-1
-2
1
-1
-2
-2
0
-4
-1
-1
-1
-2
-3
-3
-2
-1
-2
-1
-2
-1
-1
-3
-1
-3
-1
-1
-1
-1
-1
-1
-1
-1
-2
0
-2
-1
-2
-2
-4
-1
-1
-1
-2
-1
-2
-1
-1
-2
-1
-1
-1
-1
-2
-2
-2
0
-1
-1
-3
-2
-2
1
-1
-1
-1
-1
-4
-1
-2
0
-2
1
-1
-1
-1
-1
-3
-1
0
1
-4
0
-3
-1
-2
0
-3
0
-2
0
-1
2
0
-1
-1
0
-4
0
-1
0
-1
-1
-1
1
-2
0
-1
0
-3
-1
-4
1
-1
0
-1
0
-3
1
-3
1
0
0
-1
0
-1
0
-1
0
-1
0
-1
1
0
-1
0
0
-1
0
0
0
1
-1
0
0
-1
-1
0
0
-1
-1
-1
-1
-1
0
0
-1
0
-1
0
1
-1
0
-1
-1
-1
0
0
-1
0
-1
0
0
-1
-1
-1
-1
1
-1
-1
-1
0
1
0
-3
0
-1
-1
-2
-2
-1
-1
-1
-1
-1
-1
-1
-1
-1
-2
-1
1
-2
-1
-1
-2
-2
0
-1
-2
-1
-1
-1
-1
-1
-2
0
-1
-1
-1
-1
-1
-2
-1
1
-2
-1
-2
0
-1
0
-2
-1
-4
-1
-2
1
-3
0
-1
0
-3
0
-3
-1
-2
0
-1
0
-1
-1
-1
1
-3
-1
-1
1
-1
-1
0
-1
-1
-1
-2
0
-1
-1
-1
0
-1
-1
0
1
-1
0
-1
-1
-1
0
0
-1
-1
0
-1
0
-2
0
-2
-1
-1
-1
0
-1
-1
-1
-3
-1
0
-1
0
1
0
-1
0
1
-1
-1
-2
-1
-1
-1
-1
-1
-1
-1
-1
-1
-2
-1
0
0
0
0
-1
-1
-2
-1
0
1
-1
1
-2
0
-3
-1
-1
0
-1
-1
-2
1
-1
0
0
-1
-2
-1
-1
0
-1
0
-3
0
-1
-1
-3
-1
0
0
-1
-1
0
0
-1
-2
-1
-1
-1
0
0
-1
-1
1
-1
-1
-1
0
-2
-2
-1
-3
-1
-1
0
0
-1
-1
-2
0
-1
-1
0
-1
0
0
-1
-2
-1
1
-2
-1
-2
-1
-1
-1
0
0
0
1
0
-1
-1
-1
0
0
-1
0
-1
-2
-1
0
-2
-1
-1
0
-2
1
-1
-1
1
-2
0
0
0
-1
-1
-1
0
0
-1
-1
-2
0
0
0
-2
-1
-1
-1
-1
1
-2
-1
-1
-1
-1
0
-4
-1
-2
1
0
-1
-1
1
-1
-1
-1
0
0
-1
-1
1
-1
0
-1
-1
0
-1
2
0
-1
2
-1
-1
-2
-1
-1
-1
-3
-1
-1
-2
-1
1
-1
-1
-1
1
-1
1
0
-1
-1
0
-1
-1
-1
1
-1
-1
0
-1
1
-2
0
-1
-2
-1
-1
-1
-1
-1
-1
-1
-1
0
-1
-1
-3
1
-1
0
-1
-1
-1
-1
-1
-1
-1
-1
-1
-1
-1
1
-3
-2
-1
0
-1
-1
-1
-1
-1
-1
0
-1
1
0
0
-1
0
0
-1
0
-1
-1
0
0
-1
0
-2
-1
-1
0
-1
0
0
-1
-2
-1
-1
-1
-1
-1
-3
-2
-1
1
0
1
0
-1
1
-1
-4
1
0
-1
-1
-1
-1
-1
-1
0
0
-1
-1
1
0
0
0
-1
-1
0
0
1
-1
-1
-1
-1
-1
-2
-1
-1
-1
-1
0
-2
0
0
0
-1
1
-1
0
0
-1
-1
-1
-1
-1
-1
-1
-1
0
0
-1
0
-1
0
-2
-1
-1
0
-1
0
-1
0
-1
1
-1
-1
0
0
-1
0
-1
-1
-1
-1
-1
-1
-1
-1
-1
-1
-1
0
-1
0
0
0
-1
-1
-1
0
-1
-1
-1
0
-1
0
-2
1
-2
0
0
0
0
-1
-1
0
0
0
-1
-1
0
0
-1
0
-1
1
-1
1
0
-1
1
-1
0
-1
-1
1
-1
0
0
-1
-1
1
-1
1
0
-3
-1
0
-1
-2
0
-1
-1
1
-1
-1
-1
0
-1
-1
0
-1
-1
-1
-1
-1
-1
1
0
-1
-3
-2
-1
-1
0
0
-1
-1
-2
0
0
0
-1
0
-1
1
0
1
-1
-1
0
-1
0
-1
0
1
-1
1
-1
0
-1
0
-2
-2
-1
-1
0
-1
0
0
-1
-1
1
1
-1
-1
-1
1
-2
1
-1
0
-1
1
-2
-1
-1
-2
-1
-1
-1
0
-1
0
-1
1
-1
1
0
0
1
0
-1
0
0
-1
-1
-1
-1
-1
-1
-1
0
-1
1
-1
-1
-1
-1
1
-2
1
-1
-1
0
1
0
0
-1
1
-1
1
-1
0
1
-1
-1
-1
-1
1
0
-2
0
0
-1
1
-2
-1
0
-1
0
1
-1
0
0
0
0
-1
-1
-1
-2
-1
-1
-2
-1
0
-1
-1
-1
-1
1
-1
-1
0
-1
0
-2
0
-1
-1
0
-1
0
-1
-1
1
-2
-1
-1
-1
-2
-1
-1
0
-1
-1
-2
-1
-2
1
1
1
-1
-1
-1
1
-1
-2
-1
-1
-1
1
-1
1
-1
-1
-2
0
0
0
-1
1
-2
-1
0
0
1
1
-1
-1
-1
0
-1
1
-3
-1
-1
0
-1
1
-1
-1
-1
-4
0
1
0
1
0
1
0
1
1
-1
-1
-1
-1
1
-1
0
-1
-1
0
-1
-1
-1
0
0
-1
-2
-2
-1
-1
-1
-1
-1
-1
0
1
-1
-1
-1
-2
0
-2
0
0
1
0
0
0
0
-1
-1
-1
-1
0
0
-1
-1
-1
1
0
-1
0
1
0
-1
0
-1
0
-1
-1
-1
-2
-1
-2
0
1
0
-1
1
-1
0
0
-1
1
-1
-1
0
-1
-1
-1
1
-1
1
2
-1
0
-1
-1
0
0
-1
-1
-1
-1
-1
-1
0
0
-2
-1
0
-1
-1
-1
-1
-2
1
-1
1
0
-2
-1
-2
-1
0
0
-1
-1
-1
-1
-1
-1
-1
-1
-1
-1
-1
-1
1
0
-1
-1
-2
-1
0
0
3
0
0
1
1
-1
3
-1
1
0
-2
-2
-1
-2
1
1
0
-1
-1
-1
-1
1
0
-1
-1
-3
-1
0
1
0
-1
0
0
-1
0
-2
-1
-1
0
-1
1
-1
0
-1
0
-1
0
-1
0
-2
1
-1
-1
0
-2
-1
1
-1
-1
-1
1
-1
0
1
-1
0
1
-1
-1
0
1
-1
0
-4
-1
-1
-1
0
1
-1
-1
0
-1
-1
-1
0
0
-1
-1
1
-1
-1
0
-1
-1
0
-1
-1
-1
-3
1
1
1
-1
1
0
-3
-1
0
1
-1
0
-1
-1
-1
-1
-1
0
-1
-1
0
-2
0
-1
-2
0
-1
0
-1
-2
1
-1
-1
0
-1
1
-1
-1
1
-1
0
0
0
-1
0
1
0
-1
0
-1
-1
-1
-1
-1
-2
-1
0
0
-1
1
-1
0
0
-1
-2
-2
-1
1
-1
1
0
0
-1
0
0
-1
-1
-1
-1
-1
0
-1
-3
0
0
-1
-1
0
-1
-1
-1
-1
-2
-1
1
-1
-2
1
-1
-1
1
-1
1
0
-1
-1
0
1
-1
-1
0
-2
0
-1
-2
-1
1
-1
-1
-1
0
-1
1
-1
1
0
0
-1
-1
-1
0
-1
-1
0
0
-1
-1
1
-1
-1
1
1
-1
-1
-1
2
1
-1
-1
-2
0
1
0
1
0
-1
-1
-1
0
1
-1
0
1
-1
-1
0
0
0
0
-1
1
1
1
-1
0
-1
0
0
0
0
1
0
1
0
2
1
0
0
0
1
0
-1
0
0
-1
1
-1
0
0
-1
-1
-1
-1
0
-1
1
-1
-1
0
0
1
0
-1
1
0
-1
-1
-1
0
1
-1
-2
1
-1
-1
1
-1
1
0
-1
1
0
0
0
0
0
1
1
-1
-1
-1
-1
-1
0
-1
1
-1
-1
-1
-2
0
-1
-1
1
1
-1
-1
-1
0
0
0
0
-1
0
0
1
-1
0
-1
-1
1
-2
-1
-1
-1
0
1
1
-3
0
-1
-1
1
0
0
1
-2
-1
1
-1
-1
-1
-2
1
0
-1
0
1
-1
0
-1
0
-1
0
-2
0
-1
1
-2
0
-1
-1
-2
1
-1
0
-1
0
1
-1
1
0
-1
-1
-1
0
-2
-1
-1
1
-1
0
-1
-1
1
0
1
-1
0
-1
-1
-2
-2
-1
-2
0
-1
0
0
-1
-1
-1
-2
-1
-1
0
1
0
0
1
-1
-1
-1
1
-1
0
-1
1
-1
0
-1
-1
0
-1
-1
-1
-1
-1
0
-1
-1
0
0
-1
0
-1
-2
-1
1
1
-1
-1
0
-1
-1
0
0
1
0
-1
0
1
-1
-2
0
-1
-1
0
1
0
-1
-1
0
1
-1
0
-2
-1
-1
0
-1
0
-1
1
-1
1
1
-1
-1
0
1
1
-1
-1
-2
1
0
-1
-1
-1
-1
-1
-1
-1
-1
0
-2
-1
-1
0
-1
-1
-1
0
1
-1
-1
-1
-1
-1
0
1
-1
0
0
0
-1
-2
-1
-1
0
1
-1
1
-1
1
1
-1
1
1
-1
-1
-1
-3
-1
0
1
-1
-2
-1
-1
-2
0
0
-1
-1
-2
1
0
-1
-1
-1
-2
1
-1
0
0
-1
0
-1
-1
0
-1
0
0
-1
1
-1
0
-1
0
0
1
-1
-1
-1
0
1
0
1
-1
1
1
3
-1
0
0
1
-1
0
-1
-1
-3
1
-1
1
-1
0
2
0
0
-1
-1
0
0
-1
0
-1
-1
-1
0
-1
0
1
-1
-1
-2
0
-1
1
-1
-1
-1
0
-1
0
-1
0
-1
0
0
0
-2
0
-1
0
0
-2
-1
1
0
0
-2
1
-1
0
0
0
-2
-1
-1
-1
0
1
0
0
-3
-1
-1
2
0
0
0
0
-1
-1
0
0
-1
1
-1
-1
1
-1
-1
0
-1
-1
0
-1
-1
-1
-3
0
1
-1
-1
-1
1
-1
1
-1
0
0
0
0
-1
0
-1
-1
0
0
-2
0
0
-1
-1
1
-1
-1
-1
0
0
0
-1
-1
0
-1
-1
-1
-1
0
0
-1
1
0
-1
-1
-2
1
-1
0
-1
0
-1
1
1
1
0
1
-1
1
-1
-1
0
0
-1
0
0
-1
0
-1
-1
-1
-2
-1
-3
-1
-1
-1
-1
0
-1
-1
-1
0
0
-1
1
0
-1
-1
-1
0
0
0
-1
-1
-1
0
1
0
-2
1
0
1
-1
0
0
-1
-1
1
0
1
1
1
-4
0
-2
1
-2
-1
1
0
-4
0
-1
-1
-1
1
-1
0
0
2
-1
-1
0
-1
0
-1
-1
-1
0
-1
-1
0
0
0
-1
1
0
-1
1
0
-1
-1
-1
0
0
-2
-2
-1
-1
1
-1
-1
1
-1
0
-1
-1
1
0
0
-1
1
0
0
-1
1
-1
-1
1
-1
-1
0
-1
-1
-1
-1
-1
1
-2
-1
-1
0
-1
0
1
0
0
-1
-1
0
-1
0
0
0
0
-1
-1
1
-1
0
-1
1
-2
0
-1
-1
-1
-1
0
-3
-1
1
-1
0
-2
0
-2
1
-1
-1
-1
0
-2
0
-2
0
0
0
-1
-1
1
-1
0
0
-1
1
0
0
1
-1
-1
-1
-1
0
-1
-1
-1
-1
0
0
-1
-1
0
0
1
1
-1
0
-1
0
-1
0
-1
-1
-2
1
-1
-1
-1
1
-2
-2
0
0
-1
-1
-1
0
-2
1
0
1
0
1
-1
0
-1
0
1
-1
0
1
-1
-1
-1
-1
1
1
-1
1
0
0
-1
-1
0
-1
0
-1
-1
0
0
-1
-1
-1
-2
1
-1
-1
0
1
-1
1
0
1
-2
-1
-1
1
-1
-1
0
0
0
0
-1
-1
-1
1
-4
0
0
1
-1
-1
0
0
-1
-1
-2
1
-2
-1
0
0
-1
1
-1
1
0
-1
-2
0
-1
-1
-1
1
-1
-1
-1
-1
-1
1
-1
1
0
-1
-1
0
-1
-1
1
-2
-1
0
1
1
-1
-1
0
0
-1
-1
-1
1
0
0
-1
0
1
-1
-1
0
-1
0
-1
1
-2
0
-1
0
0
0
1
0
0
1
-2
-1
-4
-1
0
-1
-1
0
-1
1
1
-1
0
-2
-2
-1
-1
1
1
-2
-1
0
-1
-1
-1
1
-1
-1
-1
0
0
1
-1
0
-1
-1
-1
-1
1
1
-1
0
-1
1
-1
-1
-2
1
0
4
-1
0
-1
-1
0
-1
0
0
-1
0
-3
-1
0
0
-1
-1
1
-1
-1
0
-1
-1
-1
0
-1
1
1
-1
-1
0
-2
-1
0
1
-1
-1
-1
-1
-1
0
-2
0
0
0
0
-1
-1
0
-1
1
-1
-1
-3
0
-1
-1
-1
0
-1
1
-1
1
-1
-1
-2
0
-1
1
0
-1
-1
1
-1
1
-1
-1
-1
1
-1
1
-1
-1
-1
-1
-2
1
0
-1
-1
-1
0
0
-1
-1
-1
0
0
1
-1
0
-3
-1
-1
0
0
-1
-1
1
-1
0
-2
-1
-1
-1
-1
0
0
-1
0
-1
0
0
-1
0
0
0
0
-1
-2
-1
-1
-1
-1
-1
-1
-1
-2
-1
-1
0
0
1
-1
0
-1
0
1
0
-1
-1
-1
-1
-1
-1
-2
1
-2
-3
0
1
-2
-1
-1
0
-1
0
0
0
1
0
-1
-1
0
-1
0
-1
1
-1
-1
0
-3
-1
-1
1
-1
0
-3
-1
-1
-1
0
0
-1
-1
-1
1
-2
-1
-1
-1
-1
-1
-1
0
-1
-1
-1
-1
-2
0
-1
-1
-1
-1
-3
0
-1
-1
-1
0
-1
1
-1
-2
-2
-1
-2
1
-1
0
-1
-1
-4
-1
-1
1
0
0
-1
0
-3
0
-3
0
-1
-1
-1
1
-2
0
-2
-2
-1
-1
-2
-1
-3
-1
-3
0
-2
0
-1
-1
-2
-1
0
1
-1
-1
0
-1
-1
0
-2
1
-2
0
-1
-1
-2
-1
-2
0
0
-1
-1
1
-2
1
-2
1
-2
-1
-2
0
-2
-1
-2
0
-1
-1
-2
-1
-3
0
-3
1
-1
0
-1
1
-1
-1
-1
0
-1
0
-1
0
-1
-1
-2
0
-2
-1
-1
-2
-1
0
-1
0
0
0
-1
1
-2
1
-3
1
-1
-1
-1
1
-1
-1
-1
0
-2
-1
-3
0
0
0
-1
-1
-1
0
0
-1
-1
0
-1
-1
-1
-1
-2
1
1
-1
-1
1
-1
0
-1
0
-2
-1
-2
-1
0
-1
-1
1
0
-1
-1
0
-2
0
-1
-1
-1
-1
-1
0
0
0
-3
-1
-1
-2
-1
1
-2
-1
-1
-1
-2
-1
-3
-1
0
-1
0
0
-1
-1
-1
1
-2
-1
-1
-1
0
-2
-1
1
-1
1
-1
-2
-1
-1
-3
-1
0
-1
-1
-1
0
-2
-1
-1
0
-1
-1
-1
-1
-1
-1
1
0
-1
-1
0
-2
-1
-1
2
-2
0
-3
-1
-1
-1
0
-1
-1
-2
-1
-1
-1
-1
-1
0
0
-1
0
1
-1
-2
-1
0
0
-2
-2
-1
-2
0
0
0
-2
-1
-1
-1
-1
0
-1
0
-1
0
-1
-1
-1
0
-1
0
-1
-1
-2
-1
-1
-1
-1
-1
-1
-1
-1
-1
-1
0
-3
0
-2
0
-1
0
-1
-1
0
0
-3
-1
-1
-1
-3
0
-1
-2
-1
0
-1
-1
-2
0
-1
-1
-1
-1
-2
-1
-1
1
-3
-1
-1
-1
-1
-1
-1
0
-1
-3
0
1
0
1
-1
0
-1
-1
-1
-1
0
-1
-1
-45
358
-363
-24
-360
-5
-363
18
359
-41
-62
-356
81
352
346
-104
122
338
-141
-334
159
322
-315
178
301
-199
-217
-292
-279
230
-267
245
247
-262
233
-279
-290
-218
-202
301
311
180
-165
320
-145
330
339
124
105
-346
-86
351
354
64
42
-360
-23
359
-362
-1
-361
18
-42
-360
-63
-356
351
-83
-105
-346
339
-126
141
331
324
-163
-315
178
-199
-304
290
-216
276
-233
-249
-264
-264
-249
-232
274
-291
-216
-199
299
-180
311
162
-325
143
-333
122
-342
-346
-104
84
-354
-356
-63
359
40
-21
359
0
-360
-19
-362
42
358
63
354
83
351
346
-105
340
-124
-141
-333
-322
163
182
310
-200
-304
217
286
-231
-276
251
262
248
-264
232
-281
215
-291
199
-304
181
-316
163
-322
331
140
-339
-125
-346
-105
351
80
356
59
-360
-43
-20
359
-361
1
-361
21
45
356
65
354
-350
83
105
342
125
337
332
-146
323
-165
-312
181
-201
-303
-288
214
276
-237
-251
-264
264
243
278
229
-291
-216
-197
301
-314
-181
-322
-163
331
139
339
121
347
100
-81
351
357
57
358
35
-361
-19
-363
-1
360
-25
-359
43
-66
-356
-351
84
-348
103
124
337
-146
-332
-165
-324
311
-185
-200
-301
-291
217
-236
-274
-252
-262
-267
-245
-280
-231
212
-293
194
-303
-179
314
-161
325
332
139
339
119
345
101
-83
353
358
58
36
-358
-361
-19
1
359
359
-26
358
-45
65
355
349
-88
-346
105
-339
126
146
328
-166
-321
309
-185
-300
202
-219
-288
235
272
-260
248
-245
264
279
228
-293
-214
-195
303
-177
313
324
157
139
-334
341
119
-349
-99
351
77
-58
356
-37
358
15
-362
6
359
-361
25
47
357
-355
66
-351
88
107
342
337
-129
-148
-331
165
319
-185
-312
-299
202
287
-222
-272
234
-251
-262
-268
-245
279
227
-293
-214
194
-305
-175
314
158
-327
137
-334
-344
-120
-349
-98
-78
349
-356
-59
36
-361
361
13
7
360
-362
27
-357
46
69
354
351
-91
-110
-345
336
-132
-149
-332
-168
-324
-187
-310
-206
-301
-222
-288
-238
-275
252
254
-269
-246
-227
280
210
-296
-195
306
-177
315
-327
-158
136
-337
-343
-119
95
-351
352
74
355
52
-37
356
361
12
6
359
-360
27
-359
47
-358
67
90
349
109
342
334
-130
328
-153
-322
168
309
-190
-205
-298
-225
-287
237
269
255
-256
-269
-243
-285
-228
-296
-211
-194
306
171
-317
-158
324
332
136
341
115
93
-349
351
75
356
54
-361
-35
-362
-13
361
-8
359
-30
-50
-358
-356
71
-351
92
-344
110
337
-133
-331
151
-321
170
-190
-308
-298
207
284
-221
-239
-271
-255
-256
243
-269
-281
-224
-210
294
-306
-190
319
173
326
154
-135
335
344
115
96
-349
-353
-74
358
53
-358
-33
-361
-11
11
359
31
358
358
-52
355
-71
94
349
-112
-345
-132
-339
152
326
173
316
310
-192
299
-209
-222
-287
271
-243
257
-260
-240
267
225
-288
-206
293
-190
305
-172
315
328
148
-335
-139
342
110
-349
-98
-354
-79
52
-361
-360
-37
363
6
362
-16
357
-37
51
354
-356
69
-98
-354
339
-119
-339
129
-156
-331
169
314
-192
-310
206
292
-227
-286
267
-245
