199
-309
199
-307
-250
264
-323
-224
168
-322
295
156
-175
314
-156
322
329
104
334
85
-86
347
-373
-59
-45
354
-23
356
-3
358
-48
-363
-371
49
63
351
335
-96
-128
-344
-146
-335
144
326
306
-173
-320
191
196
296
271
-223
-253
-267
-267
-254
229
-267
-233
286
195
-293
179
-305
-322
-170
144
-329
-344
-133
105
-344
343
92
-76
354
-363
-49
356
30
-14
362
-365
13
28
361
-58
-358
71
353
-353
95
110
342
331
-137
150
325
314
-174
-194
-308
-298
208
-285
224
237
267
-257
257
-276
-239
281
222
-208
296
184
-309
-173
318
-330
-152
129
-337
-114
342
-93
348
353
68
-52
356
-362
-30
363
5
13
358
358
-35
54
356
-353
74
-98
-349
-119
-343
134
330
-156
-327
-318
171
190
305
209
292
-228
-284
-267
242
256
250
236
-274
218
-288
202
-298
-311
-188
-169
317
-331
-151
335
127
342
108
348
88
-354
-70
45
-361
-31
358
-10
361
358
-16
356
-37
354
-59
351
-79
-100
-349
-120
-342
136
334
323
-157
173
316
303
-194
-297
211
277
-226
-245
-267
-253
257
271
236
-221
286
297
202
-311
-186
-320
-168
-331
-148
-129
338
-346
-109
-90
348
354
68
-48
356
0
0
0
0
0
0
-1
-1
-1
-1
-2
-1
-1
0
-1
-1
-1
-1
0
-1
-2
-1
0
-2
-1
-1
-1
-1
-1
-1
-2
-2
-1
-1
1
0
-2
-1
0
0
-1
-1
-1
-1
0
0
-4
-3
-1
-1
0
-1
-3
-1
-2
-1
-2
-1
0
0
-2
-1
-2
-1
-1
-1
-2
-1
-1
1
-2
0
-1
-1
-1
-1
-2
0
-1
-2
-2
-1
-1
0
-1
0
-3
0
0
-2
0
-1
-1
0
-2
-1
-1
1
-1
-1
0
0
0
-1
-1
-1
-1
-1
-1
0
-1
-1
-1
-3
0
1
-2
-1
0
0
-1
-2
0
2
-2
-1
-1
0
-1
1
-2
-1
0
-1
1
-2
-1
1
-1
-2
0
0
-1
-2
-1
-1
-1
1
-1
1
-1
-1
0
-1
-1
-2
-1
-1
-1
-1
-2
-3
-3
-1
-1
-2
-3
0
-2
0
-1
0
-3
-1
-4
0
-2
1
-3
-1
0
0
-2
-1
-4
-1
-3
-1
-1
-1
-2
-1
-3
1
-2
-1
-4
-1
-1
0
-3
1
-3
-1
-2
1
-1
1
-3
0
-1
1
-2
0
-1
0
-1
-1
-1
0
-1
1
-1
1
-2
0
-1
0
-4
0
-2
-1
-1
1
-1
2
-2
-1
0
1
1
0
-1
-1
-1
-1
-3
-1
-2
-1
-1
0
0
1
-1
0
-1
-1
-1
1
-1
0
0
-1
-1
-1
-1
0
-1
1
-2
0
-1
-1
0
-1
-1
0
-1
-1
-1
-1
0
-1
-1
-1
-2
1
0
0
-1
0
-1
-2
-1
-1
0
-1
-1
-1
-3
-2
0
-1
-1
-1
-1
-1
-1
0
-2
0
-1
-1
-1
-1
-1
-1
-1
-1
0
-1
-1
-1
-2
-2
-1
-1
-1
-1
-2
-1
-4
-3
-3
-1
0
-1
-2
-1
-1
-2
-2
-1
-1
-1
-2
-2
-1
-1
-1
-1
-1
-1
-3
-1
-3
-2
-1
1
-1
-1
-2
-1
-2
-2
-1
-2
-2
-1
-3
-1
-3
-3
-3
-4
-2
-1
-2
-3
-4
-1
-4
0
-3
1
-4
-1
-1
0
-1
-1
-4
-1
-2
-1
-1
-2
-2
-1
-2
0
-2
-1
-1
-1
-2
-1
-2
-1
-3
1
-1
0
-2
1
0
-1
-1
-1
0
-1
-2
0
0
0
-1
-2
-1
-1
-2
-3
-1
0
-2
0
-1
-1
-2
-1
0
-1
0
0
-1
-1
1
1
-1
1
-3
0
-4
-1
-1
-1
-2
0
-2
-1
-1
-1
-1
0
-1
0
0
0
0
0
-1
-2
-1
0
-1
0
0
0
1
-2
0
-1
-1
0
0
0
-1
0
0
0
-1
0
-1
-1
1
1
-1
-1
0
-1
1
-1
0
0
-1
1
-1
-1
0
-1
-1
-1
-1
1
-1
-2
-1
-1
-1
-1
-1
-1
1
-3
0
-1
-1
-1
-1
-1
-1
-1
-1
1
-1
-1
-1
-1
-2
-1
-1
0
0
-1
-2
-1
-1
-2
-1
0
-2
0
0
-1
-1
0
-1
-2
-1
-1
-1
0
0
0
-1
-1
0
1
-1
0
-1
1
-3
-2
-3
-1
-1
1
-3
0
0
0
0
0
-2
1
-1
-1
-2
-1
-2
-1
-1
-1
-1
0
-1
-1
-1
-1
-1
-1
0
0
-1
-1
-1
1
-1
1
-1
0
-1
-1
-1
1
-1
-1
-1
0
-1
-2
-1
-1
0
-1
-3
0
0
1
-2
-1
-2
0
-2
0
-1
0
-1
0
-1
0
-1
-1
-1
0
-1
-1
-1
-1
-2
0
-1
0
-1
0
-1
-1
-4
-1
-1
-1
0
-1
-1
0
-3
-1
-1
0
-1
0
-2
-1
-1
-1
-1
-1
-2
-1
0
-1
-1
-1
0
0
-1
1
-1
-1
-1
0
-1
-1
-1
-1
0
1
-1
-2
-2
-1
-1
0
-1
-2
-4
1
-1
0
1
-1
-1
-1
-1
-1
-1
-1
1
-1
0
-1
-1
0
0
0
-2
0
-2
-1
0
0
0
-1
-3
-1
-2
0
0
0
-3
-1
-1
-1
-1
-1
-1
0
-2
-1
-1
-1
-2
-1
-1
1
-1
-1
0
0
-1
-1
0
-2
-2
0
-1
-1
-1
-1
-1
-1
0
-1
-4
0
0
-1
0
-1
-3
0
-1
1
0
0
-1
1
-1
1
-2
1
1
0
-1
0
0
-1
-1
0
-1
-1
-1
-1
0
-1
-1
2
-1
-1
-1
0
0
0
-1
-1
0
-1
0
-1
-1
0
0
-1
-1
0
-1
-1
0
1
-1
0
0
0
0
-1
-2
-1
-2
0
-1
-2
-1
0
-3
-1
-1
0
0
0
-1
-1
-1
0
-1
-1
-4
-2
-1
-1
-2
-1
0
0
-1
-1
-2
0
-2
-2
-2
-1
-1
0
-1
0
-1
0
-1
0
-1
0
-1
-1
-1
-2
-2
0
-3
-1
-1
0
-2
0
-1
-1
-1
0
-1
0
-1
-1
0
-1
-1
-1
-1
0
-1
-1
-1
-1
-1
1
0
1
-1
0
0
-1
-1
-1
-2
1
0
1
0
0
-1
-1
-1
1
0
0
-1
-1
0
-1
0
-1
-1
0
0
1
-3
1
-1
-1
-1
0
-1
0
0
0
0
0
-1
-1
-1
1
-1
0
-1
0
-1
-1
-1
0
-1
-1
-1
-1
-1
-1
0
0
-1
1
0
-1
-1
-1
-2
-1
1
1
-1
1
-1
1
0
2
-2
-1
0
0
-2
1
-1
-1
-1
1
-1
-1
1
-1
-1
1
-1
-1
-1
-1
-1
-1
-2
1
-1
0
-2
-1
-1
1
0
0
1
-1
-1
1
-3
-1
-1
-1
-1
-1
0
0
-1
1
-1
-1
-1
0
-1
-1
-1
0
-1
1
0
0
-1
-1
-1
-1
-1
-2
-1
1
-1
-2
0
0
-1
-1
-1
-1
-1
1
-1
0
0
-1
-3
-1
0
-1
-1
-1
0
0
0
-1
-1
1
-1
0
0
1
0
-2
-2
1
-1
0
-1
-1
-1
0
0
0
-1
-1
-1
-3
0
-1
-4
0
-1
1
-1
-1
0
0
-2
0
0
1
0
-1
-1
-2
0
-1
-1
-1
0
1
0
0
-1
-1
-2
1
-1
0
-1
0
-1
1
-1
1
0
0
0
-1
-1
0
-1
1
-2
1
-2
-1
0
1
-1
0
-1
0
-1
-1
-1
0
-1
1
-1
0
-1
0
-1
1
-1
0
-1
1
1
-1
-1
1
-1
-1
-1
1
-1
-1
-1
0
-1
0
-1
1
-2
-1
0
0
-1
0
-1
-1
-1
1
-2
-1
1
-1
-1
0
1
-1
-1
1
1
0
-2
0
-1
1
-1
-1
-1
1
0
-1
-1
-1
-1
-1
-1
0
-1
2
-1
-1
-1
0
-1
-2
0
-1
1
-1
-1
-1
-1
-2
-1
-1
-2
1
-1
-1
0
0
-1
0
0
-1
-1
-3
0
0
0
-1
1
-1
-1
0
0
1
0
-1
-2
1
0
1
-1
1
-1
1
0
0
-1
-1
0
1
1
-1
-1
1
0
-1
-1
1
-2
0
0
-1
0
0
-1
-1
-1
-1
-1
1
1
1
-2
-1
1
-2
1
0
-1
0
0
1
-2
-1
0
0
-1
1
-1
0
-1
1
-1
-1
-1
-1
1
1
1
0
-1
0
1
-1
-1
1
0
0
-1
-1
-1
-1
-1
-1
-3
1
-1
-1
-1
-1
-2
0
-1
-2
1
1
-1
1
0
-2
0
-2
-2
-2
0
0
0
-1
-1
-1
-1
-1
-1
0
-1
-1
-1
1
-1
1
0
-2
1
0
-2
0
-1
0
-1
-1
0
-1
-2
-2
1
-1
0
1
-1
0
1
1
-1
-1
0
-1
0
-1
-1
-1
-1
-1
-1
0
1
0
-1
-2
1
0
1
-1
-1
1
0
0
1
1
-1
0
0
-1
1
-1
-1
0
-1
0
1
-1
0
0
-1
-1
0
-1
0
-1
0
1
0
-1
-1
-1
-1
1
1
-1
0
0
0
0
-1
-1
-2
-1
1
0
-1
1
0
0
0
0
-3
-1
-1
-2
0
-1
-1
-1
-1
0
0
-1
-2
-1
-2
1
0
-1
-1
-1
-1
1
1
0
-1
0
1
0
-3
1
1
0
-1
1
-1
-1
-2
-1
-1
1
-1
0
-2
0
-1
0
-1
0
0
0
-1
-2
-1
0
-1
0
-1
1
1
1
-1
-1
-1
-1
-1
-1
-1
1
0
0
-1
-1
-1
-1
0
0
-1
-1
0
0
-1
-1
0
0
-1
1
-1
-1
-1
0
1
1
-2
0
0
0
1
0
-1
-1
1
-1
-1
0
0
0
0
0
0
0
0
-1
-1
0
-1
0
0
-1
0
-1
-1
0
1
-1
-1
0
-1
-2
-1
-1
-1
1
-1
-1
-1
1
-1
0
0
-1
-1
-1
0
-1
-1
-1
-1
-1
0
-1
-1
-1
1
-1
-1
-1
1
1
1
0
-1
1
0
-1
-1
0
0
1
0
0
0
-1
1
-1
1
0
-1
0
1
-1
0
-1
1
-1
-1
0
-1
-1
-1
-1
1
1
0
-1
-1
-1
0
0
-1
-1
0
1
-2
-1
0
-1
0
-1
1
-1
0
-1
0
-1
-1
-1
1
-1
0
-1
0
0
1
1
-1
0
-1
-1
0
0
0
-1
0
0
-1
0
-1
1
1
1
-1
0
1
-1
-1
-1
-1
-2
-1
-1
1
0
1
0
-1
0
0
-1
-1
-1
0
-1
-1
1
1
1
-2
0
0
0
1
0
1
1
1
-1
-1
1
1
0
0
0
-1
-1
0
0
1
-1
-1
0
-1
2
0
1
1
-1
0
1
0
1
0
1
-1
1
-1
-2
-1
0
0
1
-1
1
-1
-1
1
-2
1
0
1
-1
1
1
0
0
-1
-1
-1
-1
-1
-1
-1
-2
-1
-1
0
1
1
-1
0
-1
-1
1
1
-1
0
-1
-1
1
-1
-1
0
1
-2
-1
0
0
1
-1
-1
0
-1
1
1
0
1
-1
0
0
-1
-2
0
-1
-1
-2
-1
-1
0
0
-1
1
-1
0
-2
-1
1
-1
1
1
1
-1
-3
0
-1
-1
2
1
-1
1
-1
-1
0
1
-1
-1
1
-1
0
-1
1
-2
1
-1
1
-1
-1
0
-1
-1
-1
1
-1
-1
-1
-1
-1
-1
1
-1
-1
0
-1
1
0
1
1
-1
-1
0
1
-1
1
-1
-1
-1
-1
0
0
1
1
-1
1
-1
-1
0
-1
-2
0
1
-1
-1
-1
-1
-1
0
-1
-1
-1
1
0
1
0
-2
-1
-1
-2
-1
0
0
0
-1
1
-1
-1
0
1
0
0
1
-1
-2
-1
1
-1
0
-1
-3
-1
-1
-1
-1
0
1
-1
-1
-1
1
1
-1
-1
0
-3
-1
1
-2
-1
1
-1
-1
0
1
-1
-1
0
0
-1
-1
0
1
-2
1
1
-2
0
-2
-1
-1
-1
-1
1
-1
1
1
0
-2
-1
1
0
-1
-1
-1
1
1
-1
-1
-1
0
-1
0
0
1
-1
-1
-1
-1
-1
1
1
1
0
0
-1
-1
-1
-1
0
-1
0
-1
0
-1
-1
0
-1
-1
0
-1
0
-1
0
-1
-1
0
1
-1
1
1
-1
-1
0
-1
0
-1
0
-1
0
0
0
0
-1
-1
1
-1
1
-1
1
-2
-1
-1
0
-1
1
0
1
0
0
-1
1
-1
-1
-1
0
1
1
0
0
-1
0
0
0
1
-1
0
-1
-1
0
1
1
-1
0
-1
-1
0
-1
0
1
-1
-1
0
1
0
0
-2
0
-1
-1
0
-1
-1
0
0
1
-1
-1
-1
-1
-1
-1
-1
-1
-1
0
1
-1
0
0
-1
1
-1
1
-1
-1
-1
-1
-1
-1
0
0
-1
0
-1
0
-1
-1
0
-1
-1
1
0
0
0
1
0
1
0
-1
-1
-1
0
-1
-1
-1
1
-1
-1
-1
-1
-1
-1
0
-1
-1
0
-3
0
-2
-1
0
-2
-1
0
-1
-1
0
-1
-1
1
-1
-1
0
0
0
2
0
-1
1
1
0
-1
-1
-1
-1
-1
1
-1
0
-1
-1
-1
1
0
1
0
1
0
0
-2
1
1
1
-1
0
-2
0
-1
1
0
-1
-1
-1
-2
0
1
0
-2
1
1
0
1
0
0
-1
-1
1
0
1
0
0
1
0
-1
-1
-1
-1
-1
1
-1
0
0
-1
0
1
-1
-1
-2
0
-1
1
-1
0
-2
-1
-1
-1
-1
0
-2
-2
-2
0
-2
0
0
0
-1
0
-1
0
-1
0
-1
0
-1
-1
-1
0
-1
0
0
-1
0
-1
-1
0
-1
-1
-3
0
0
1
-1
-1
-3
-1
-1
0
-2
-1
0
1
-1
0
-1
1
-1
-1
-1
-1
-1
-1
-1
-1
-1
0
-3
0
-1
0
-1
0
-1
-1
-1
-2
-1
0
-1
-1
-1
-1
0
0
-1
0
-1
0
0
-1
-1
-1
-1
-1
-1
-1
-1
1
-1
1
-3
-1
-1
0
-2
0
0
-1
-1
0
-1
-1
-1
-1
-1
-1
-1
0
-3
0
-1
0
0
-1
-1
-1
-1
0
-1
1
-1
0
-2
0
-1
-1
-1
1
0
0
-1
0
-1
1
0
-1
0
-1
-1
0
1
-1
-1
-1
-1
0
-1
1
-1
1
1
1
0
0
-1
1
-1
0
-1
-1
-1
0
-1
1
-2
-1
-1
-1
-1
0
-1
0
-1
-1
-1
0
-1
0
0
-1
0
-1
-1
1
0
-1
1
-1
-1
0
-1
-1
-1
0
-1
-1
-1
0
0
0
0
-1
-3
0
-1
0
-1
-1
-2
1
0
-1
-1
-1
0
1
-2
0
-1
1
-2
-1
-1
-1
-1
0
-1
0
0
0
-1
-1
-1
-2
-2
1
-1
1
-1
-1
-3
-1
-1
1
0
-1
0
-1
-1
-1
-1
1
-2
1
-1
0
-1
-1
0
-1
-1
0
-1
-1
-1
1
-1
-1
-1
-2
-1
-1
0
-1
0
0
-1
0
-1
-1
0
0
-2
0
-1
-1
0
-1
-1
-1
-1
1
-1
0
0
1
0
-1
-1
1
-1
0
-1
-1
0
1
0
-1
-3
-1
-1
0
0
0
0
-1
-1
0
0
-1
1
-1
0
-1
-1
1
-1
0
0
-1
1
1
-2
0
0
-1
-1
-1
-1
1
-1
1
-1
-1
-1
-1
-1
-1
-1
-1
0
-1
-1
0
0
-1
-1
1
-1
-1
-1
-1
1
-1
1
1
-1
1
-1
-1
0
-1
0
0
-1
-1
-1
0
-1
0
-1
0
-1
-1
-2
0
-1
1
-2
1
-1
-1
-1
-1
0
0
-1
-2
0
0
-1
-1
-1
0
1
-1
-1
-1
-1
-1
0
-1
-3
0
-1
-1
-2
-1
-3
0
-1
-2
-2
-1
-1
-1
-1
1
0
0
-1
0
-1
1
-1
-1
0
0
-1
0
-1
1
-1
-1
-1
1
0
-1
-1
1
-1
0
-1
-1
-2
0
0
0
-1
0
-2
0
0
0
-1
1
-1
-1
-1
0
0
1
-2
0
-1
0
0
1
-1
-1
-1
-1
-1
-1
-1
-1
-1
0
0
0
0
-1
-1
1
0
-1
-1
-1
0
-1
0
-1
-1
1
-1
1
-1
0
-1
-2
0
-1
-1
1
0
0
-1
-3
-1
0
0
-1
-3
1
0
0
-2
-1
-1
-1
-1
-1
-1
-1
-1
-1
-1
1
0
-1
-1
0
-1
0
0
-1
0
0
-1
-1
-1
-1
-2
0
-1
-1
-2
-1
-1
-1
-1
0
-1
1
-2
-1
-1
0
0
0
-1
0
-1
1
-2
2
-1
-1
-1
-1
-2
0
-1
1
-4
1
-1
0
-1
-1
-1
0
-3
-1
-1
0
-1
0
-2
0
-1
0
-1
0
-2
0
-2
1
-1
-1
-1
-1
-1
1
-1
1
-1
0
-1
-1
-1
1
1
0
-1
-1
-1
1
-2
0
-2
-1
-1
0
-1
0
-3
-1
0
-1
-1
1
-1
-1
-1
-1
-1
-1
-1
1
-1
1
-1
0
-1
-1
0
-1
-1
0
-2
1
-1
1
-1
0
-1
-1
-2
-1
-1
1
-1
-1
-1
1
-1
-1
-2
-1
-1
0
-1
1
-1
-1
-1
-1
-1
1
-1
1
-2
0
-2
1
-1
-1
1
-1
-1
1
-1
-1
0
-1
-1
2
-1
-1
-1
-2
0
0
0
-1
-1
0
-1
0
-1
1
0
-1
-1
-1
-1
-1
-1
-1
-1
-1
-1
-1
-1
-1
-1
-1
-2
-1
-1
-1
-1
-1
-3
0
0
-1
-2
0
-1
-1
-1
1
-1
-1
-2
0
-1
1
-1
0
-1
-1
-1
-1
-1
-1
-1
-1
-1
-1
-2
-1
0
0
-1
-1
-1
0
0
1
-2
1
-1
-1
0
1
-1
0
-1
-1
-1
-1
0
-1
-1
0
0
0
-1
-1
-1
1
-1
0
-1
-1
-3
0
0
-1
-1
1
-1
-1
-1
1
-1
1
0
0
-1
-1
-1
-1
-1
-1
-2
-1
-2
0
-1
-1
-2
-1
-3
0
-1
-1
-1
-2
-1
-1
-1
1
-2
1
-1
-1
-2
1
-1
-1
-1
1
-1
-1
-2
0
0
-1
-2
0
-1
-1
1
-1
-2
-1
-1
-2
-3
1
-2
-1
-1
0
-1
-1
-1
1
-1
1
-1
-2
-1
0
-1
0
-1
-3
-1
1
-2
0
-1
-1
-1
-1
-1
0
-3
-1
-2
-1
0
0
-1
0
-1
0
-2
-1
0
-361
-47
23
-361
-2
358
-363
18
-359
38
354
-60
351
-83
-349
100
119
339
331
-141
323
-161
178
312
-199
-304
-292
213
-279
228
244
262
-250
260
232
-277
-218
288
-200
300
181
-312
321
163
144
-332
-125
338
-106
343
-353
-84
-356
-65
45
-361
-362
-23
361
3
19
361
-360
39
-61
-355
349
-84
-103
-347
-123
-340
139
331
-161
-323
312
-182
197
301
213
290
232
278
262
-249
248
-263
232
-276
216
-293
-199
301
181
-314
322
162
144
-332
-124
339
-103
345
-84
350
-63
356
-42
358
21
-361
360
1
-22
-361
-40
-358
-356
62
83
349
-346
103
-124
-341
332
-146
322
-163
-312
180
-199
-303
-215
-291
-233
-276
-261
246
-263
-250
-276
-234
-289
-216
-301
-198
182
-314
324
161
-330
-145
124
-342
-103
344
-351
-84
64
-356
358
38
361
18
2
359
-360
20
358
-46
-356
62
-351
82
103
341
-339
123
-144
-332
-163
-324
-181
-313
200
296
289
-221
-233
-277
-262
245
-247
261
-278
-233
290
211
-303
-198
-313
-181
160
-326
331
139
-122
336
-102
344
80
-354
-356
-62
-38
356
-19
357
-4
-363
361
-25
-45
-359
-66
-358
86
349
105
344
-126
-341
-332
145
163
320
-311
180
199
298
217
286
231
274
-262
248
242
-264
-233
278
-216
291
192
-303
177
-315
-163
323
332
140
340
121
101
-347
78
-352
353
58
360
38
358
17
-3
-361
24
361
358
-47
64
356
-87
-350
-105
-346
-339
127
330
-146
164
320
-183
-310
202
299
-218
-288
272
-236
258
-251
-245
265
-228
276
213
-292
-304
-195
-315
-178
158
-325
-332
-140
-120
339
99
-347
79
-353
-356
-59
-358
-38
-16
360
5
359
25
359
-356
45
66
353
-349
86
107
343
338
-129
148
327
-320
166
-310
182
202
298
-286
217
-235
-274
-260
249
-265
-247
-279
-231
-292
-214
-194
301
315
175
-325
-158
137
-334
119
-344
-347
-100
353
76
-357
-59
-36
357
-16
360
361
-7
27
357
-48
-361
-355
66
88
347
106
342
129
337
327
-151
321
-170
-186
-310
203
296
-286
217
-275
233
-258
248
-246
265
226
-282
210
-294
-308
-193
-317
-178
325
155
-335
-139
-119
339
95
-349
352
74
54
-358
34
-360
-364
-17
-363
6
-28
-362
46
356
69
352
349
-91
-346
109
-337
129
-151
-331
317
-168
184
308
203
296
284
-221
235
271
-260
253
-245
267
-284
-228
-211
293
305
192
-317
-173
153
-327
134
-335
339
116
-350
-97
350
76
54
-356
-35
361
-16
363
-9
-361
30
360
-360
49
351
-69
-92
-350
343
-110
-131
-335
-151
-329
317
-168
187
308
-205
-296
283
-222
-272
240
258
-254
270
243
226
-281
296
208
306
192
319
173
-153
326
-134
336
344
116
-95
348
354
74
55
-356
-358
-33
15
-362
-7
-363
-359
29
51
356
72
353
350
-92
113
343
339
-134
154
327
171
315
-305
186
209
292
-221
-286
271
-243
257
252
-239
266
228
-286
-207
289
-305
-195
-172
313
328
148
-133
330
-342
-119
-94
344
354
69
-357
-58
-360
-38
361
6
11
356
359
-37
357
-59
70
349
-350
89
341
-119
334
-137
148
323
-175
-323
-308
187
-298
203
-226
-286
-242
-272
