-124
62
-122
116
-84
151
-28
152
27
125
69
74
86
13
78
-45
48
-83
8
-95
-23
-78
-30
-49
-7
-33
22
-52
29
-107
-15
-173
-109
-204
-219
-165
-282
-59
-261
64
-147
149
7
136
122
23
135
-130
43
-261
-110
-293
-245
-221
-301
-83
-262
53
-161
132
-52
135
28
88
62
24
68
-33
63
-76
53
-116
31
-157
-15
-188
-81
-190
-149
-147
-197
-61
-199
50
-157
156
-79
233
8
269
87
262
140
224
155
164
132
105
74
64
1
58
-54
89
-74
138
-49
176
7
181
63
139
90
70
76
1
40
-41
1
-47
-18
-33
-18
-18
-13
-16
-21
-18
-42
-16
-70
7
-87
42
-83
78
-66
98
-48
96
-40
81
-45
60
-52
42
-62
25
-69
1
-87
-26
-116
-47
-151
-47
-173
-28
-172
1
-148
20
-122
12
-111
-9
-129
-25
-161
-9
-174
38
-144
96
-70
124
16
95
69
7
57
-105
-24
-190
-141
-214
-247
-166
-298
-71
-283
28
-216
96
-129
114
-49
91
5
42
30
-9
35
-51
35
-78
33
-95
28
-109
18
-124
-10
-136
-57
-135
-116
-105
-169
-42
-192
39
-180
117
-141
162
-106
164
-100
139
-129
117
-174
124
-195
163
-170
208
-99
218
-19
174
31
83
25
-13
-18
-71
-60
-71
-62
-32
-12
2
60
-2
116
-46
122
-103
84
-133
33
-115
2
-59
6
4
34
47
62
64
76
71
81
82
98
99
136
108
190
85
229
27
232
-51
194
-115
134
-144
78
-131
46
-93
35
-49
37
-12
35
23
35
57
37
94
46
122
52
128
36
125
2
124
-34
142
-48
173
-23
188
24
156
54
69
33
-46
-49
-134
-151
-151
-215
-101
-204
-23
-126
24
-35
12
13
-36
4
-65
-27
-26
-16
72
73
169
211
194
325
115
332
-27
215
-140
30
-148
-122
-37
-160
125
-82
236
43
228
121
108
91
-45
-25
-141
-149
-132
-201
-48
-148
38
-31
58
78
-4
122
-105
97
-182
43
-195
15
-152
34
-100
81
-80
113
-106
94
-153
25
-178
-64
-156
-131
-91
-151
-14
-129
37
-88
46
-59
16
-56
-34
-79
-79
-119
-102
-154
-95
-169
-60
-148
-12
-88
30
-4
45
83
18
139
-44
140
-112
91
-148
21
-122
-27
-38
-16
73
53
164
153
198
240
169
277
98
257
28
203
-14
139
-20
95
-1
70
23
60
37
49
42
35
44
17
51
1
65
-10
84
-11
103
-4
121
10
130
29
124
47
99
47
57
21
8
-29
-23
-85
-22
-119
12
-107
57
-52
83
24
64
83
1
98
-78
66
-134
16
-137
-16
-94
-6
-31
40
12
84
12
88
-18
39
-45
-52
-33
-141
30
-192
124
-192
211
-154
250
-118
237
-110
188
-136
142
-166
128
-165
142
-116
156
-25
133
64
57
110
-54
88
-160
16
-211
-71
-187
-125
-103
-127
-2
-89
71
-51
98
-43
91
-74
78
-124
88
-157
121
-146
153
-92
146
-21
78
26
-39
24
-173
-21
-277
-77
-324
-112
-308
-97
-256
-35
-202
51
-170
127
-166
164
-177
157
-173
114
-139
61
-66
24
35
18
134
42
201
75
215
87
173
59
100
-11
32
-95
-3
-158
1
-173
23
-135
28
-73
-7
-28
-75
-25
-146
-59
-173
-92
-137
-80
-51
-9
35
104
76
206
52
255
-20
235
-91
168
-124
101
-111
65
-74
66
-52
75
-66
63
-103
22
-132
-29
-123
-53
-76
-30
-13
39
28
124
28
194
-10
226
-63
223
-108
195
-136
156
-146
104
-141
42
-117
-23
-71
-69
4
-76
83
-42
139
9
143
42
94
28
17
-32
-47
-116
-71
-190
-50
-226
-10
-232
28
-225
53
-219
74
-206
103
-175
142
-117
170
-45
163
6
118
14
58
-23
22
-68
37
-76
87
-26
124
49
100
95
7
59
-115
-58
-193
-200
-174
-288
-64
-271
75
-156
163
-9
153
93
60
115
-53
75
-129
23
-144
1
-122
12
-107
23
-119
-2
-140
-59
-128
-106
-60
-93
40
-4
112
117
98
201
-6
187
-145
80
-239
-60
-229
-148
-124
-134
8
-35
94
86
85
155
6
143
-83
74
-127
1
-106
-35
-53
-25
-8
-6
-2
0
-25
-20
-49
-44
-59
-50
-62
-35
-83
-23
-139
-50
-211
-125
-257
-222
-236
-285
-139
-268
0
-171
119
-29
168
96
140
161
69
154
1
104
-26
49
-14
13
17
-6
43
-21
58
-35
65
-45
78
-35
90
-1
90
45
63
81
13
96
-44
89
-83
80
-96
83
-93
92
-97
86
-110
42
-118
-35
-86
-107
4
-126
136
-66
261
61
311
194
260
266
120
242
-40
141
-151
29
-174
-31
-122
-6
-53
86
-24
192
-58
261
-134
271
-211
239
-245
204
-232
192
-190
202
-156
214
-150
202
-168
155
-190
80
-192
6
-168
-45
-129
-69
-93
-69
-72
-59
-73
-49
-84
-42
-99
-36
-110
-28
-112
-18
-105
-10
-88
-1
-57
15
-12
45
41
93
86
152
104
204
83
228
24
203
-57
126
-134
5
-179
-129
-173
-242
-112
-305
-18
-298
79
-238
148
-141
164
-45
125
20
44
41
-48
19
-128
-32
-175
-92
-180
-144
-147
-167
-86
-156
-13
-106
48
-28
72
53
47
103
-24
99
-110
40
-176
-45
-185
-110
-132
-118
-45
-63
27
27
47
106
10
136
-57
112
-109
66
-113
37
-73
47
-20
86
13
122
7
126
-14
98
-24
59
1
45
52
72
94
120
95
155
45
144
-33
83
-97
4
-123
-54
-114
-78
-96
-78
-101
-86
-126
-119
-152
-167
-139
-197
-75
-168
21
-78
105
52
135
168
103
228
38
226
-14
188
-23
153
11
149
60
168
89
187
78
172
36
116
-11
30
-37
-60
-31
-129
2
-165
47
-163
90
-127
115
-70
114
-6
78
43
15
59
-62
31
-122
-21
-143
-72
-115
-93
-54
-74
7
-30
38
8
33
21
4
8
-23
-11
-37
-18
-47
-12
-74
-13
-125
-43
-190
-109
-229
-183
-214
-225
-143
-199
-50
-113
20
-5
33
78
-6
110
-57
95
-83
74
-68
76
-28
102
-1
129
-3
132
-27
99
-40
57
-21
40
30
67
80
127
92
176
57
183
-1
144
-41
90
-34
62
13
80
61
121
72
147
37
122
-18
47
-45
-37
-16
-88
63
-75
146
-13
192
62
180
106
126
109
66
86
33
64
30
62
45
77
53
91
51
92
43
80
43
66
54
59
70
57
77
49
73
29
61
1
56
-23
59
-31
62
-26
54
-18
33
-20
4
-30
-13
-33
-16
-16
-7
21
-8
55
-33
60
-74
25
-99
-35
-81
-82
-15
-87
75
-47
147
8
169
35
147
16
116
-36
118
-77
165
-68
232
-1
275
92
260
167
182
190
76
164
-19
115
-83
66
-116
22
-141
-26
-161
-93
-167
-165
-137
-218
-59
-215
38
-152
119
-50
146
40
113
93
46
99
-15
87
-43
85
-44
103
-42
123
-52
125
-68
106
-64
89
-25
107
38
171
78
251
59
287
-27
235
-127
103
-174
-47
-117
-128
32
-90
194
49
283
207
244
289
103
248
-56
110
-144
-51
-113
-148
9
-153
155
-78
252
12
272
69
232
67
171
24
127
-37
111
-98
118
-150
141
-186
182
-196
238
-159
299
-73
339
50
325
169
245
240
116
243
-21
185
-117
105
-148
43
-121
20
-67
30
-13
57
23
86
45
114
55
141
50
161
24
159
-27
122
-83
45
-119
-44
-109
-113
-53
-134
25
-104
91
-48
121
1
117
35
102
60
97
98
101
162
95
240
52
298
-38
305
-152
255
-249
173
-300
98
-293
56
-251
56
-206
79
-177
107
-165
127
-156
148
-145
174
-136
200
-141
209
-158
184
-176
133
-166
81
-117
62
-43
89
22
144
38
181
-2
167
-72
98
-126
9
-127
-49
-78
-47
-19
0
3
52
-30
66
-97
27
-152
-35
-158
-77
-110
-69
-42
-18
8
45
15
88
-7
95
-29
91
-30
98
-16
124
-9
153
-32
151
-81
105
-126
30
-129
-37
-83
-58
-8
-27
52
27
64
63
28
55
-25
6
-55
-47
-47
-71
-9
-60
23
-31
32
-11
17
-11
4
-16
12
-3
44
44
77
113
81
172
49
194
-4
172
-40
134
-40
107
-11
103
21
112
25
102
-3
50
-39
-35
-47
-117
-11
-163
55
-154
115
-109
136
-66
117
-46
83
-47
73
-33
98
27
141
133
161
251
126
329
38
335
-62
274
-124
186
-124
117
-72
88
-10
86
21
71
11
17
-14
-68
-18
-146
21
-173
89
-131
143
-43
139
40
70
78
-37
62
-127
18
-161
-4
-134
23
-81
99
-48
177
-64
214
-117
184
-169
106
-173
23
-119
-18
-27
-6
57
36
95
71
74
67
25
23
-13
-30
-17
-55
11
-40
38
5
36
39
-1
32
-53
-16
-73
-76
-38
-99
49
-66
146
13
206
103
202
156
148
153
81
112
45
73
47
74
63
112
59
160
6
175
-81
137
-166
61
-205
-11
-180
-42
-107
-19
-30
34
16
81
23
93
9
71
6
33
24
3
57
-14
81
-28
84
-59
69
-109
59
-159
71
-180
100
-156
123
-98
112
-37
54
-8
-30
-20
-109
-56
-146
-81
-134
-75
-95
-33
-58
18
-42
56
-46
66
-47
60
-35
57
-6
63
20
69
27
57
13
9
2
-61
18
-119
74
-135
153
-94
217
-20
231
49
182
72
95
41
11
-21
-33
-81
-28
-103
4
-83
28
-43
25
-9
-14
-4
-65
-22
-106
-49
-122
-62
-117
-57
-112
-39
-118
-28
-138
-34
-158
-58
-165
-86
-144
-102
-100
-92
-45
-62
-1
-26
23
1
28
8
21
-3
18
-25
23
-49
37
-71
54
-93
64
-121
78
-148
100
-167
136
-157
181
-111
220
-35
226
49
184
108
99
120
-5
85
-92
19
-139
-45
-141
-91
-113
-110
-81
-117
-55
-129
-40
-148
-18
-166
16
-163
59
-134
96
-81
101
-28
69
3
7
3
-59
-25
-110
-58
-128
-75
-117
-69
-90
-40
-61
6
-37
59
-23
112
-22
157
-33
188
-56
190
-85
169
-107
129
-115
87
-107
52
-94
24
-87
-4
-88
-40
-91
-78
-82
-103
-55
-98
-16
-58
11
2
7
49
-25
62
-68
42
-82
12
-54
10
11
49
79
116
110
170
90
182
35
135
-18
54
-36
-23
-11
-71
35
-77
71
-67
83
-57
75
-52
66
-39
70
-4
76
56
64
114
18
134
-57
100
-125
23
-149
-64
-110
-115
-21
-112
78
-59
144
8
158
58
124
74
69
60
16
35
-25
12
-43
-4
-52
-6
-46
2
-29
30
-6
74
11
121
7
148
-17
136
-47
81
-59
5
-27
-59
45
-81
134
-59
198
-17
212
13
177
13
113
-18
54
-60
17
-90
3
-98
4
-88
8
-66
18
-35
40
16
74
93
103
185
106
271
65
309
-13
284
-95
204
-145
105
-143
30
-95
0
-35
13
-4
33
-16
28
-57
-13
-89
-67
-78
-101
-20
-84
64
-11
134
86
155
163
123
183
66
141
22
64
30
-5
86
-30
165
-6
221
45
219
80
156
69
61
8
-22
-68
-57
-114
-42
-100
-5
-31
10
61
-22
126
-98
135
-178
94
-219
39
-196
10
-125
21
-45
62
4
93
6
83
-20
25
-38
-52
-22
-109
28
-119
86
-82
120
-25
108
27
52
51
-24
49
-95
28
-146
5
-173
-16
-175
-25
-159
-23
-131
-3
-103
28
-91
52
-104
48
-139
0
-166
-75
-156
-138
-94
-150
2
-91
82
11
99
102
38
125
-69
68
-161
-33
-183
-116
-123
-124
-25
-59
47
37
46
104
-27
103
-126
47
-194
-23
-212
-60
-187
-49
-165
-14
-173
7
-212
-8
-251
-48
-253
-78
-205
-73
-128
-20
-55
54
-18
114
-24
132
-52
104
-75
46
-77
-20
-52
-76
-4
-111
52
-116
103
-88
135
-36
134
25
87
73
1
83
-103
57
-196
8
-251
-38
-267
-69
-254
-87
-231
-108
-197
-140
-141
-164
-42
-151
87
-73
212
59
281
193
256
270
155
255
29
161
-55
49
-63
-21
-10
-24
51
18
69
58
35
57
-17
23
-46
-7
-33
2
3
51
13
103
-27
110
-103
52
-164
-37
-162
-99
-91
-90
5
-16
65
73
54
112
-13
80
-77
4
-83
-55
-22
-55
66
3
117
68
97
80
23
18
-49
-91
-66
-187
-14
-221
74
-185
148
-112
168
-42
137
-2
86
18
41
34
18
62
-3
86
-34
87
-68
53
-83
1
-54
-30
17
-18
100
39
152
102
141
129
78
99
-5
26
-62
-48
-77
-89
-65
-89
-57
-67
-70
-45
-98
-36
-118
-27
-112
0
-82
50
-45
105
-22
139
-14
132
1
94
48
58
133
52
233
83
305
123
322
136
282
108
221
47
171
-4
150
-13
138
23
93
67
-4
72
-133
11
-245
-89
-280
-175
-213
-178
-75
-85
61
69
127
211
98
269
4
226
-81
117
-104
12
-52
-31
33
-11
86
34
58
40
-42
-34
-161
-170
-233
-310
-213
-387
-119
-367
-8
-269
60
-148
57
-59
-1
-27
-62
-28
-88
-27
-71
6
-37
69
-20
129
-37
161
-81
160
-121
144
-136
141
-132
160
-139
182
-180
164
-247
90
-309
-31
-313
-145
-239
-200
-110
-172
18
-83
84
6
64
33
-18
-15
-101
-111
-135
-204
-102
-244
-27
-223
44
-158
80
-86
71
-35
34
-11
-3
-5
-22
-4
-17
-1
8
9
48
35
95
75
139
124
156
167
133
167
75
107
7
-6
-26
-138
6
-226
95
-238
203
-168
270
-65
257
16
164
37
40
-2
-64
-57
-112
-88
-112
-75
-98
-30
-106
13
-141
26
-187
12
-216
-13
-214
-25
-185
-16
-147
5
-115
28
-91
47
-71
69
-54
94
-44
113
-51
110
-71
72
-82
16
-58
-23
13
-8
108
72
177
185
172
269
84
275
-43
193
-144
65
-161
-33
-87
-56
33
10
132
112
160
194
118
216
45
175
-11
108
-25
48
-3
6
23
-34
41
-86
52
-150
78
-204
133
-215
206
-167
260
-81
257
0
187
34
73
6
-36
-59
-95
-119
-90
-134
-40
-96
13
-29
36
29
24
54
-4
41
-13
15
10
6
62
28
112
71
129
107
100
102
42
51
-14
-30
-33
-102
-6
-128
47
-104
88
-53
83
-21
31
-39
-33
-100
-60
-167
-21
-180
69
-118
157
-1
182
106
121
140
4
81
-97
-33
-119
-124
-43
-126
79
-33
170
100
173
193
84
192
-30
112
-95
16
-67
-26
26
13
123
107
158
186
118
203
37
153
-23
83
-34
42
1
45
33
71
28
76
-15
40
-59
-25
-64
-74
-23
-76
39
-33
71
7
50
3
-5
-65
-44
-161
-25
-231
54
-231
154
-170
212
-90
194
-48
113
-73
18
-146
-42
-223
-42
-261
-6
-250
33
-215
47
-182
38
-169
26
-165
35
-153
69
-112
105
-49
119
15
97
54
42
52
-25
13
-81
-49
-108
-107
-101
-144
-64
-144
-11
-98
35
-16
48
77
16
146
-62
162
-161
119
-241
35
-268
-52
-233
-106
-152
-116
-64
-94
-1
-69
30
-57
36
-60
37
-64
36
-59
29
-47
3
-45
-43
-64
-92
-101
-119
-134
-115
-144
-83
-124
-56
-97
-42
-83
-46
-100
-41
-134
-3
-153
71
-128
151
-63
197
11
181
51
107
35
12
-26
-59
-98
-83
-136
-72
-122
-58
-76
-67
-29
-110
-8
-164
-18
-193
-36
-180
-33
-118
11
-37
99
31
208
57
306
23
357
-65
326
-176
209
-265
28
-282
-158
-202
-282
-31
-297
175
-191
337
-16
394
145
329
226
190
199
49
105
-22
8
0
-29
83
13
168
110
200
208
161
268
71
271
-35
229
-126
158
-183
83
-210
11
-199
-40
-156
-57
-92
-30
-33
24
-5
72
-23
78
-69
28
-105
-54
-95
-124
-35
-143
45
-115
91
-76
72
-76
1
-136
-70
-226
-93
-285
-59
-273
-3
-194
13
-101
-37
-57
-132
-81
-202
-136
-192
-154
-95
-87
32
52
114
194
107
267
32
238
-41
141
-49
52
23
28
129
71
198
132
190
160
116
130
29
64
-24
11
-32
-2
-23
20
-32
38
-63
25
-98
-11
-95
-37
-47
-25
25
22
77
70
83
72
54
21
30
-60
51
-119
111
-129
170
-99
185
-75
140
-95
64
-156
11
-214
11
-222
48
-164
76
-70
51
4
-26
18
-114
-12
-158
-42
-138
-23
-82
47
-46
127
-71
154
-144
105
-209
7
-211
-75
-133
-86
-13
-12
81
99
99
185
42
206
-42
168
-103
113
-103
82
-58
96
3
142
47
198
64
247
59
287
38
311
-1
309
-62
262
-129
165
-174
40
-163
-64
-86
-105
26
-69
117
10
136
70
81
67
-14
-4
-87
-96
-95
-162
-45
-160
26
-104
70
-34
63
16
25
35
-16
40
-33
57
-32
91
-33
126
-47
144
-71
139
-87
127
-78
131
-49
157
-32
187
-45
193
-86
158
-132
93
-153
33
-140
5
-112
8
-107
10
-142
-27
-202
-113
-237
-216
-204
-278
-103
-259
26
-163
121
-42
141
39
103
49
57
8
61
-30
135
-12
250
75
345
196
368
289
310
313
211
257
122
162
86
74
107
30
161
36
201
68
204
93
167
91
106
50
51
-14
25
-78
42
-115
92
-102
154
-45
193
38
182
110
110
129
-3
86
-116
-8
-185
-108
-192
-177
-151
-194
-92
-174
-46
-144
-22
-119
-3
-88
31
-35
74
54
100
156
74
221
-15
205
-131
96
-212
-59
-202
-186
-95
-220
58
-156
175
-47
196
28
117
17
-3
-74
-88
-190
-91
-255
-28
-239
49
-161
86
-72
60
-18
-4
-6
-57
-6
-72
14
-59
69
-47
130
-68
162
-117
146
-158
97
-155
63
-100
77
-28
134
13
194
-6
204
-69
149
-127
53
-129
-18
-62
-15
29
66
74
170
22
218
-122
157
-288
0
-396
-183
-387
-305
-273
-315
-123
-228
-20
-103
-11
-21
-83
-22
-170
-91
-208
-166
-161
-190
-58
-139
49
-41
104
52
91
91
37
66
-8
8
-6
-40
50
-40
131
8
192
79
208
133
173
144
113
115
59
55
31
-11
38
-68
69
-106
119
-125
174
-117
228
-86
269
-30
277
24
245
58
173
55
83
17
5
-35
-42
-69
-59
-69
-73
-42
-107
-21
-175
-37
-255
-98
-310
-180
-298
-238
-216
-231
-89
-153
31
-33
100
79
112
145
90
158
72
144
88
136
134
151
180
180
199
195
185
180
155
136
136
91
141
74
157
88
152
112
105
107
18
46
-69
-57
-115
-162
-83
-214
11
-187
120
-93
190
21
195
107
148
137
87
130
52
117
55
132
75
172
74
207
32
201
-42
135
-113
24
-136
-85
-97
-146
-13
-144
74
-95
117
-39
105
-10
51
-22
-8
-59
-43
-92
-44
-100
-28
-81
-17
-47
-22
-18
-45
-3
-71
4
-89
9
-97
16
-102
20
-109
12
-115
-13
-107
-42
-73
-55
-11
-41
57
4
109
58
128
100
112
107
79
84
53
50
45
21
54
6
61
-4
54
-23
35
-58
23
-95
33
-104
68
-69
104
9
104
99
45
148
-66
131
-186
49
-260
-49
-252
-103
-164
-73
-50
33
25
163
20
248
-63
243
-170
151
-235
25
-211
-65
-107
-77
25
-14
120
76
134
132
69
111
-32
18
-111
-108
-129
-217
-87
-279
-15
-286
49
-267
81
-239
83
-222
69
-205
51
-180
35
-146
7
-113
-35
-94
-86
-96
-123
-103
-131
-89
-105
-37
-70
46
-54
129
-79
177
-136
163
-189
100
-197
28
-141
-13
-35
0
80
57
156
117
169
142
129
112
69
35
21
-58
10
-140
34
-186
76
-190
119
-156
147
-95
150
-20
123
50
66
98
-8
113
-79
98
-126
75
-134
62
-107
76
-73
107
-54
129
-63
121
-85
83
-95
36
-72
18
-20
48
28
118
37
189
-8
223
-91
206
-169
159
-204
121
-192
115
-158
133
-134
146
-142
119
-158
51
-151
-28
-94
-69
-2
-52
79
6
99
53
37
40
-81
-49
-193
-181
-244
-289
-220
-330
-158
-292
-105
-214
-105
-147
-154
-123
-218
-141
-255
-171
-245
-182
-200
-166
-150
-140
-119
-124
-113
-131
-116
-158
-110
-185
-92
-193
-68
-180
-52
-149
-54
-110
-71
-66
-100
-22
-136
14
-177
30
-216
18
-238
-20
-216
-61
-139
-71
-21
-30
105
52
187
133
197
165
136
117
41
-2
-31
-149
-49
-268
-12
-320
47
-301
83
-236
70
-158
8
-97
-81
-57
-168
-33
-234
-15
-266
8
-269
40
-245
80
-211
124
-177
165
-158
182
-158
163
-169
103
-175
16
-157
-69
-104
-126
-33
-142
37
-128
83
-99
100
-74
105
-45
115
-1
135
68
149
153
139
227
87
256
8
223
-67
146
-108
52
-105
-29
-70
-88
-28
-136
6
-182
37
-218
83
-218
146
-156
208
-35
218
100
153
188
18
182
-132
88
-216
-32
-194
-100
-73
-74
74
30
164
137
152
165
62
84
-27
-71
-40
-211
45
-256
190
-186
307
-45
322
81
226
122
70
69
-56
-24
-90
-82
-29
-56
76
45
153
164
159
235
104
226
41
151
23
65
67
20
153
33
221
83
228
120
162
105
47
35
-60
-59
-128
-137
-141
-167
-127
-146
-117
-98
-132
-57
-166
-42
-195
-49
-195
-54
-155
-41
-87
-2
-18
49
30
95
47
114
39
101
23
62
8
10
6
-44
18
-87
43
-110
82
-105
126
-61
167
13
183
102
163
179
111
219
39
219
-23
190
-59
154
-59
129
-37
119
-18
112
-13
87
-25
37
-37
-30
-28
-91
6
