-309
199
-284
234
-310
-243
269
190
-328
-206
149
-330
-173
315
-360
-147
100
-351
-107
342
-367
-79
-373
-60
345
25
-374
-14
346
-17
18
356
-66
-358
61
352
-361
91
329
-117
-348
133
-339
153
163
318
-200
-305
284
-208
216
283
232
271
247
257
-249
272
274
226
-216
301
298
192
313
170
145
-329
-139
337
105
-344
-99
349
-359
-72
352
49
-35
361
-364
-10
9
361
30
360
-361
52
71
354
91
349
111
344
-338
136
-330
155
-321
173
187
306
-214
-296
-286
226
240
269
250
-257
-276
-239
218
-285
202
-299
-190
307
-173
317
325
148
-135
334
-114
341
-94
348
352
69
357
49
-361
-30
-363
-9
-361
13
33
358
-358
54
-78
-356
344
-99
340
-117
-136
-337
324
-156
171
314
192
304
-213
-297
-230
-283
-244
-269
257
252
-238
270
221
-286
-301
-206
307
184
-323
-170
148
-331
129
-338
-111
344
-90
350
-71
354
356
47
-362
-29
358
5
-18
-363
35
358
54
358
-356
77
347
-99
339
-119
-139
-335
-327
158
175
315
-194
-307
210
293
-229
-281
244
266
-254
259
271
235
-221
286
299
202
-188
311
-322
-169
147
-329
337
127
-110
344
-90
349
-69
354
-47
358
-1
0
-3
-1
0
-1
0
-1
-1
-1
-1
-1
-1
-1
-1
0
-1
-2
-2
-1
-1
-1
-2
-1
-3
-1
-2
-1
-2
-1
-1
-1
0
0
-1
-2
-1
-2
-2
-1
0
-1
-1
-1
-1
-1
-3
1
-1
-2
-1
-1
-4
-1
-1
0
0
0
-2
-1
-1
0
-2
-1
-1
-1
-3
0
-3
0
-1
-1
0
-1
-2
-2
0
-2
-1
1
-1
0
-1
-1
-2
-1
-1
-1
0
-1
-1
0
-1
1
-1
-1
-1
1
-1
-1
-1
-1
-1
-1
0
-1
-1
-1
-1
-1
0
-1
-1
-1
-1
-1
0
0
0
-1
-1
-2
0
1
-1
-1
-1
-2
0
0
-1
-1
0
-1
-1
1
-2
-2
-1
0
-2
-1
-1
-1
0
-1
-1
-1
-1
-1
0
-1
0
0
-1
-1
0
-1
0
-2
-1
-1
-1
0
-2
-2
-2
-2
-3
-2
-2
0
-3
-2
-3
-1
0
-1
-3
-1
-3
-1
-2
-1
-3
0
-3
-1
-1
0
-3
-1
-3
0
-1
0
-2
-1
-1
1
-1
-1
-1
0
-2
1
-1
0
-1
0
-2
-1
0
-1
-2
1
-2
0
-2
1
-2
-1
0
-2
-3
0
-1
1
-3
-1
0
-1
-1
0
-3
-1
-3
-1
-1
2
-1
1
-4
0
0
-1
-1
-1
0
-1
-1
1
-3
-1
-3
0
-1
2
-1
1
-1
1
-1
1
-1
-2
0
-1
-1
-1
0
-1
-2
-1
-2
0
-1
0
1
-1
0
-1
-1
0
0
-1
-1
0
-1
0
-1
-1
-1
0
0
0
-1
-2
0
0
-2
-1
0
-1
-1
-1
-2
-1
-1
-1
1
-1
-1
-1
-1
-1
-1
-1
-2
-2
-2
-1
0
0
-1
-1
-3
-1
-1
-2
-3
1
-2
-1
1
-2
-1
-4
-4
-3
-3
-1
-2
-3
-1
0
-1
-1
-1
-2
-1
-1
-1
-2
-1
-1
-4
-2
-2
-1
-1
-1
-1
-1
-1
-1
-4
-1
-3
-1
-1
-1
-4
-1
-4
-2
-4
-3
-4
1
-4
-2
-3
-2
-1
-1
-2
-1
-1
-1
-1
-3
-2
-1
-3
-3
-2
-2
-3
-3
0
0
-1
1
-2
0
-1
0
-1
-1
-1
0
0
0
-2
-1
-2
-1
-1
-1
-1
-1
-4
-1
-2
-1
0
-2
-2
0
-2
0
-1
1
-1
-1
-1
1
-3
0
-4
-1
0
1
-1
0
-1
0
-1
1
-1
1
-1
0
-1
0
-2
-1
0
0
-1
-2
-1
0
-1
0
-1
-1
-1
1
-1
1
-2
1
0
0
-1
1
0
0
-2
0
-1
0
-1
0
0
-1
0
0
0
-1
-1
0
-2
0
0
-1
-1
0
-2
1
-2
-1
-1
-1
-3
-1
0
-1
-1
0
0
-1
0
-1
0
0
-3
-1
-2
-1
-2
-2
-3
1
-1
-2
-1
-1
0
-1
0
0
-1
-1
-1
-1
-1
-2
0
-1
-1
-1
-3
1
-2
-1
-2
-1
-4
-1
-1
-1
-1
-1
-1
-1
-1
-1
-1
0
0
-1
-1
-2
-1
-1
0
-1
-1
-1
-3
-1
-1
-1
-1
0
-2
-1
0
0
-1
-1
-1
1
-1
1
-1
0
-1
-1
-1
2
-1
-1
-1
-1
-1
-1
-1
0
-3
-1
-2
0
-1
-1
-1
0
-1
-1
-1
-1
0
1
-2
0
-2
1
-1
2
-2
-1
-3
0
0
-1
-3
1
-1
1
-1
0
-3
-1
0
-1
-3
-1
0
-2
-1
-1
-2
1
-1
-1
0
0
-1
-1
-1
0
-3
-1
-1
0
-2
0
-1
1
-2
-1
-1
0
-3
0
-1
-1
0
0
-2
0
-2
-1
-2
0
-2
-1
-2
0
-1
-1
0
0
-2
-1
0
-3
-1
-1
-1
-2
1
0
-2
-1
0
-1
0
1
-1
-1
0
-1
0
0
-1
-1
-1
-1
-1
1
-1
0
-1
-3
-1
-1
-1
-1
-1
0
0
-2
0
0
-2
-1
-1
-1
-1
-1
1
-1
0
1
-1
0
-4
-1
-1
-1
-1
1
-1
-1
-3
0
-1
-1
-1
1
-4
1
0
-2
-1
-1
-1
-1
-1
0
-2
1
-2
-1
0
-1
-3
-1
-3
1
-3
-1
0
0
-1
-1
-1
-1
-3
-1
-2
-1
-1
-1
-1
0
-1
0
0
0
-1
-1
-1
1
-1
1
-1
1
0
1
-1
-1
-1
0
-1
-1
-1
1
-1
1
0
1
0
-1
0
1
-1
0
-1
0
-2
0
0
-1
0
0
-1
-1
-1
0
-1
-1
1
-1
0
-1
0
-1
-1
1
-1
0
-3
-1
-1
-1
-1
-1
0
-1
-1
0
-1
0
0
-1
-1
1
0
0
-1
0
-1
-1
-1
-1
-2
-1
-2
0
-1
-1
-1
-1
-1
-1
0
0
-1
-1
-1
-1
-1
0
0
0
-1
0
-1
0
-1
0
0
1
-1
0
-1
-1
0
-1
-1
-1
-1
0
-2
-1
-1
0
-1
0
-1
-1
0
0
-1
0
-1
-1
1
0
-2
1
-1
0
-1
0
0
-1
0
0
-1
-1
-1
0
-1
-1
1
-1
-1
-1
-1
0
-2
-1
-4
-1
-1
1
0
-1
-1
2
-1
-1
0
-1
-1
0
-1
0
-1
1
-2
0
0
-1
-1
1
-1
0
-1
-1
-1
-1
0
-1
-1
0
-1
1
-1
0
-1
-1
0
-1
-2
-1
-1
0
-1
1
-1
0
-2
0
-1
-1
0
0
-1
-1
0
-1
-1
2
0
-1
-2
-1
-1
-1
-1
1
-1
0
-1
0
0
0
-1
0
-1
0
-1
1
-1
0
0
0
-1
-1
-1
0
-1
0
-1
0
-1
-1
-1
0
-1
0
1
-1
-1
-1
-1
1
-1
1
0
0
0
0
-1
1
-2
1
-1
-1
-1
-1
-1
-1
-1
0
-1
0
-1
0
-2
-1
0
0
-1
-1
0
-1
0
-1
-1
0
-1
1
-1
-1
-1
1
1
-1
-1
0
-2
1
-1
-1
-1
1
-1
0
-1
-1
0
0
-1
1
-1
0
0
1
-1
0
-1
-1
-1
0
-1
-1
-1
-1
-2
1
1
0
0
-1
0
-1
-1
1
-1
-1
0
0
-2
-1
-1
0
-1
-1
0
-1
-2
1
-2
0
-1
1
-1
1
-1
0
-1
0
-1
0
-1
0
-1
-1
-2
0
-1
-1
-2
1
-2
-1
1
0
-2
1
-1
2
-1
-1
1
-1
-1
1
-1
-1
-1
-1
-1
-1
0
-1
-1
1
-1
-1
-1
-1
-1
-1
0
-1
-2
1
-1
1
0
-1
-1
-1
-1
0
-1
-1
0
-1
-1
-1
0
-1
-2
1
0
-1
-2
-1
-1
1
0
-1
-1
-2
-1
-1
-1
-1
-1
0
-1
1
1
0
-1
-1
-2
-1
0
-2
-1
0
-1
-1
0
1
0
-1
-4
-2
-2
1
0
0
0
0
-1
-1
-1
-1
-1
1
-1
-1
1
0
-1
1
-3
0
-1
1
0
-1
-1
0
-1
-1
-1
-1
-1
1
-1
0
-1
-1
-1
-1
-1
0
-1
0
-1
1
-1
-1
1
0
-1
-1
-1
-2
-1
-1
0
0
0
-1
0
1
-3
-1
-1
-1
1
-1
-1
-1
-2
-1
0
-2
0
-1
-1
-1
-1
1
-1
0
-1
-2
1
-1
0
1
-1
1
-1
1
-1
-1
-1
0
-1
1
-1
0
-1
-1
1
-1
0
1
-1
-1
-1
1
-3
-1
-2
1
-1
1
-1
1
-1
-1
-1
-2
-1
-1
-1
-2
-1
1
-2
-2
-2
-1
-2
1
-1
-1
0
1
0
-1
1
0
-1
0
-2
-1
-1
-1
-2
-1
-1
1
0
-1
-2
-1
-1
-2
-1
0
-1
0
1
-1
0
-1
0
-1
-3
0
-1
-1
0
-1
-1
-2
-1
-1
1
-1
0
-1
0
1
-1
1
1
-1
0
1
0
0
-1
-1
-1
-1
0
1
-2
-1
-1
0
-1
0
1
-1
-1
1
0
-1
0
-1
-2
0
1
1
0
-2
0
-1
-1
-1
-1
-1
1
0
-1
-1
-1
0
-1
1
-2
0
0
1
-1
1
-1
1
1
-1
0
1
-1
0
-1
1
1
0
0
-1
-3
-1
1
-1
0
0
-2
3
-1
1
-1
0
-1
1
-1
1
-3
-1
-1
0
0
-1
-1
1
1
-1
-1
0
-1
1
-1
-1
1
1
-1
0
1
0
-1
0
-1
-1
-1
0
-1
1
-1
0
0
-1
0
0
-1
1
-1
0
-2
-1
0
-1
-1
0
-1
1
1
0
-2
1
-1
-2
0
-1
0
-1
1
0
-1
1
1
0
0
0
-1
1
1
1
0
-1
1
-1
-1
-1
-1
0
-1
-1
-1
0
-1
-1
0
-1
-1
-3
0
1
0
-1
0
1
-1
-1
0
-1
-2
1
0
-1
-1
1
0
0
1
0
0
1
0
-1
-1
-1
0
-1
-1
-1
-1
0
0
-1
-2
-2
0
-2
-2
0
1
0
1
1
-1
-1
-1
-1
-1
1
-1
0
0
0
-1
1
-1
0
-1
-1
-1
1
1
1
-2
-1
0
-1
-1
-1
-1
0
-1
1
-1
-1
-2
0
-1
-1
-2
0
1
-1
1
0
-1
-1
-2
1
0
0
-1
-1
0
-1
0
-1
-1
1
-1
-1
-1
1
2
0
-2
-1
0
0
-1
0
-1
-1
0
1
1
-1
-1
-1
1
0
-2
-1
0
-1
0
0
-1
1
-1
-1
-1
1
0
-1
0
-1
-2
0
0
-2
-1
-1
-2
0
-1
0
-1
-1
1
-1
0
1
-1
-1
1
-1
0
-1
-1
0
1
0
1
-1
-1
-1
0
1
-1
-2
-2
-1
0
0
0
-2
0
-1
0
-1
0
-1
1
0
1
-1
0
0
-1
-1
0
1
-1
0
0
-1
0
-2
-1
1
-1
-1
0
-1
0
-1
0
-1
1
-2
-1
-1
0
-1
0
0
-1
0
0
1
-1
-1
1
-1
0
1
-1
1
-1
1
-1
-3
-1
-1
1
-1
1
-1
-1
-1
-1
1
0
1
1
-1
1
-1
-1
0
0
0
0
0
-1
-1
-1
-1
-1
0
-1
1
0
-2
1
0
1
-2
1
1
-1
1
0
-1
0
-1
0
-1
0
0
0
-2
1
0
0
-1
-1
-2
0
0
-1
1
-1
-1
0
-1
0
-1
0
-1
-1
1
-1
-1
1
0
-2
-1
0
-2
-1
-1
0
-2
-1
0
-1
-1
-1
-1
-1
0
0
0
-1
0
1
1
-2
1
0
-1
-1
-1
1
-1
-1
-1
0
-2
-1
-1
-1
-1
-1
-1
0
-1
-1
-1
-1
1
0
-1
0
1
-1
-1
-1
-1
1
-1
-1
-2
1
-1
-1
-1
-1
-1
0
0
-1
-1
0
1
0
-1
-1
-1
0
-1
0
1
-1
0
1
-1
1
-1
0
-1
-1
-1
-1
2
-1
0
-1
-1
0
-1
0
-1
-1
-1
-1
1
1
1
0
0
-1
0
0
-1
-1
-2
-1
-1
-1
0
1
-1
0
-1
0
1
-1
-1
0
-1
1
-2
1
0
-1
-1
-1
-1
0
-1
0
0
0
-1
0
-1
-1
0
0
-1
-2
-1
1
1
-1
-1
-1
-1
0
0
-1
0
0
0
-1
0
-1
-1
-1
-1
-1
1
-1
-1
0
0
-1
-4
0
-3
-1
1
1
-1
-1
-1
0
0
0
-1
0
1
-1
-2
0
-1
1
-1
1
-1
-1
-1
-1
-2
0
-1
-1
0
0
0
-1
-1
-1
-1
-1
-1
-1
-1
0
-1
-1
0
0
-1
-1
0
-1
0
-1
-1
2
-1
-1
-1
1
-1
1
-1
-1
-2
-1
-1
0
0
-1
-1
0
0
0
-1
-1
1
1
0
-1
1
1
0
1
-1
-1
-1
0
-1
0
0
0
0
1
-2
0
0
-1
1
0
-1
0
-1
1
-1
-1
0
0
0
-1
-1
0
-1
-1
0
-1
0
-1
0
0
0
-1
-1
-1
0
1
-1
-1
-1
-1
2
2
-1
2
-2
1
0
0
0
1
-1
1
0
-1
-1
-2
-3
1
-1
-1
0
-1
-1
-1
-1
-1
-1
-1
-1
0
-1
1
1
0
-1
-1
-1
0
-1
0
-1
-1
-1
0
-1
0
0
-1
0
1
1
-1
0
1
0
-1
0
0
-1
1
-1
1
-1
2
-1
1
-1
-1
-1
1
-1
-1
-1
0
-1
1
-1
-1
-1
-1
1
2
-1
1
-1
2
0
0
-1
0
1
1
-1
1
0
0
-1
0
-1
1
-4
-1
-1
1
-1
1
-1
-2
-2
0
-1
-2
-1
1
-1
0
-1
-1
-2
0
0
-1
-1
0
0
1
-1
-1
-1
-1
-1
1
-2
0
-1
0
-1
0
-1
1
-1
0
-1
0
-3
-1
0
1
-1
-1
-1
1
-1
-1
-2
1
-1
0
1
-1
0
0
-1
0
-2
1
-1
0
-1
-1
-1
-1
-2
-1
-2
0
-1
-1
-1
0
-1
0
-3
0
-2
1
-1
-1
-1
-1
-3
0
-1
1
0
1
-3
0
-1
0
-1
0
-2
0
0
0
-1
-1
0
-1
-1
0
-2
1
-2
1
-1
-1
-1
1
-1
-1
-1
1
-1
1
-1
1
0
0
-1
1
-1
0
-1
-1
1
0
0
0
-1
-1
-1
0
0
0
0
1
0
0
-1
1
-1
0
-1
-1
-1
1
-1
-1
-1
1
-1
1
-1
0
0
-1
-1
1
-1
-1
-1
0
-1
1
0
1
-1
1
-1
1
0
0
0
-1
-1
-1
-2
-1
-2
-1
-1
1
-1
-1
-1
0
-1
-1
-1
0
-1
1
-2
0
-1
1
-2
0
-1
0
-1
0
0
0
-1
1
-1
0
-1
1
-1
0
-1
0
-2
0
0
-1
-1
1
-1
0
-1
-1
0
0
-1
-1
-4
-1
-1
1
-2
0
-1
0
-1
-1
-1
-1
-1
0
-1
2
-1
1
-1
0
-1
0
-2
0
-1
0
-1
0
1
-1
0
0
0
0
0
0
-1
1
-1
-1
-1
-1
-1
-1
-2
-1
0
-1
-1
0
-1
-1
-1
1
-1
1
-2
-1
-1
1
-1
-1
0
-1
-1
0
0
0
0
-1
-1
1
-1
1
-1
1
0
-2
-1
-1
-2
-1
-1
-1
-1
1
-1
-1
0
-1
-2
-1
1
-1
0
1
1
1
-1
-1
-1
0
-1
1
-1
-1
0
0
-2
1
-2
0
-1
1
0
-1
-3
-1
0
-1
-1
-1
0
-2
0
1
-1
-1
-1
0
1
1
-1
0
0
1
-2
1
-1
1
-1
1
-4
0
-1
1
0
0
0
-1
0
1
-1
0
-1
0
0
0
-2
1
-1
1
-1
0
-1
0
-1
0
-1
-1
-2
-1
-1
1
-1
1
-1
0
-1
1
-1
0
-1
-2
-1
-1
0
1
-1
0
-1
0
0
-1
-1
-1
-1
1
-1
1
1
0
-1
1
-2
0
-1
-1
0
1
-1
-1
-2
-1
-1
-1
0
1
0
-1
-3
1
0
-1
0
0
-1
-1
-2
-1
-1
1
-1
1
-1
-1
-2
1
0
-1
-1
-2
0
1
1
0
0
-1
0
-1
-1
0
-3
-2
0
-1
0
-1
-3
-1
-1
0
0
-1
-1
0
-1
1
-2
-1
-2
-1
-1
-1
-2
0
-1
-1
-1
-1
-2
-1
-1
-1
0
1
-1
-1
0
0
-2
-1
-1
-1
-1
-1
0
-1
-4
1
0
1
-1
-1
0
0
1
-1
0
0
-2
1
-3
-1
-1
0
-3
-1
0
1
-3
0
-1
1
-4
-1
-1
0
-2
0
-1
1
0
0
-1
1
-1
0
-1
0
-2
0
-2
0
-1
0
-3
-1
-1
-1
-1
-1
-2
-1
-1
1
-1
0
-1
-1
-1
-1
-1
-1
-1
-1
-2
-1
-2
0
-1
0
-1
-1
-1
-1
0
1
-2
0
-2
1
-2
-1
-1
0
-1
1
-1
-1
-1
0
-2
-1
-2
-1
-1
0
-4
-2
0
1
-1
-1
-1
-1
0
0
1
0
-1
-1
-1
0
1
-2
-1
1
-2
-1
-1
0
-1
-1
-1
1
-1
-1
-1
-1
-2
0
-1
0
-3
-1
-2
-1
-1
-1
-1
0
-3
-1
0
0
-1
0
-2
1
-2
-1
-4
-1
-2
0
-3
0
-2
-2
0
-1
-3
-1
-1
0
-2
-1
1
-1
0
-2
-1
0
-1
0
0
0
-2
1
-1
0
-2
0
-2
-1
-1
0
0
-1
-1
0
-1
-1
-1
-1
-1
-1
-1
1
-1
-1
-1
-1
-2
-1
-1
0
0
-1
0
-1
-1
-1
-1
-1
-1
0
0
-1
-1
0
-1
-1
-1
-1
-2
0
-1
-1
-2
0
-2
0
-2
-1
0
0
-1
0
-1
-1
-1
-1
-1
1
-1
-1
-1
-1
-1
1
-2
-1
-1
1
-2
0
-1
-1
0
1
-1
1
-1
-1
-2
-1
-1
-1
-1
-1
-2
0
-1
-1
-1
0
-1
-1
-1
-1
0
1
0
-1
-1
1
-1
-1
-1
-1
0
1
-1
-1
-3
-1
-1
-1
-2
0
-1
-1
-1
-1
0
-1
-1
0
-1
0
-1
0
-4
-1
0
-1
-1
1
-1
0
0
2
-2
0
1
0
-1
-1
0
-1
0
-1
-1
-1
-2
-1
-1
0
-1
-1
0
2
-1
1
-2
-1
1
-1
-1
0
-2
0
-1
0
-1
-1
-1
-3
-2
-1
-1
-2
-1
-1
-1
-1
-1
-44
356
-361
-24
-363
-3
-361
17
358
-40
-63
-357
81
351
346
-104
120
339
-142
-334
160
321
-315
177
302
-198
-215
-292
-279
228
-265
247
250
-264
233
-277
-291
-218
-202
298
310
180
-164
322
-146
331
339
124
103
-345
-86
349
356
64
42
-358
-24
361
-361
-4
-361
19
-42
-359
-63
-356
351
-84
-104
-346
339
-125
142
331
324
-163
-314
180
-200
-303
289
-216
277
-233
-247
-263
-265
-249
-233
274
-291
-217
-198
299
-182
312
161
-324
144
-332
122
-340
-347
-105
84
-353
-356
-65
359
40
-19
358
-1
-361
-21
-361
42
358
64
355
83
350
345
-105
339
-126
-144
-332
-322
163
180
311
-199
-305
216
288
-233
-279
247
262
246
-264
232
-281
216
-291
199
-303
180
-315
161
-326
330
140
-339
-124
-347
-105
351
81
356
59
-358
-42
-18
359
-363
-1
-361
21
43
358
64
353
-352
83
106
342
127
336
332
-148
321
-166
-312
181
-199
-303
-289
216
276
-238
-250
-264
264
245
279
228
-291
-218
-198
300
-313
-180
-322
-163
332
138
339
119
349
99
-81
349
356
57
359
36
-362
-18
-362
1
359
-26
-359
42
-64
-356
-352
83
-346
105
124
337
-146
-333
-165
-322
310
-185
-202
-301
-289
217
-236
-276
-251
-261
-267
-245
-280
-231
211
-293
194
-303
-180
311
-161
323
332
140
340
118
344
101
-83
351
357
59
36
-361
-361
-18
1
360
359
-23
358
-46
65
355
350
-88
-346
106
-338
127
146
330
-166
-321
312
-185
-301
200
-218
-287
235
274
-262
250
-245
264
279
228
-293
-213
-194
303
-176
314
325
157
136
-335
342
119
-347
-100
351
78
-59
356
-39
358
16
-363
4
358
-361
25
47
357
-355
66
-349
87
108
342
337
-130
-146
-331
167
319
-186
-313
-300
201
287
-222
-272
235
-252
-260
-267
-247
280
226
-293
-213
194
-306
-177
315
157
-326
136
-336
-342
-120
-349
-100
-78
351
-356
-60
34
-362
361
13
6
359
-363
27
-48
-360
69
352
-90
-351
-112
-346
339
-132
-330
148
169
318
-186
-312
-301
202
-221
-289
272
-240
252
255
241
-270
226
-284
209
-296
-194
304
-177
313
-155
324
-337
-139
-344
-119
95
-349
-355
-77
357
53
-37
356
360
11
6
359
28
358
-359
45
353
-72
-351
88
110
342
335
-132
149
328
-170
-320
-312
185
-206
-298
-223
-287
-240
-274
-260
251
-269
-242
281
225
-296
-210
-194
305
171
-318
-328
-156
-137
334
341
115
94
-347
351
74
-57
358
-37
360
-361
-13
361
-7
-362
28
-52
-358
-354
71
-351
92
-344
111
-132
-337
-330
151
-171
-317
-188
-308
-297
206
283
-222
-274
240
-255
-256
-269
-242
-282
-224
-209
294
308
191
-316
-173
325
153
136
-337
342
116
96
-349
-352
-74
-54
356
-31
360
-358
-13
11
358
361
-32
-49
-358
354
-73
93
347
-112
-345
339
-135
153
326
173
316
192
303
299
-210
-281
221
272
-243
257
-257
-268
-245
-223
281
-206
292
-305
-194
-317
-175
-329
-158
-336
-137
344
110
94
-354
354
69
52
-361
33
-365
362
6
-9
-366
356
-35
-361
47
353
-78
-95
-355
340
-119
333
-137
325
-156
315
-176
-192
-310
-211
-299
221
281
268
-243
