-310
199
-313
-276
196
-303
-323
-224
-327
-206
-341
-187
306
136
108
-349
100
-351
80
-357
59
-361
-64
351
346
24
-23
357
-3
357
-47
-363
-64
-358
61
351
-362
93
-129
-344
-346
134
316
-153
-185
-317
-202
-308
284
-208
-294
226
-251
-268
247
258
-249
274
-294
-220
-305
-202
-318
-186
310
170
-158
328
124
-338
105
-346
-100
349
351
71
354
50
356
30
-365
-8
9
361
28
360
354
-55
71
354
345
-95
-119
-343
332
-136
-330
154
-321
172
-310
190
205
296
-286
224
238
269
-257
255
235
-272
218
-287
-303
-205
305
187
315
167
325
149
-134
334
340
110
345
91
350
70
-50
356
-360
-30
-9
360
-361
12
358
-36
-57
-358
75
350
346
-99
-117
-345
-336
134
154
325
173
314
-194
-309
-212
-296
-284
225
-244
-269
252
-260
269
235
-223
284
-300
-206
-187
308
-170
319
-332
-150
128
-338
107
-346
-351
-91
-358
-73
354
48
-30
360
358
6
-365
14
35
358
-360
57
77
353
-98
-349
340
-119
138
334
-325
156
172
315
-194
-305
-296
211
-228
-283
243
266
-255
258
-275
-239
-286
-221
-301
-205
-188
311
-321
-168
-149
329
128
-337
-108
344
-89
348
-70
354
-50
357
-1
-1
-2
0
-1
-1
-1
-1
-1
0
1
-2
-2
-1
0
0
-1
-1
0
0
-2
-1
-1
0
-1
-1
-1
0
0
-2
-3
-2
-1
-1
-1
-1
-1
-1
-1
0
-1
-1
-1
0
-2
-1
-1
-1
0
-1
-2
-1
-1
-2
-1
-1
-1
1
-1
-1
-1
-2
-1
0
-1
-1
-1
-1
-1
-1
-1
-1
-2
-1
-1
-1
-1
0
-1
-1
0
0
-1
-1
-1
-1
-1
-1
0
-1
0
0
0
-1
-2
-1
-1
-1
0
-1
-2
0
-3
-1
-1
-1
-2
-1
-1
-1
-1
-1
0
0
-1
0
-1
1
-4
-1
-1
-1
0
0
-1
-1
-1
-1
0
-1
-1
-1
0
-1
-1
0
-1
-1
1
0
-2
-3
0
-1
-1
-1
-1
-1
-1
-1
-1
-1
-1
0
-2
-1
-1
-1
0
-2
-3
-2
-3
-2
-3
-2
-2
-1
-3
-2
-2
-1
-1
-1
-2
-1
-1
-1
-3
-1
-2
-2
-2
0
-3
-1
-2
0
-3
0
-1
0
-3
-1
-2
-1
-4
0
-2
1
-1
-1
-1
-1
-4
1
-2
-1
-2
1
-1
0
-1
-1
-3
1
0
-1
-2
-2
-1
-1
-1
-1
-2
-1
-1
0
-1
0
-2
0
0
-1
-1
0
-1
1
-1
0
-3
1
-1
-1
-2
-1
-2
-1
0
-1
-1
1
0
1
-1
0
-1
0
0
0
-1
-2
-1
-1
-1
-1
-1
1
-1
-1
1
0
-1
0
0
-1
0
-1
0
-1
-1
-1
-3
-1
-1
0
0
-1
-2
-1
0
-1
-1
0
-1
-1
-1
-1
-1
1
-1
-1
-1
-2
-1
-1
0
-1
-1
0
-1
-1
-1
-1
-1
-1
0
-1
-1
-1
-1
-1
-1
0
-2
-1
-2
-2
-3
-2
-1
-1
-1
0
-1
-1
-1
-1
-2
-1
-1
-3
-1
-1
-1
-1
0
-1
-2
-1
-1
-2
-1
-1
-1
0
-2
0
-2
-2
-1
-1
-1
-1
-2
-1
-4
-1
-3
0
-2
1
-4
-1
-2
-1
-1
-1
-1
0
-3
-1
-1
0
-1
1
-2
-1
-4
-1
-3
-3
-2
0
-3
-1
-4
-1
-1
1
-1
1
-1
-1
-2
0
-3
-1
-3
1
-1
-1
0
-1
-2
0
-4
-1
-4
-1
-2
0
-3
-1
-1
0
-2
-1
-2
-2
-1
-1
-1
1
-1
-1
-2
1
-1
-1
-2
0
-3
-1
-1
1
-2
1
-1
1
-2
-1
-1
1
-1
1
-2
-1
-1
1
-1
0
-2
1
-1
0
-1
-1
-2
0
-1
0
-2
-1
0
-1
-1
-1
-1
-1
-1
-1
-1
-1
0
0
-1
-1
-1
1
-1
0
-1
-1
-1
-1
0
0
-1
-1
-1
-1
-1
0
-1
-1
-1
-2
-1
0
-1
-1
0
-1
1
-2
-1
-1
0
0
-1
0
-1
-1
-1
-1
-1
-1
-2
1
0
-1
0
-1
-1
-1
-1
-1
-2
0
-1
-1
0
-1
-1
-1
-2
0
-1
1
0
1
-1
1
-1
-1
-1
-1
0
-1
-2
-1
-2
0
-1
0
-1
1
-1
0
0
-1
-2
0
-1
-2
-3
-1
-3
-1
0
0
-1
0
-2
0
-1
-1
-1
-1
-1
-2
-3
-1
-3
-1
-1
-2
-1
1
-1
1
-1
-1
-1
0
-1
-2
-1
-1
-3
-1
-1
-1
-2
0
-1
0
-2
0
-2
0
-1
-1
-2
-1
-1
-2
-1
1
-2
-2
-1
-1
0
-1
-1
1
-1
-1
-2
-2
-2
1
-1
-1
-2
1
-1
-1
-1
-1
-1
-1
0
2
-1
0
-1
0
-1
1
-1
0
-1
1
-1
1
-1
-1
-1
0
-1
0
-2
0
-1
-1
-3
0
-1
1
0
0
-2
0
-1
0
0
-1
0
-1
-1
0
-1
-1
-1
0
-2
0
-1
1
-2
-1
-1
0
-3
0
-2
-1
-1
-1
-1
0
0
-1
-1
-1
-1
-1
-1
-1
-2
1
-1
-1
-1
-1
-1
-1
-1
0
0
0
-1
0
-1
1
-1
-1
-2
0
-2
-1
-1
0
1
1
-2
-1
-2
0
-1
0
-1
-1
-1
-3
0
0
-1
-1
-1
1
-2
0
-1
-1
0
0
-1
0
-3
0
0
0
-1
0
0
-1
-1
-2
-1
1
-1
-1
-1
0
-1
-1
-1
-1
-1
-1
0
-1
-2
0
-1
-1
-1
0
0
-1
-1
-1
-1
1
1
-1
-1
0
-2
1
-1
-1
-1
-1
-1
0
-1
-1
-1
-1
0
0
-1
1
-1
0
0
-1
1
0
-1
-1
0
-1
-1
-2
0
-1
-1
-1
0
-1
-1
-1
-1
0
-1
0
-1
-1
-1
-1
-1
-1
-1
0
-1
0
-2
1
-1
0
-2
0
-2
0
-1
0
0
-1
-1
-1
-2
1
-2
1
-2
1
0
1
0
0
-1
1
-3
-1
-1
-1
-1
-1
-1
-1
-1
-1
-1
-1
-1
1
-1
1
-2
1
-1
1
-2
-1
-1
-1
0
-1
-1
1
-1
-1
-2
-1
-1
0
-1
-1
-1
1
-1
-1
-2
0
-1
2
1
-1
0
1
-2
1
-1
0
-2
0
-1
0
-1
-1
-1
0
-1
0
0
0
-1
-2
-1
1
-1
-1
-1
1
0
-1
-1
1
-2
1
-3
-1
0
-1
0
-1
-1
0
-1
0
-1
-1
-1
1
-1
-1
-1
0
0
-1
0
-1
-3
0
-1
-1
-2
1
1
-1
-1
0
-2
1
-1
-1
0
1
-1
0
-1
1
-1
-1
-1
0
-1
1
-1
1
0
0
-2
0
-1
0
-1
1
-1
-1
0
0
-1
-1
-3
0
0
0
-1
1
0
-1
-1
-1
-1
-1
-1
1
-2
-1
0
-1
1
-1
0
0
0
-1
0
-1
-1
1
1
1
-2
-1
-1
0
-2
-1
0
-1
-3
-1
-1
-1
-1
0
0
0
0
0
-1
-1
-1
-1
0
0
-1
0
0
0
-1
0
-1
1
-2
0
1
0
0
-1
-1
0
-1
-1
-4
-1
-1
1
-2
1
-1
-1
-1
2
-1
1
0
0
-1
1
-1
0
-1
0
-1
0
-1
0
-1
0
0
-1
1
-1
-1
-1
-2
0
0
-1
-1
-1
0
0
-1
0
0
1
1
-1
1
-2
-1
-1
-1
-1
-2
-1
-1
0
0
-2
-1
1
-1
1
-1
0
-1
1
0
-1
1
1
0
1
-4
-1
-2
0
-1
-1
-1
-1
0
0
-1
0
-1
1
1
0
-1
1
-1
0
-1
-1
-1
-1
1
1
1
1
-2
-1
1
1
-1
0
-1
-1
-1
-1
-2
1
-2
-1
-1
0
0
0
-2
1
0
0
0
0
-1
0
0
-1
-1
-1
-1
-1
-2
1
0
-1
0
1
-1
1
-1
-1
1
-1
-1
-1
0
0
0
-2
-2
0
-1
-1
0
-1
1
-2
-3
0
-1
-1
-1
-1
0
1
0
1
-1
-1
-3
0
-1
-1
0
1
-1
-1
0
1
0
0
-1
-1
-1
-1
-1
-1
-3
0
-1
0
-1
0
0
-1
-1
-1
1
2
0
-2
0
-1
-1
-1
-1
-1
1
-1
1
0
-1
-1
1
-2
-1
-1
-2
-1
0
1
0
-1
-1
-1
-1
-1
-1
-1
0
0
0
-1
0
0
-2
0
-1
-2
1
1
-1
0
-1
-1
-1
1
-1
-1
-2
-1
-1
-1
1
-1
-1
0
1
-1
-1
-1
-1
0
-1
0
-1
-1
0
-1
-1
-1
1
1
-1
-1
-1
-1
1
-1
0
0
-1
0
0
-1
-1
1
-2
0
-1
-1
-1
0
-1
-1
1
1
0
-1
-1
-3
-1
-1
-1
-1
0
0
-1
-1
-1
0
-1
-1
0
0
0
-1
-1
-1
1
-3
-1
-1
-1
1
-1
-1
1
-1
-1
-2
0
-1
1
-1
0
-1
-1
-1
0
1
0
1
0
-1
-1
0
-1
-1
0
-1
-2
-1
-1
-1
0
1
0
0
1
-1
1
-1
0
-1
-1
1
-1
-1
1
-1
-2
-2
-1
0
0
1
-1
1
-1
0
-1
0
0
0
-1
0
-2
-1
-1
1
-1
1
-1
0
-1
-2
0
1
0
-3
-1
-1
0
0
-1
1
-1
-1
-1
-1
-2
0
-1
1
-3
0
0
-1
1
1
-1
0
0
1
-1
1
-1
-1
0
0
0
1
-1
-1
-1
0
-1
-2
1
1
-1
1
-1
1
-1
1
0
-3
-1
1
1
-1
-2
-1
-1
0
0
1
-1
0
-1
1
1
0
-1
-1
-1
-2
1
-1
1
0
-1
0
1
-2
0
-1
-1
0
-1
0
0
-1
-1
1
-1
-1
-1
1
-2
-1
-1
-1
1
0
0
-1
1
-1
-1
0
-1
0
-1
-1
0
-1
1
-1
-1
-1
-1
-1
0
-1
-1
1
0
1
-1
-1
0
0
1
-1
1
0
0
-1
1
-1
-1
-2
-1
0
0
-1
-1
0
1
-2
0
0
0
-1
-1
0
-2
0
0
-1
-1
-1
-1
1
-1
-1
0
1
-1
1
-1
-1
-1
0
-1
-1
-1
1
-1
-1
0
-1
0
-1
-1
-1
0
0
-2
0
-2
1
1
1
-1
-1
-1
1
-1
-1
-1
-1
0
0
0
0
1
-1
-1
1
-1
-1
-1
1
-1
-1
-1
0
-2
1
-1
0
-1
-1
-1
-1
-1
0
1
0
0
-1
0
2
-1
0
1
-1
-1
-1
-1
1
-1
0
0
1
-1
-1
0
1
0
-1
0
1
1
-1
-1
-1
-1
0
0
0
0
-1
0
0
0
0
-1
0
-3
-1
0
-2
-2
1
0
1
-2
1
1
-1
0
-2
-1
1
0
0
-1
0
1
0
1
-2
0
0
-1
-1
-1
1
0
1
0
-1
1
-2
1
0
0
1
-1
-1
0
0
-1
2
-1
-1
0
0
-1
0
-1
-1
-1
-1
0
0
0
-1
0
0
-1
-1
0
0
0
-1
-1
0
1
0
-2
-1
0
1
-1
-1
-1
0
0
0
-1
0
0
0
-1
-1
-2
-1
-2
-1
1
-1
0
0
1
-1
-2
-1
-1
-1
1
0
-1
-1
0
-2
-1
-1
0
-1
-1
-1
0
0
-1
-1
1
0
0
1
-1
-1
0
0
0
-1
-1
-2
0
-2
-2
-1
-1
-1
0
-1
0
-2
1
-1
-1
1
1
-1
0
-1
0
-1
0
-1
-2
-1
0
-1
0
-1
-1
0
1
1
-1
-1
-1
0
-1
-1
-2
-2
-1
-1
-1
0
-1
1
-1
1
-1
0
-1
0
-1
0
1
0
0
-1
-1
-2
0
-1
1
0
0
-2
-1
0
-1
1
0
-1
0
-1
1
0
-1
1
-1
-1
-1
-1
1
1
-1
0
1
-2
0
-1
-1
0
-1
-2
1
-1
-1
-2
-2
-1
0
-1
-1
-1
0
0
-1
-1
0
0
-1
-1
0
-1
0
0
-2
-1
0
-1
0
-1
-1
1
0
-2
0
-1
0
0
0
-1
0
-1
0
-1
-2
-2
-1
-1
-1
-1
1
-1
1
-1
-1
1
0
-1
0
0
-1
-1
0
1
0
0
0
-1
-1
-1
0
0
0
-3
0
0
-1
-1
0
0
-1
-1
-1
0
1
-1
-1
-1
1
0
-1
-3
0
-1
-1
1
1
1
0
-1
-1
-1
-1
0
0
-1
-1
-1
0
-1
-1
-1
1
-1
-1
-1
0
0
-1
-1
1
0
-1
-1
1
0
0
-1
0
-1
-1
-2
-1
-2
0
-1
0
-2
-1
0
0
0
0
0
-1
-1
0
-1
-1
-1
-1
-1
1
-1
1
-1
-1
0
0
-1
-1
-1
1
-1
-2
-1
0
0
-1
-1
-1
-1
0
0
0
-1
0
0
0
-1
-1
1
0
0
-1
-1
-1
-1
-2
-1
-1
-1
0
-1
-1
-1
-1
1
1
0
0
-1
-1
-1
0
-1
-1
-1
-1
-1
1
1
-1
0
0
-1
-1
-1
1
1
-1
0
-1
0
-1
-1
-1
-1
-1
0
0
0
-1
-1
0
1
0
-1
1
-1
0
-1
1
-1
1
0
0
-2
-1
-2
-1
0
1
-1
0
1
-1
-1
-1
-2
-1
-1
0
-2
-1
-1
-1
0
1
-1
-1
-1
-1
-1
1
0
-1
1
0
-1
-1
-3
1
0
0
0
0
-1
-1
-1
1
-2
1
-1
-1
0
-1
-1
0
-1
1
0
0
0
0
0
1
-1
0
-1
0
-2
-1
-2
1
-2
2
-1
1
1
1
0
1
-3
-1
0
-1
-2
-1
0
0
1
1
0
1
0
0
-1
1
1
0
-1
-1
-1
-1
0
0
-1
0
-1
0
-1
-1
0
1
-2
1
-1
0
-3
-1
-2
-1
0
-1
-2
0
-1
-1
-1
1
-1
-1
-1
0
-1
-1
-1
-1
-1
-1
-1
-1
0
0
-2
-1
-1
1
-3
-1
-1
1
-2
-1
-1
-1
-1
-1
-1
0
1
-1
0
0
-1
0
-1
1
0
-1
-1
1
-2
-1
0
1
-1
0
0
1
1
-1
-1
-1
-1
1
-1
1
-1
0
-1
0
-1
0
-1
1
-2
0
-1
-2
-1
2
1
1
0
-1
-1
-1
-1
-1
-1
-1
1
-1
1
1
-1
1
-1
0
0
-1
1
0
-1
1
-1
-1
0
-1
0
-1
-1
0
-2
0
0
0
0
0
-1
1
0
1
-1
0
-1
0
0
2
-1
-1
-2
-1
0
0
0
-1
-1
0
-1
-1
-3
0
-1
1
1
-1
-1
0
0
0
0
1
0
1
0
-1
-1
0
-1
0
-1
-1
-2
0
-1
0
-1
0
-2
1
-1
1
0
-1
-2
0
-1
-2
-1
-1
-1
-1
-1
-1
-3
-1
0
-1
-1
-1
-1
-1
-2
0
0
-1
-1
-1
-1
1
-1
0
0
-1
0
-1
0
-1
-1
0
-1
0
-1
0
-1
0
0
1
-1
0
-2
-1
-2
-1
-1
0
0
1
-1
0
-1
0
1
-1
-2
0
-2
-1
-1
1
1
-1
-1
1
-1
0
0
0
1
0
-1
0
0
-1
-1
0
-1
0
-1
0
-2
-1
0
-1
0
0
-1
0
-1
-1
1
1
-1
-1
0
1
-1
0
0
1
-1
0
-2
-1
-2
-1
-1
-1
0
-2
-1
-1
0
1
-1
-1
-1
-1
-1
-1
-1
-1
-1
0
0
-2
1
1
-1
-1
-2
0
1
-1
-1
0
-1
-1
1
-2
-1
0
-1
0
0
1
-1
-1
0
0
0
0
-1
1
-1
1
-1
-1
-1
0
-1
1
-1
0
-1
0
-1
-1
-1
0
0
-1
0
0
-1
-1
0
0
-1
1
-1
0
0
1
-1
-1
-1
0
-1
1
-2
0
-2
-1
-1
1
-2
1
0
-1
-2
0
-2
1
-2
0
-1
1
0
-1
-1
-1
-1
-2
-2
1
-1
0
-2
-1
1
0
-2
1
-1
0
-3
-1
-1
0
-1
-2
0
-1
-1
-1
-1
0
0
0
-1
-1
-1
1
-1
-1
-1
-1
-2
0
0
1
-1
0
0
1
-1
0
-1
-1
0
-1
-2
-1
-1
0
-1
-1
-2
0
1
1
-2
-1
-1
0
0
-1
0
-2
0
1
-1
1
1
-1
-1
1
-2
1
-2
-1
-1
-1
0
-1
-3
-1
0
1
-1
-1
-1
-1
-2
-1
0
0
0
1
-2
0
-1
0
-1
-1
-1
0
-2
0
-1
0
-1
0
0
-1
-1
0
-1
0
-2
1
0
0
-1
0
1
0
-1
1
-1
-1
-1
1
-1
0
-1
0
-1
0
-1
-1
0
1
-1
2
-1
-1
-1
-1
-1
1
-1
0
-2
0
-1
0
-1
0
-3
1
-1
-1
-2
-1
-2
-1
-1
0
-1
1
-1
-1
-1
0
-2
-1
0
0
-1
-1
-2
0
-2
0
-1
0
-1
1
-2
1
-2
-1
-1
1
-1
-1
-1
-2
-2
-1
-2
0
-3
-1
-1
1
-1
1
-2
0
-1
0
-2
0
-3
-1
-1
-1
-1
0
-1
1
0
0
-1
-1
-1
-1
-1
-1
-1
0
-2
1
1
-1
-1
0
-2
-1
0
0
-1
-1
0
1
-2
0
-1
-1
-1
0
-2
1
-2
1
-2
-1
-1
0
-1
-2
-1
-1
-3
0
-1
0
-1
-1
-1
1
-1
0
-1
0
-1
-1
-2
-1
-2
-1
-2
1
0
0
-1
0
-2
0
-1
0
-1
1
1
-1
-2
-1
-1
0
-1
-1
-1
0
-2
-1
-1
-1
0
-1
0
0
0
-1
-1
-2
-1
-1
-3
0
-3
0
0
0
-2
0
-1
-1
-1
-1
-1
-2
-2
-1
-1
-1
-1
-1
-1
1
0
0
-1
-1
0
-1
-1
0
-3
0
0
-1
-1
-1
-3
-1
-1
-1
-2
1
-4
1
-1
-1
-1
0
-1
0
-2
0
-1
-1
-1
-1
-1
-1
-1
-1
-1
1
-1
0
0
0
-1
-1
-2
0
0
-1
-1
0
0
-1
-2
-1
-1
-1
-2
0
-1
-1
-1
1
-1
-1
-1
-1
-1
-1
-3
0
1
-1
0
0
0
-1
-1
1
-2
1
-1
0
-2
0
-1
-1
0
-1
0
-1
-1
-1
-2
0
-1
-1
-1
0
-2
1
-1
0
-1
-2
-1
-1
-2
1
-1
0
-1
0
0
-1
0
-1
-1
0
0
-2
-1
-1
0
1
-1
-1
0
-1
0
1
-1
-1
0
-1
-1
-2
-1
-1
-1
-1
-1
0
-2
-1
0
1
-2
-44
357
-361
-25
-362
-4
-361
18
360
-42
-61
-358
79
350
346
-103
120
338
-141
-334
160
322
-315
179
301
-198
-216
-291
-279
231
-265
245
247
-264
233
-278
-288
-218
-200
301
312
179
-166
320
-145
330
338
122
105
-346
-86
351
354
61
42
-360
-22
358
-362
-3
-361
18
-42
-361
-63
-357
350
-82
-105
-347
341
-124
141
331
322
-161
-315
179
-199
-302
290
-216
276
-233
-250
-262
-265
-249
-233
275
-291
-216
-199
298
-180
313
162
-323
142
-332
124
-341
-344
-105
83
-354
-356
-63
359
40
-21
360
0
-361
-22
-362
42
358
64
355
83
351
349
-104
339
-124
-145
-332
-321
162
180
314
-198
-303
215
288
-232
-276
248
262
248
-265
233
-279
215
-290
197
-303
180
-315
162
-324
330
141
-341
-124
-346
-105
351
81
355
59
-360
-44
-21
358
-361
0
-361
20
44
356
64
354
-350
83
106
342
124
337
332
-146
321
-165
-312
181
-200
-303
-290
216
274
-235
-250
-265
264
244
277
228
-292
-217
-198
302
-313
-182
-325
-163
334
138
339
119
346
100
-81
350
356
60
357
35
-362
-22
-362
1
362
-26
-360
42
-65
-356
-352
83
-345
103
125
336
-148
-333
-164
-323
312
-185
-202
-301
-290
216
-236
-276
-250
-263
-265
-246
-279
-231
210
-292
194
-304
-181
313
-162
325
330
139
342
120
345
103
-79
351
357
61
37
-358
-361
-17
2
359
360
-25
358
-45
66
355
350
-88
-345
106
-340
127
145
330
-167
-321
309
-186
-301
201
-218
-287
233
274
-261
250
-247
265
279
230
-294
-214
-194
303
-177
313
325
158
141
-337
340
119
-347
-100
352
78
-59
357
-39
359
18
-363
6
358
-359
26
48
356
-354
67
-350
87
106
344
337
-128
-148
-330
165
320
-185
-314
-301
202
286
-220
-274
236
-251
-261
-267
-247
279
226
-292
-214
197
-308
-175
313
156
-326
137
-335
-343
-119
-348
-99
-76
350
-356
-59
35
-361
360
13
4
360
-362
25
-48
-359
-69
-356
89
349
-110
-346
-130
-339
149
327
-319
166
-187
-312
-204
-302
221
284
238
270
252
255
267
240
-283
-231
209
-295
-193
305
174
-317
-327
-156
136
-337
-344
-119
347
95
351
72
55
-359
-37
356
12
-362
361
-10
-361
25
-358
47
354
-71
-351
87
109
343
334
-132
327
-153
-170
-321
307
-187
-206
-299
-222
-288
270
-239
251
255
-269
-243
227
-285
-297
-211
305
193
173
-318
154
-330
-336
-137
339
116
95
-349
-355
-77
-56
357
-36
358
-361
-13
6
362
357
-30
47
358
-355
71
349
-91
-112
-344
130
337
-331
151
-321
170
309
-188
-206
-297
284
-221
-271
240
258
-255
242
-268
-283
-223
-294
-209
191
-305
-316
-172
325
154
136
-337
343
114
349
95
-353
-75
54
-358
-33
360
361
11
12
359
361
-30
52
356
-354
71
94
348
-342
112
-334
132
-150
-332
173
317
-187
-313
-204
-300
226
282
273
-242
-255
-260
240
-274
226
-287
-206
293
-187
305
-171
315
-152
322
-334
-137
342
110
350
89
-71
348
53
-361
-361
-35
362
4
-363
6
357
-35
51
353
-76
-359
93
344
341
-117
333
-137
-155
-331
-175
-322
-192
-310
-299
204
223
279
-243
-274
