158
71
253
49
310
-26
299
-120
232
-185
138
-194
60
-158
22
-105
21
-69
36
-63
43
-86
33
-125
8
-165
-34
-200
-91
-225
-164
-223
-246
-179
-309
-83
-322
52
-267
178
-147
262
-9
263
89
191
112
89
64
1
-14
-30
-79
-6
-95
42
-69
81
-23
93
17
91
51
93
90
108
156
122
234
111
292
58
296
-23
231
-85
122
-86
23
-16
-17
93
16
181
88
202
147
146
154
49
105
-36
40
-76
-3
-74
-1
-64
20
-74
30
-103
4
-116
-43
-83
-67
11
-33
126
62
202
166
192
210
101
150
-17
-4
-88
-186
-70
-322
28
-363
148
-316
223
-236
221
-173
158
-146
82
-141
34
-118
23
-54
29
42
13
136
-35
193
-105
204
-163
186
-193
160
-193
139
-187
115
-188
76
-198
18
-197
-37
-175
-59
-137
-35
-113
21
-136
67
-214
64
-315
4
-392
-81
-400
-144
-337
-153
-233
-110
-133
-45
-65
7
-25
32
8
45
52
65
92
94
105
107
71
70
6
-21
-44
-136
-39
-210
28
-196
112
-93
143
40
69
119
-100
88
-297
-47
-427
-217
-438
-335
-328
-350
-170
-262
-39
-134
13
-28
-9
19
-64
11
-105
-20
-115
-48
-95
-61
-70
-69
-48
-78
-30
-90
-7
-94
21
-85
42
-72
49
-68
38
-86
23
-110
21
-130
33
-125
45
-103
35
-86
-8
-100
-67
-146
-111
-199
-113
-226
-72
-203
-19
-138
11
-64
2
-13
-35
-1
-66
-6
-63
6
-33
45
-6
98
-12
127
-62
103
-127
27
-168
-66
-158
-134
-103
-153
-37
-128
6
-95
12
-74
-4
-72
-13
-64
1
-35
26
18
41
76
29
110
-1
109
-25
89
-21
75
9
83
42
100
51
103
32
71
6
16
1
-31
29
-37
64
-3
70
38
23
42
-71
-16
-165
-120
-204
-216
-169
-253
-83
-217
-2
-142
30
-76
4
-57
-41
-80
-66
-107
-49
-101
-11
-57
9
-8
-16
7
-78
-29
-134
-95
-146
-146
-100
-142
-30
-84
15
-13
3
19
-54
-11
-115
-88
-124
-165
-66
-188
38
-146
136
-63
185
21
167
61
106
50
40
2
4
-47
1
-76
25
-74
55
-49
71
-17
66
11
45
26
13
23
-18
5
-38
-20
-35
-37
-13
-34
18
-11
41
21
40
40
16
35
-14
3
-30
-30
-17
-45
21
-26
60
13
78
54
67
74
42
71
23
62
25
66
44
91
57
124
45
144
9
132
-35
91
-64
45
-63
16
-41
10
-21
16
-17
9
-29
-18
-32
-52
-6
-62
59
-20
134
76
182
194
166
287
82
312
-38
260
-146
157
-197
47
-179
-24
-109
-42
-28
-17
28
20
41
40
16
27
-25
-20
-58
-82
-59
-134
-29
-158
25
-140
77
-86
106
-19
98
40
53
68
-11
65
-72
42
-105
21
-107
19
-88
41
-67
75
-60
103
-68
115
-83
108
-86
94
-76
85
-57
83
-40
81
-38
66
-47
30
-61
-21
-59
-69
-35
-91
6
-81
45
-40
64
15
49
63
6
88
-49
87
-94
70
-115
54
-98
54
-54
79
2
124
52
173
82
206
91
210
87
188
88
149
99
111
121
83
136
62
127
30
91
-24
35
-112
-13
-214
-30
-301
-1
-345
63
-329
136
-262
190
-168
202
-76
180
-7
134
30
85
42
46
31
23
10
17
-17
27
-42
47
-57
67
-63
76
-66
61
-83
21
-127
-25
-193
-54
-258
-45
-290
-4
-267
45
-194
64
-107
32
-45
-46
-39
-129
-79
-175
-129
-161
-146
-93
-110
-18
-33
28
42
23
85
-17
81
-56
50
-67
27
-45
31
-14
56
1
81
-8
87
-26
72
-27
65
6
89
56
155
94
233
89
286
43
287
-18
233
-48
164
-21
124
51
139
128
195
161
246
126
247
41
176
-45
58
-83
-57
-51
-117
30
-98
112
-12
148
93
109
171
8
189
-121
142
-228
58
-278
-25
-260
-76
-187
-73
-93
-27
-14
35
29
80
37
90
32
66
35
35
64
18
105
22
131
32
121
16
76
-46
30
-140
24
-219
85
-228
190
-146
281
3
301
148
221
215
78
182
-54
81
-107
-13
-58
-40
47
13
139
93
158
134
107
95
45
-2
30
-91
91
-108
186
-40
247
62
214
126
93
98
-60
-11
-159
-134
-160
-194
-76
-156
25
-45
72
75
35
134
-57
110
-148
28
-182
-67
-142
-127
-52
-132
49
-96
126
-37
158
21
144
59
83
63
-8
20
-104
-67
-173
-168
-182
-236
-129
-233
-42
-153
25
-38
22
50
-47
62
-141
2
-190
-77
-156
-111
-53
-63
55
38
100
122
56
126
-39
39
-112
-91
-107
-190
-21
-207
94
-151
175
-74
186
-21
144
-12
97
-20
78
-2
83
48
72
106
13
122
-85
66
-177
-41
-207
-144
-158
-190
-50
-167
57
-105
125
-51
152
-23
170
-4
209
42
260
129
284
222
234
262
114
199
-23
49
-100
-116
-69
-210
49
-185
179
-66
230
66
170
136
31
119
-103
57
-168
14
-158
33
-108
107
-74
191
-79
243
-104
253
-110
249
-78
262
-22
288
16
297
18
252
-1
150
-2
30
51
-46
142
-50
214
-15
210
-1
115
-69
-17
-213
-98
-361
-71
-416
52
-327
185
-123
228
96
134
223
-66
201
-268
71
-373
-77
-344
-158
-216
-141
-78
-64
-1
4
-6
13
-60
-41
-107
-124
-112
-190
-77
-218
-23
-207
22
-173
53
-123
72
-54
88
36
92
140
66
231
7
277
-73
270
-144
218
-177
156
-163
105
-111
75
-52
60
-2
41
33
19
63
0
95
-1
122
14
129
33
103
30
49
-6
-5
-67
-33
-127
-19
-154
28
-139
73
-95
91
-51
71
-35
25
-54
-18
-94
-39
-129
-32
-139
-9
-123
4
-94
-6
-72
-37
-68
-74
-78
-94
-89
-91
-83
-69
-55
-44
-11
-30
32
-33
54
-53
48
-74
16
-78
-30
-58
-74
-15
-106
42
-122
100
-124
153
-114
199
-93
233
-55
250
-11
243
32
208
52
148
43
85
7
40
-37
31
-62
51
-51
78
-13
83
25
52
33
1
-1
-42
-55
-45
-90
1
-78
67
-13
112
74
105
134
38
140
-47
85
-112
0
-121
-69
-73
-96
4
-76
74
-29
111
21
110
53
83
66
41
60
-3
39
-41
8
-69
-25
-76
-47
-63
-49
-37
-25
-17
8
-11
28
-28
16
-42
-26
-28
-69
29
-85
119
-56
210
4
262
60
262
81
223
58
178
10
156
-28
156
-37
159
-24
136
-13
83
-28
16
-65
-33
-103
-45
-115
-31
-91
-14
-48
-21
-17
-52
-21
-84
-49
-93
-80
-64
-84
-18
-59
21
-27
27
-11
8
-23
-15
-47
-18
-57
-1
-37
13
1
-4
21
-57
-1
-117
-65
-145
-134
-119
-168
-45
-141
32
-75
66
-8
41
14
-23
-16
-88
-74
-119
-125
-116
-144
-98
-139
-91
-128
-100
-124
-112
-119
-102
-91
-69
-23
-35
69
-36
142
-79
157
-140
105
-171
21
-124
-33
-6
-11
131
79
217
181
203
222
101
162
-29
23
-110
-132
-101
-219
-24
-209
57
-123
78
-27
12
14
-102
-13
-202
-79
-229
-128
-177
-115
-79
-45
6
45
40
97
27
86
6
24
22
-44
86
-71
179
-47
250
12
258
54
194
47
86
-16
-13
-105
-67
-170
-66
-182
-38
-139
-23
-74
-42
-28
-91
-23
-137
-55
-148
-90
-103
-98
-18
-62
70
2
125
66
135
101
105
100
60
75
18
42
-13
15
-45
-10
-81
-37
-117
-72
-139
-96
-134
-94
-105
-55
-76
4
-69
47
-95
41
-132
-21
-141
-108
-86
-176
37
-177
188
-104
310
13
351
117
301
160
181
129
49
42
-49
-57
-95
-132
-92
-166
-66
-161
-34
-134
-4
-93
23
-40
52
23
78
88
96
144
97
181
87
192
74
185
64
166
55
145
39
112
11
65
-25
1
-53
-62
-61
-107
-43
-113
-10
-78
14
-20
16
40
-4
86
-29
117
-40
148
-33
190
-17
241
-15
273
-42
263
-91
199
-129
92
-134
-21
-86
-104
-4
-139
86
-134
149
-107
175
-85
173
-72
162
-57
157
-28
158
18
148
62
122
88
83
78
52
42
52
5
92
-6
158
18
216
56
236
79
214
62
165
4
128
-68
123
-118
151
-123
187
-86
198
-31
166
5
98
3
23
-35
-25
-85
-28
-118
17
-121
85
-89
153
-38
206
16
233
59
233
82
211
79
181
48
150
3
131
-42
133
-62
151
-47
161
-6
142
37
79
47
-8
9
-87
-59
-118
-122
-83
-134
-1
-83
79
4
112
77
86
91
25
38
-18
-49
-1
-113
75
-115
170
-54
228
25
212
73
133
57
30
-8
-40
-81
-55
-117
-28
-104
2
-61
4
-21
-26
-10
-68
-29
-91
-59
-81
-76
-47
-78
-6
-72
28
-71
57
-76
92
-73
135
-47
175
1
185
48
147
62
71
25
-13
-53
-63
-131
-60
-171
-21
-156
16
-109
15
-66
-31
-64
-97
-103
-141
-153
-134
-175
-82
-147
-18
-76
17
-1
5
42
-40
38
-88
3
-104
-33
-81
-42
-39
-25
-6
0
-1
8
-23
-12
-47
-51
-56
-84
-40
-93
-15
-80
-6
-62
-23
-64
-64
-102
-100
-163
-100
-214
-51
-220
36
-168
124
-69
171
34
157
100
93
103
20
54
-22
-10
-13
-48
39
-40
91
-2
108
28
76
17
14
-43
-31
-122
-32
-173
18
-167
84
-107
122
-30
107
20
49
18
-8
-11
-22
-29
16
4
83
91
127
190
108
254
36
246
-52
177
-102
95
-91
46
-36
47
13
74
16
78
-34
22
-100
-86
-130
-202
-89
-267
16
-250
132
-159
204
-43
199
42
129
67
33
36
-40
-17
-65
-58
-47
-69
-12
-54
21
-30
35
-6
41
16
39
37
33
59
12
71
-25
54
-74
6
-110
-67
-113
-133
-67
-163
20
-132
115
-49
180
54
182
134
129
155
43
112
-28
24
-46
-62
2
-108
100
-94
208
-26
285
59
308
131
281
163
223
158
165
128
124
95
100
69
86
49
69
26
48
-1
28
-32
18
-57
19
-70
25
-74
25
-75
18
-83
8
-98
6
-108
18
-103
38
-78
54
-40
55
1
32
31
-6
47
-48
52
-86
54
-115
57
-141
56
-161
52
-172
47
-170
48
-150
64
-122
91
-98
122
-85
139
-86
137
-86
118
-76
92
-54
70
-23
54
3
35
21
11
33
-13
52
-28
74
-18
91
7
86
35
54
41
2
21
-37
-6
-42
-8
-13
35
19
113
18
182
-36
194
-126
136
-198
33
-206
-58
-139
-83
-33
-35
46
45
47
90
-27
57
-132
-40
-202
-158
-199
-233
-136
-238
-58
-187
-13
-128
-16
-90
-44
-77
-61
-64
-56
-26
-41
28
-50
66
-100
47
-170
-41
-214
-163
-182
-259
-74
-279
76
-216
201
-105
255
-6
231
45
162
46
99
27
71
25
74
55
80
106
65
148
25
167
-19
165
-47
160
-50
169
-38
192
-33
210
-45
204
-69
168
-85
117
-74
70
-33
47
21
45
73
59
105
76
125
92
137
118
146
161
141
213
110
262
37
276
-70
235
-185
139
-267
21
-290
-81
-245
-127
-160
-109
-77
-49
-39
7
-57
16
-115
-39
-159
-136
-149
-227
-62
-260
77
-211
212
-103
288
10
276
70
194
47
99
-36
43
-129
55
-180
113
-162
173
-98
187
-30
136
-2
45
-28
-41
-89
-83
-144
-69
-162
-13
-133
54
-68
112
18
141
107
142
181
114
230
62
235
-5
192
-64
109
-90
20
-66
-45
-6
-63
64
-42
103
-13
97
-13
62
-47
37
-87
54
-86
110
-16
166
112
169
238
88
299
-58
262
-204
144
-282
7
-255
-85
-141
-90
3
-25
118
62
167
122
162
134
139
105
131
66
152
47
191
52
220
71
218
80
182
64
125
17
66
-49
25
-115
18
-152
34
-147
55
-99
54
-33
5
11
-86
5
-194
-54
-265
-134
-264
-177
-187
-139
-76
-23
2
120
-1
221
-79
230
-185
157
-244
61
-221
8
-132
29
-44
95
-18
141
-73
112
-163
8
-217
-117
-189
-185
-84
-155
34
-43
94
83
59
153
-42
144
-150
74
-206
-3
-191
-45
-130
-42
-66
-25
-27
-19
-6
-28
13
-41
44
-37
76
-16
89
0
69
-8
27
-45
-6
-90
-8
-105
16
-80
40
-23
28
24
-28
28
-105
-18
-156
-84
-153
-131
-97
-129
-13
-80
58
-10
96
54
94
99
71
129
40
144
-6
139
-66
96
-129
16
-171
-86
-155
-163
-79
-174
40
-107
144
14
184
125
146
182
64
170
-14
123
-47
86
-34
87
-11
114
-18
127
-74
94
-151
6
-206
-98
-209
-178
-158
-199
-91
-173
-45
-133
-43
-115
-68
-125
-88
-147
-74
-150
-28
-116
21
-59
45
-10
36
1
10
-23
1
-59
33
-69
96
-32
155
42
170
113
119
137
19
95
-90
-4
-161
-113
-169
-195
-117
-226
-43
-203
25
-153
63
-103
73
-67
72
-45
70
-28
76
-13
83
-4
82
-8
74
-33
69
-71
78
-102
108
-108
142
-88
158
-57
136
-41
78
-57
11
-98
-35
-134
-45
-134
-30
-86
-21
-12
-49
41
-123
46
-209
-4
-260
-70
-247
-108
-173
-95
-83
-37
-23
11
-16
11
-42
-47
-49
-129
-2
-180
100
-159
208
-75
267
26
238
84
138
72
17
8
-71
-63
-103
-95
-98
-88
-94
-64
-118
-58
-154
-80
-172
-106
-144
-95
-73
-28
-2
82
20
180
-30
211
-129
161
-218
49
-250
-62
-203
-125
-108
-124
-16
-83
35
-43
34
-30
7
-45
-18
-63
-23
-61
-21
-40
-30
-18
-64
-16
-115
-42
-156
-79
-165
-100
-137
-81
-98
-22
-76
52
-97
105
-157
117
-236
83
-296
29
-324
-25
-310
-64
-272
-83
-225
-91
-176
-93
-124
-85
-68
-55
-9
1
30
73
26
129
-33
130
-132
58
-228
-72
-269
-208
-220
-281
-95
-249
50
-115
143
60
132
198
15
238
-148
178
-279
70
-319
-18
-261
-33
-160
20
-76
92
-53
127
-78
97
-103
23
-78
-39
11
-42
130
22
226
119
252
194
207
215
122
180
45
118
-1
63
-13
25
-16
-1
-21
-30
-26
-64
-16
-84
18
-71
65
-18
100
55
95
121
49
151
-19
146
-81
127
-119
115
-139
115
-164
108
-199
74
-242
6
-260
-76
-232
-134
-152
-143
-54
-105
29
-47
68
-4
68
4
47
-13
40
-33
51
-38
64
-29
59
-26
28
-52
-16
-105
-40
-161
-21
-183
35
-151
103
-62
141
49
126
141
52
175
-52
144
-147
63
-193
-32
-174
-104
-94
-123
16
-83
115
-4
166
78
152
117
86
95
1
18
-53
-76
-54
-145
-6
-160
62
-126
108
-73
110
-35
76
-25
34
-32
4
-32
-9
-17
-28
0
-70
-12
-132
-67
-184
-148
-185
-211
-120
-206
-19
-123
62
1
70
103
1
124
-105
66
-177
-28
-164
-90
-71
-76
50
1
134
93
146
139
102
119
44
50
23
-18
47
-50
93
-43
121
-21
105
-19
56
-49
2
-95
-22
-125
-11
-120
19
-74
40
-11
37
44
8
69
-30
64
-52
42
-48
14
-17
-4
36
-7
98
9
148
40
176
70
166
81
119
54
47
-14
-20
-110
-55
-202
-45
-260
2
-269
64
-233
112
-171
132
-110
122
-64
96
-39
69
-30
50
-31
44
-39
49
-42
64
-38
79
-22
86
-1
75
13
40
10
-10
-16
-53
-45
-76
-64
-78
-57
-74
-29
-79
-5
-105
-3
-136
-27
-148
-59
-123
-72
-69
-53
-12
-15
16
9
8
-1
-13
-39
-16
-68
11
-53
45
9
43
80
-29
103
-161
43
-294
-79
-361
-201
-320
-254
-199
-205
-64
-91
18
26
30
87
6
90
0
78
42
101
113
169
153
239
115
248
10
161
-104
1
-152
-154
-102
-231
11
-204
117
-115
149
-30
102
0
22
-21
-28
-42
-21
-16
20
60
37
140
-6
163
-97
103
-179
-15
-192
-116
-122
-142
-10
-85
69
11
59
71
-37
52
-164
-38
-250
-140
-256
-193
-192
-163
-107
-69
-58
40
-70
111
-127
122
-189
80
-211
19
-178
-28
-103
-46
-13
-38
59
-25
100
-34
107
-70
103
-125
109
-175
137
-184
177
-142
199
-62
165
11
65
30
-79
-31
-208
-146
-260
-255
-207
-289
-76
-223
67
-87
146
52
134
122
54
104
-29
24
-59
-52
-23
-78
41
-50
80
-3
58
15
-8
-11
-81
-62
-112
-92
-101
-77
-69
-21
-51
45
-62
88
-92
102
-110
101
-96
105
-59
117
-18
126
11
114
35
81
68
48
125
44
187
74
218
111
191
111
116
52
30
-49
-13
-142
8
-175
72
-132
123
-52
111
6
36
-4
-62
-75
-122
-164
-109
-217
-37
-205
46
-151
93
-95
85
-76
47
-91
15
-122
11
-137
31
-126
57
-98
70
-63
76
-23
78
30
81
99
66
170
19
204
-60
182
-138
112
-170
42
-129
23
-39
78
42
176
57
250
-9
242
-110
151
-168
37
-136
-24
-23
13
104
121
167
230
135
265
40
209
-45
105
-61
24
-5
7
69
45
97
76
52
52
-30
-33
-97
-132
-100
-182
-49
-154
2
-71
-4
8
-81
35
-192
-3
-278
-66
-296
-103
-244
-86
-163
-23
-95
47
-61
95
-51
110
-41
112
-20
109
6
105
16
81
8
28
-8
-51
-6
-124
27
-163
76
-156
114
-125
109
-103
63
-111
9
-145
-23
-177
-16
-177
25
-133
66
-62
83
7
69
54
34
74
-1
78
-29
72
-50
53
-69
17
-82
-35
-74
-83
-35
-105
29
-83
91
-35
119
13
102
24
50
-13
4
-78
-7
-138
24
-163
77
-152
120
-120
133
-95
119
-81
97
-71
78
-50
64
-8
43
37
-2
66
-64
66
-123
48
-153
35
-144
47
-117
81
-98
118
-107
126
-135
91
-156
32
-144
-21
-95
-37
-31
-16
10
21
6
42
-42
24
-110
-28
-161
-86
-175
-122
-156
-124
-122
-94
-94
-49
-82
-11
-81
21
-79
41
-70
58
-50
76
-26
96
-5
115
3
127
-7
119
-36
80
-76
6
-111
-91
-110
-184
-62
-233
32
-213
139
-122
216
6
233
128
179
202
84
216
-10
191
-70
153
-86
129
-77
117
-57
107
-47
89
-31
68
1
66
48
102
90
168
96
233
49
257
-40
222
-128
142
-171
64
-149
25
-76
47
4
112
48
177
42
206
9
197
-21
170
-23
156
-5
164
4
177
-25
158
-84
83
-148
-37
-166
-163
-116
-243
-8
-250
115
-193
202
-120
226
-74
196
-76
152
-115
134
-152
151
-154
186
-116
199
-59
164
-23
80
-30
-23
-74
-106
-127
-150
-158
-159
-147
-159
-112
-180
-84
-223
-90
-268
-129
-281
-180
-241
-201
-153
-177
-50
-115
25
-49
51
-13
37
-24
14
-64
11
-93
37
-87
63
-44
58
2
-1
13
-98
-28
-184
-100
-218
-150
-176
-133
-88
-35
-8
112
10
238
-52
289
-159
243
-252
129
-269
10
-197
-57
-57
-43
86
32
177
122
187
176
127
168
40
105
-30
18
-48
-49
-13
-70
52
-34
114
43
139
122
114
168
51
161
-21
100
-64
18
-57
-49
3
-76
87
-50
159
4
185
54
163
78
112
71
57
52
13
33
-14
24
-40
16
-69
-9
-95
-49
-98
-86
-62
-92
5
-54
74
19
103
88
78
112
13
76
-47
1
-66
-67
-28
-86
42
-50
100
18
111
72
78
86
28
68
-1
47
13
57
49
100
80
161
73
198
28
197
-33
154
-81
96
-99
47
-95
12
-87
-14
-81
-42
-75
-66
-50
-68
-8
-30
39
45
59
126
35
172
-29
156
-93
87
-114
6
-66
-37
39
-13
153
69
223
163
212
228
131
228
8
164
-111
58
-197
-59
-235
-161
-224
-226
-176
-243
-107
-211
-39
-138
11
-52
28
21
13
56
-13
54
-22
36
2
30
48
52
86
81
91
91
51
56
-11
-18
-54
-96
-57
-138
-28
-121
-4
-69
-24
-26
-92
-33
-176
-89
-218
-157
-185
-182
-83
-133
37
-28
114
74
114
117
56
71
-8
-42
-25
-166
26
-247
124
-264
223
-226
279
-166
274
-115
218
-87
137
-83
52
-95
-18
-115
-62
-129
-67
-122
-42
-76
3
6
33
95
21
154
-38
142
-112
57
-152
-59
-115
-138
-3
-133
134
-40
226
93
219
187
116
198
-30
128
-148
24
-194
-58
-174
-91
-124
-90
-85
-89
-63
-108
-33
-136
28
-136
125
-84
223
12
272
106
254
156
181
143
104
98
64
71
58
86
52
128
-5
136
-119
61
-252
-100
-325
-293
-281
-428
-118
-443
99
-332
276
-160
346
-12
303
55
200
36
103
-21
56
-69
54
-74
64
-50
49
-29
-3
-35
-75
-75
-132
-129
-153
-173
-134
-189
-92
-178
-44
-147
1
-109
35
-69
54
-37
59
-28
51
-45
43
-88
54
-132
94
-152
161
-129
223
-72
247
-11
216
12
139
-20
56
-96
10
-177
21
-217
78
-200
144
-138
176
-67
161
-17
110
-1
50
-12
4
-28
-21
-38
-30
-45
-35
-52
-32
-57
-16
-50
18
-19
62
35
88
93
82
122
45
97
4
23
-1
-66
54
-125
165
-123
296
-60
395
30
432
105
404
136
337
119
264
78
215
38
191
17
177
12
157
12
126
6
87
-8
57
-19
38
-16
28
5
13
32
-23
45
-83
26
-152
-25
-206
-101
-227
-172
-199
-209
-137
-197
-66
-146
-18
-82
-10
-33
-35
-20
-71
-36
-89
-62
-74
-70
-30
-48
13
-11
36
23
28
31
7
13
-5
-10
9
-9
44
28
71
88
62
137
13
146
-54
111
-101
62
-96
40
-40
74
30
