9589
-13552
-12144
11060
-13378
-10611
12715
8939
7910
-14339
-14996
-8150
14058
6617
-6682
14888
15257
5084
3969
-15842
-3551
15921
15813
2292
-1663
16291
185
-16230
16064
-453
-1699
-16274
-16433
2460
3083
16098
15496
-4176
15171
-5049
-6267
-15073
6650
14811
-14583
7922
13695
-8461
9179
13528
9961
12927
-11024
-11971
-11746
-11303
10661
-12032
-10193
13020
-9437
13643
8400
-13696
-14428
-7681
-14770
-6813
15177
6078
-5035
15532
15797
4252
3309
-15878
-2237
16223
16221
1402
-399
16348
16317
-472
1564
16274
-16101
2458
3385
15999
15771
-4195
-5141
-15359
-15149
6081
7006
14792
-7777
-14283
-8599
-13778
13360
-9364
-12704
10252
10940
12204
-11554
-11453
12245
10808
12949
10081
13420
9235
-13955
-8463
-7614
14398
-14743
-6778
-15178
-6002
5079
-15492
-4064
15791
16079
3174
-16123
-2289
16310
1324
-324
16265
616
16245
1513
16161
2538
16126
-3364
-15991
-4290
-15793
15470
-5272
6138
15077
7031
14623
-14264
7827
-8646
-13881
-9407
-13291
12727
-10308
-12093
10909
11465
-11728
12318
10725
-12844
-10074
9224
-13471
-13917
-8466
7583
-14422
14824
6720
15236
5852
-15505
-5014
-4124
15784
-3180
15955
2150
-16207
-16287
-1303
16270
310
-640
-16297
16246
-1642
-16120
2520
3412
15902
15682
-4356
-5340
-15476
-15108
6189
14710
-7068
-14240
7831
13735
-8752
-9457
-13269
-10292
-12656
11010
12034
-11413
11713
10656
-12280
12883
9961
-9204
13469
-14011
-8410
-14460
-7550
6648
-14857
5773
-15161
-15583
-4977
15790
4007
3029
-16010
-16183
-2191
11
-10
14
35
-15
25
17
4
34
-19
-2
-18
0
-17
24
-5
-32
-19
-4
3
44
89
-45
-44
5
26
10
10
-33
-16
-2
-29
28
-39
37
21
6
10
-8
48
65
22
-6
-10
42
18
-6
9
-21
-26
23
43
28
31
-44
-20
-41
-16
-53
-17
-2
16
24
-44
10
8
8
-21
45
11
-10
-38
7
-1
64
-5
0
-34
-5
-20
-2
4
32
-18
68
-10
46
79
63
-6
25
29
33
31
17
29
-2
17
-18
-30
-46
-24
45
-9
16
-1
-11
-46
52
-43
42
6
9
-11
-32
-13
25
-43
-59
16
-14
-7
28
20
15
6
-80
-38
9
46
4
-8
-33
-1
6
7
-31
51
-42
31
-17
-33
64
48
10
63
-34
-34
-28
-28
-19
-38
2
-16
-12
44
7
-6
61
35
-54
-34
20
-75
-48
4
-33
-49
-7
27
-101
25
-21
-68
-83
43
-66
30
-68
17
-61
-23
-70
-17
-73
2
-53
-58
-56
30
-47
7
6
-17
-4
20
-33
3
-38
42
-34
23
45
28
-50
60
-58
13
-15
21
43
28
-73
22
-53
69
-28
-5
-61
45
-18
43
11
-1
-23
34
5
28
-43
21
-74
28
-34
19
-41
-29
19
70
63
22
30
9
6
54
46
5
-32
-8
-4
-28
-34
6
13
35
6
133
21
27
-26
6
27
-17
37
-10
-78
31
35
44
5
35
18
-20
42
43
2
-27
45
33
68
55
7
3
-17
11
-34
52
13
-8
63
48
-4
5
5
29
8
-12
50
44
-6
3
22
-17
-41
12
2
-21
-8
39
45
-12
27
-12
20
-17
-20
-16
-4
4
-11
-36
25
-18
0
-48
-32
-41
35
-8
46
-36
20
-81
11
-5
-21
-5
4
-39
35
-39
-26
-34
-24
33
30
-40
-8
-1
-1
-40
-53
-42
-17
3
-14
-13
19
-23
54
-49
-51
-39
0
-42
-14
-34
2
-12
15
-3
-46
-17
-51
-12
-11
-11
-50
-24
-1
-21
-59
-22
17
11
-54
-17
17
-56
-32
-60
-16
-30
-48
-10
16
49
-12
26
-16
-56
-1
24
41
-48
12
-13
-28
-31
-29
-26
22
11
-43
7
-44
2
-11
18
-12
21
-13
41
32
28
28
53
3
18
-13
36
-28
53
-53
1
-13
63
1
34
62
48
-10
-7
0
39
18
57
42
18
-7
-13
-48
-7
20
46
80
-1
-5
14
-8
116
-4
7
44
14
8
25
25
19
-11
61
48
46
38
-10
9
-4
-23
87
55
18
69
13
59
-14
21
-6
68
34
27
1
65
32
29
36
6
59
23
-19
-35
-4
10
-46
27
39
14
29
82
-1
72
-23
62
17
7
17
0
21
-17
-8
-24
-27
-29
10
-31
-30
17
3
47
-41
12
15
-3
-33
15
22
17
80
-12
17
44
-59
-20
-44
12
-51
-25
5
-6
40
18
-24
-137
-61
12
-5
5
-37
-27
-36
-6
-29
-7
-30
60
-22
-11
-28
-68
-48
-27
23
-40
-8
23
29
15
-1
35
-58
7
-18
-38
26
50
-50
-3
28
-7
35
-29
15
-23
-19
-43
-13
-36
7
-26
-60
9
23
-14
-55
51
-55
43
-34
-9
11
2
82
37
36
-38
-12
-25
29
-22
27
8
-17
36
6
-52
15
50
14
-30
-20
-25
24
28
-21
-47
20
33
-11
46
-1
-32
1
-57
25
-16
59
31
-5
3
26
-12
-43
-35
8
0
-21
68
25
16
25
53
30
1
54
30
-56
11
19
4
-1
23
85
-42
9
19
3
13
27
-30
-18
33
6
40
-32
2
30
-15
40
36
28
6
-15
-15
51
13
-25
-42
26
32
15
23
-58
65
9
-10
-3
-1
-47
23
-2
6
43
37
-8
-12
-51
43
-2
-18
48
-64
10
1
33
-45
2
14
17
-2
13
-71
-32
22
-3
1
-6
-37
20
-21
-17
37
-25
-13
40
49
10
-9
-8
-39
-24
-9
5
3
2
-27
16
21
41
6
-6
29
-54
3
-49
6
22
-40
-8
8
-21
-51
-32
-50
-10
-29
-12
-117
-26
49
17
25
5
-63
14
-73
-34
37
2
1
1
39
-6
45
20
70
-6
5
30
12
-5
-18
20
-10
-16
64
-5
-2
-28
-7
10
-22
-26
-17
-44
-32
-8
18
-60
5
10
30
5
-7
1
-11
-29
-49
45
3
67
-20
-17
58
2
42
8
-23
32
-21
31
34
-16
57
-18
37
-9
22
-17
-15
-20
54
3
-43
-49
9
14
52
34
-16
10
24
3
15
-1
-9
36
-20
-21
15
7
10
35
33
-40
21
-12
29
-30
22
15
47
20
4
5
-48
-3
-15
-11
-58
12
-14
22
-26
11
-14
23
48
23
9
-13
-40
13
1
26
16
-84
-16
34
-18
45
0
25
-8
2
1
11
20
5
-10
38
12
19
9
-60
55
-5
-19
39
10
1
-9
-36
-16
-84
-20
-1
67
-79
35
27
-33
-58
1
-46
30
-21
-28
-7
-18
-7
9
13
-18
-16
-39
9
-18
46
-23
-54
35
-1
-9
8
-2
-16
11
33
12
9
-6
27
28
-29
-7
-52
8
6
3
38
-55
-34
5
-10
11
18
-7
-14
6
9
-6
-12
1
37
11
-31
50
-5
-21
5
5
-25
22
16
12
47
-46
-24
6
55
59
-47
39
-20
30
-4
14
-16
-26
-2
8
20
20
-14
-1
-4
15
2
-12
-4
2
4
36
8
-14
-12
11
-22
26
31
-5
-34
37
1
-64
-11
44
22
28
-56
25
9
-2
-8
31
20
7
4
13
5
6
3
20
-4
-31
25
37
14
39
-4
12
-9
-82
11
-56
-15
38
13
27
-22
57
8
8
-19
-13
-16
31
-2
-42
-33
34
-24
-6
23
-44
-13
10
-33
24
-8
-3
-5
23
-12
-48
-27
2
-8
-30
17
-13
-42
38
-71
66
63
11
-5
-17
19
-12
41
-23
-11
-9
30
1
-2
17
22
-31
-7
-60
36
-19
-6
5
-32
-6
26
17
66
-28
-17
-63
32
-24
0
-33
2
50
0
-11
-29
3
-14
42
3
0
5
-29
-17
-34
-7
29
57
9
-7
18
-38
-53
-8
-24
33
-9
-27
-12
-4
-9
-1
-33
5
17
7
57
21
-41
-3
-101
-23
77
20
1
-45
-1
13
-27
9
31
-7
36
-9
18
-6
76
25
25
-38
-28
25
44
-1
0
20
21
19
18
31
0
30
16
-1
-34
1
38
-11
-3
-20
-58
18
31
-9
21
15
-18
-27
-18
49
13
-25
-36
-33
-1
-12
-58
-42
1
-1
0
-27
-36
27
-6
46
32
-11
-48
-18
10
-28
-36
-14
22
-27
3
28
16
-15
66
22
-12
21
-7
-41
-34
-2
-18
-66
-24
-22
70
-6
8
55
-57
-42
-40
20
-35
19
-12
16
-44
14
3
10
23
-27
34
35
-8
-23
-5
-10
-86
11
-59
20
-9
-22
41
-51
11
14
41
11
21
-2
-16
29
-23
-8
-36
12
-63
-1
-63
-18
31
23
-63
-51
-70
36
54
-5
-26
-18
-53
24
29
29
9
67
-80
2
20
-18
-18
-3
3
55
24
-14
-46
-7
-49
-29
-30
-21
-35
23
6
67
-53
30
-52
-48
-19
11
-50
-72
34
30
80
1
-7
-23
-12
1
4
1
59
19
49
9
-13
9
-45
-22
48
10
6
4
24
-28
-1
-17
-1
-29
-32
6
31
7
49
37
15
23
-1
5
-51
-29
-15
-45
77
-9
49
-47
-44
-7
35
28
48
51
-28
65
46
38
11
-37
25
26
-25
-14
-9
10
19
3
19
-9
2
-24
-12
-34
34
20
29
1
4
-24
-19
18
16
-77
25
10
22
-7
49
-30
-7
1
20
72
47
-39
0
-25
21
-64
-38
-62
-22
-53
21
2
74
-5
-6
4
40
-10
-14
-24
-3
1
10
17
-91
39
-17
24
-25
4
-15
-4
-37
-29
4
-11
-38
11
5
2
8
9
-3
-15
45
7
-65
7
-6
21
-43
15
3
3
-20
-28
-50
62
-10
-20
35
59
27
-36
-23
40
-10
-35
15
-50
36
40
-30
-6
-39
45
-35
29
-55
29
-37
-37
-19
-23
-7
-5
49
33
-18
19
9
-22
22
26
-88
-34
-17
-36
-39
14
27
-15
-31
1
-44
24
26
17
31
-23
11
37
7
13
18
2
26
-14
4
33
23
-54
22
1
20
8
-53
58
88
-17
-21
-8
48
-29
-13
-42
2
44
26
-18
61
91
20
6
-37
0
-5
-24
18
-38
16
-32
16
-39
26
-9
56
11
58
12
6
-22
16
-41
-29
20
3
3
13
6
-13
-43
21
-58
-16
-55
-4
-31
-32
57
-68
-28
-25
-10
-44
-10
-2
38
3
-32
35
-19
12
27
-20
-7
25
-1
8
10
-12
-42
-20
37
-60
-16
9
8
-16
-37
-44
-2
-15
-36
26
-32
25
-29
-14
-21
-32
68
-35
-15
42
-11
16
12
26
3
-29
-8
19
-7
1
-3
-51
-77
-35
-10
-47
-29
-9
-8
-34
3
-54
56
-42
23
-9
41
23
30
-32
17
24
58
-40
21
-24
1
20
2
51
24
17
12
31
23
-3
25
43
24
21
3
18
11
-8
26
-8
1
4
16
33
45
-24
-11
-11
-29
48
29
0
16
-46
73
-25
-6
53
11
-11
83
17
-21
21
-3
-38
-4
-2
-3
-10
38
-36
-55
6
15
-37
0
-13
-33
-13
-39
-53
-21
25
23
48
43
-8
25
2
25
-64
-32
-16
-29
115
-26
-21
31
43
-40
-9
1
50
-5
-31
-8
62
-8
-14
27
-63
-29
54
-29
16
0
18
-19
14
-22
49
8
15
24
19
-5
-43
16
-49
-39
-27
48
-8
-31
35
2
-7
30
-15
0
8
26
-13
-45
-21
-43
-12
1
-21
-58
11
3
-9
-18
-31
41
-14
39
-14
27
63
-58
17
-48
5
-1
-6
4
6
-39
52
-71
43
-2
-25
22
-39
-20
-39
-4
-21
-25
-61
10
29
-34
47
-62
38
10
81
38
31
-23
5
29
37
-11
-15
-31
-28
16
37
17
11
-32
90
4
-22
10
-16
-18
-42
-9
-29
-12
13
-9
0
-11
15
39
28
-26
17
-40
8
-52
33
2
28
53
13
-10
-9
-13
-4
-34
-24
-53
-8
-27
-39
31
-48
38
-4
-45
-30
-33
-40
-4
20
3
-23
1
-16
31
18
-13
-9
15
-71
66
31
-15
43
-38
50
-3
-74
14
24
35
5
-10
11
-4
22
14
-18
30
51
-108
20
28
38
-13
-16
-7
3
-33
20
12
8
3
48
-34
20
68
-2
-26
-14
66
-16
0
-30
7
10
0
-16
23
-33
20
-61
-13
-34
-28
6
0
17
-25
2
20
-27
7
-16
33
-31
-42
-10
30
18
37
71
-57
-41
-31
14
-23
17
-10
9
7
-3
4
-4
79
11
5
23
6
-10
9
4
-2
6
-19
-24
37
34
-1
32
-9
26
43
-43
16
23
36
18
2
-21
8
22
-33
6
-55
37
-21
-12
44
-4
-38
23
24
-12
-6
-34
42
-42
-19
7
10
3
-45
-28
-3
20
6
-13
40
-53
-5
40
-32
-14
-12
66
16
18
25
1
-29
-20
8
-11
9
48
-9
-22
-28
43
84
8
16
-34
-16
42
-14
-8
-7
5
-50
1
-45
33
27
-5
-17
-10
5
-34
-46
-34
-28
13
69
-18
39
11
12
92
-21
12
-12
33
39
-14
13
-3
13
-15
2
-8
-15
-14
-58
-3
-22
60
32
53
20
-2
44
-37
-73
18
-23
-23
-9
44
-39
-5
15
-32
-26
22
25
26
16
-4
-24
-5
-38
-38
8
48
-12
-49
18
-3
-19
-52
2
8
-1
-60
4
15
-21
-7
-37
17
25
9
38
-31
-33
-26
48
2
33
-51
7
36
33
5
-30
29
-64
-18
0
-11
13
12
-23
0
-24
-23
-47
-36
-26
-18
15
17
50
16
64
40
-5
-7
1
57
-18
-21
-48
41
43
32
27
13
33
-8
-17
55
7
35
26
11
52
-25
-23
16
18
-28
9
-35
-21
49
54
-13
42
30
23
80
48
-4
11
30
-4
4
10
-4
6
-7
-3
-16
-21
-5
21
-36
-52
-9
23
-3
-54
30
-33
-35
-22
-19
11
62
14
-42
15
-64
-55
-19
-9
-34
5
11
23
-9
-37
-4
14
-25
34
31
-10
8
37
-29
-3
-2
-62
-6
-8
10
-13
32
-15
33
-16
-40
-33
-12
-65
27
-8
-9
0
36
11
14
-12
-18
18
-15
-4
41
6
-6
-12
-18
-21
11
38
-2
-16
-6
-15
13
23
-17
7
-4
-21
29
-61
2
-24
-72
-39
38
-2
-50
-61
-21
42
-29
10
-35
-27
12
-61
19
-43
22
51
-21
9
28
44
-6
0
-2
-22
-45
-33
-22
-17
3
-16
-15
19
32
-10
21
-9
-19
-12
15
-5
-16
-27
-5
34
44
22
-36
16
6
20
40
33
20
28
-66
4
-13
26
-21
8
-16
13
18
-5
17
16
34
9
-15
15
38
-24
5
0
-54
9
9
47
56
-22
24
41
41
42
23
-18
48
-53
5
7
-41
49
-41
18
24
48
-38
3
54
49
16
-57
18
48
31
23
-18
47
4
16
-38
11
-31
20
62
-20
0
13
62
-2
4
25
45
47
25
-45
-4
12
-28
2
-15
-2
9
-11
1
2
-17
-43
-17
14
21
-54
-8
4
21
-19
-3
-38
57
-22
-44
61
41
1
-39
24
16
-22
-3
-23
2
1
34
-29
-40
3
18
53
13
17
14
7
-51
-50
2
-17
-1
30
13
-52
7
-25
47
-19
32
-13
-13
13
-17
4
31
-10
22
5
-8
-33
-50
42
10
39
-17
-19
-60
-18
8
46
-23
17
-16
-7
15
7
-3
-28
-12
57
-7
-54
-4
16
3
18
22
2
1
7
-48
12
31
29
-15
21
-25
28
-17
-34
0
-32
-48
60
-47
-2
33
27
35
9
-19
25
-59
-25
-34
41
-16
-2
31
17
-4
-27
-13
49
65
16
29
17
-6
-24
9
-42
40
8
35
21
-6
25
2
23
6
50
-32
25
-38
0
-18
10
11
-24
46
3
-39
-20
-7
-39
-30
-15
22
13
-11
-19
0
-45
-5
45
59
-2
-8
9
-45
-8
12
15
-46
-11
2
-29
-5
-34
-35
-58
32
20
41
-7
-18
19
-1
-11
-22
-11
49
-7
57
21
46
12
51
-10
-16
-20
-10
30
-3
4
-26
-32
6
-15
-51
-43
-19
27
10
-48
20
-5
5
-52
1
-39
70
41
-1
1
35
28
8
-57
11
22
-40
-13
-11
18
-26
-82
18
30
-13
-57
-47
-30
-30
-49
-52
-31
15
-28
2
7
11
10
-29
-4
-57
-31
19
-5
-49
-4
-33
-34
13
-18
11
2
-35
17
55
40
-9
-26
47
-7
4
-2
17
2
-1
5
-18
-34
-14
50
-2
9
49
0
18
-70
-5
8
-7
4
-25
-21
-57
-45
19
14
67
-20
45
-42
9
47
5
-6
-17
-30
50
22
23
4
-8
27
10
54
-28
-12
-12
-5
26
64
49
2
-6
-10
-21
74
16
0
66
-20
11
-40
-26
-47
-1
13
-47
7
-27
11
-17
-35
8
-7
40
-44
28
2
37
-44
43
13
-2
-32
3
-20
15
17
6
-29
-35
-20
8
-3
25
61
15
14
12
0
2
-6
-14
3
-9
-9
-7
4
42
-5
-19
-21
32
-55
-1
-28
27
-20
-85
52
62
15
45
-10
-18
-5
20
33
-1
-11
16
-12
16
0
14
83
-14
23
-36
-27
17
-43
8
51
27
30
42
4
30
-24
76
-31
-12
-35
-52
-62
-21
5
20
41
44
24
24
-43
7
-26
-13
21
9
-23
50
15
17
-26
26
-56
6
21
17
-5
-39
-1
-23
-52
7
-34
26
11
10
49
34
29
-9
-51
-28
0
3
-17
-10
-10
13
-24
-65
-25
47
-22
-60
22
5
-9
-18
-39
-32
-49
20
13
17
-50
48
28
3
10
31
-14
-7
-18
37
-20
-9
-14
60
7
18
12
27
21
-29
-29
-16
55
-13
-41
-5
31
22
4
-2
-3
-22
-24
-18
-13
-41
19
-13
32
4
-8
38
-6
-26
-38
-68
12
6
-42
-13
64
1
-4
18
-26
2
18
4
18
10
-10
31
-26
12
29
53
-18
1
-37
-52
5
-22
-10
-68
-4
31
57
22
-48
-5
-44
21
22
1
5
28
-15
34
-2
3
-47
-9
-8
11
-20
-4
-3
66
-33
-2
-25
-16
5
5
42
-33
-42
-22
27
-5
18
-5
-14
0
45
14
36
20
-87
10
-9
-4
-9
4
-12
19
-5
43
-14
-14
19
12
-12
0
17
-13
10
0
-49
6
-23
27
61
-17
51
-16
63
15
-47
-39
-14
-1
-10
-15
6
5
21
0
26
11
-38
-35
-18
8
22
25
66
26
-1
-15
18
-14
-42
-17
40
-38
0
-1
31
31
4
4
33
-42
-59
5
-11
-48
-11
29
15
-11
25
-34
20
37
-24
-16
5
17
15
-40
0
-15
-19
-3
43
-3
1
-39
-1
-16249
-2053
1037
-16229
-205
16288
-16327
799
-16289
1749
16059
-2675
15861
-3731
-15674
4571
5454
15376
15006
-6359
14579
-7246
7974
14195
-8920
-13683
-13228
9638
-12559
10427
11060
11873
-11298
11798
10508
-12395
-9866
13011
-9048
13599
8175
-14042
14540
7340
6531
-14943
-5591
15321
-4768
15637
-15862
-3851
-16003
-2897
2008
-16199
-16303
-954
16254
136
869
16351
-16194
1853
-2716
-16039
15894
-3718
-4572
-15607
-5490
-15256
6384
15024
-7268
-14496
14186
-8065
8935
13692
9696
13135
10424
12552
11910
-11161
11233
-11819
10542
-12500
9808
-13034
-8958
13630
8188
-14110
14600
7417
6411
-14924
-5658
15342
-4675
15665
-3760
15862
-2808
15984
-1821
16172
1009
-16255
16358
67
-978
-16243
-1865
-16218
-16028
2853
3805
15842
-15597
4644
-5547
-15315
15021
-6540
14597
-7353
-14037
8156
-8892
-13623
-9763
-13038
-10476
-12496
-11805
11131
-11863
-11218
-12443
-10475
-13091
-9803
-13646
-8938
8170
-14167
14588
7242
-14951
-6502
5585
-15293
-4635
15615
-15834
-3734
2834
-16154
16216
1867
16335
871
26
16268
-16270
915
16175
-2023
-16094
2807
-15871
3803
4746
15577
-15267
5526
-6504
-15022
-7361
-14609
-8226
-14090
8976
13556
13050
-9839
-10519
-12413
-11868
11207
-11170
11813
-12573
-10505
13023
9689
-13675
-8899
-14191
-8164
7232
-14644
14922
6362
-5526
15360
-4675
15567
3669
-15895
-16062
-2734
-1833
16223
-885
16249
-169
-16293
16141
-1035
-1987
-16199
-2961
-15997
3831
15815
4699
15625
-5650
-15283
-15043
6506
7404
14483
-14058
8227
9016
13556
9773
12973
10511
12462
-11845
11270
11053
-11972
-10415
12593
-9697
13167
8808
-13702
8010
-14152
-7176
14702
14959
6379
15344
5438
4571
-15620
3680
-15843
16029
2720
16174
1675
16303
798
-119
-16241
1036
16240
16207
-1997
2972
16105
-3911
-15744
-4788
-15570
-15254
5735
14923
-6528
7484
14537
-8242
-14038
9050
13536
-9862
-12926
12345
-10521
11758
-11233
-11015
12009
-10431
12674
9583
-13154
-13647
-8772
-14179
-7929
7182
-14677
-15020
-6345
-5363
15414
4500
-15565
3611
-15923
-16035
-2663
-16161
-1715
-686
16301
187
16319
1131
16307
-16126
2078
3064
16002
-15862
3934
4899
15557
15327
-5752
6783
14808
-14466
7509
-13923
8344
9188
13464
-12846
9860
-10621
-12335
-11651
11315
-12005
-11055
-12501
-10251
-13195
-9585
-8707
13699
14275
7901
-14612
-7051
6291
-15204
5330
-15418
-15674
-4488
15945
3574
-16079
-2644
-1623
16167
-647
16233
16366
-272
1200
16225
2111
16141
3059
15957
15777
-4117
4894
15534
15250
-5828
-6734
-14945
14427
-7550
-8432
-13997
9084
13446
-12931
9880
-10698
-12497
-11693
11362
12044
11005
-10329
12616
13174
9484
-13872
-8764
14237
7869
-14674
-7096
6171
-15138
-5361
15426
4324
-15744
3438
-15952
2514
-16135
1536
-16329
16214
589
16292
-294
-16322
1206
2118
16187
3087
15898
15785
-4113
-15585
4962
-15235
5925
6681
14788
14398
-7589
-13994
8357
9200
13455
-12930
10002
12215
-10746
-11448
-11614
-11022
12136
-12623
-10186
-13393
-9445
-13782
-8621
-14266
-7833
6961
-14633
-15152
-6130
-15482
-5240
-15768
-4339
-15980
-3406
-2507
16152
-16190
-1431
-648
16420
-333
-16252
16242
-1258
-16199
2355
16012
-3143
4080
15804
-15563
5107
5924
15263
-6784
-14796
7660
14451
-13909
8506
13449
-9187
12871
-9977
-10735
-12227
-11481
-11548
-12061
-10803
10273
-12612
9454
-13215
-8624
13860
-7752
14409
-6983
14797
-6109
15158
-5198
15529
4384
-15648
16028
3481
-16032
-2371
-1418
16248
16405
662
-351
-16306
16279
-1313
-16111
2325
15985
-3250
15855
-4107
15534
-5047
-15164
5908
14834
-6801
7752
14440
8575
13903
-13284
9295
-12719
10039
12308
-10809
11532
11552
-10778
12099
10251
-12762
-9331
13325
13867
8547
-14227
-7811
-6905
14743
-6018
15094
5290
-15535
-15638
-4316
15982
3237
-16166
-2461
-16159
-1558
16319
429
16303
-477
16335
-1503
-2325
-16259
-3266
-16045
-4158
-15841
15496
-5233
-15132
5876
-6910
-14879
14349
-7756
-13887
8465
-13335
9204
-12779
10047
12116
-10909
