-175
8
-178
48
-148
74
-91
72
-27
39
30
-16
69
-81
87
-138
91
-174
83
-177
83
-151
98
-108
130
-62
167
-36
190
-37
180
-53
132
-66
57
-57
-10
-24
-57
11
-67
34
-64
25
-70
-7
-90
-35
-112
-52
-113
-45
-81
-36
-23
-52
28
-100
39
-165
1
-216
-68
-220
-133
-178
-163
-110
-163
-53
-151
-23
-152
-21
-172
-21
-191
-4
-185
25
-145
42
-84
27
-39
-27
-37
-85
-72
-107
-111
-67
-109
25
-46
120
59
172
153
155
184
91
131
36
25
38
-72
117
-105
238
-50
341
65
370
184
300
245
157
223
0
134
-114
23
-145
-54
-99
-67
-15
-18
59
64
91
128
75
147
38
119
13
63
21
15
59
-7
104
-6
122
-5
102
-30
50
-88
1
-163
-18
-218
4
-225
47
-176
81
-95
77
-13
31
37
-39
46
-104
23
-145
-15
-151
-52
-129
-86
-86
-105
-32
-104
22
-78
57
-39
52
-4
-7
-13
-110
-88
-218
-219
-281
-359
-262
-449
-161
-443
-27
-345
81
-204
113
-83
74
-28
3
-40
-44
-80
-30
-105
34
-87
111
-40
159
4
164
17
136
-6
104
-49
90
-91
93
-113
101
-121
105
-116
105
-97
102
-62
94
-11
72
40
20
66
-54
40
-128
-33
-158
-115
-117
-158
-14
-129
105
-37
184
69
187
132
123
118
44
47
4
-31
30
-71
101
-50
177
11
214
71
206
107
173
115
141
112
124
113
112
117
93
104
62
62
33
5
33
-39
64
-40
105
3
118
57
68
74
-38
18
-151
-92
-216
-207
-195
-264
-102
-228
10
-115
76
20
66
118
-3
151
-88
134
-141
102
-144
85
-115
91
-87
95
-81
74
-87
13
-81
-62
-33
-114
58
-108
161
-47
231
43
229
111
155
115
40
50
-62
-57
-103
-150
-73
-182
7
-139
87
-40
119
65
88
129
11
135
-66
99
-96
64
-65
72
5
132
70
219
89
285
52
291
-11
235
-57
144
-47
71
15
45
91
61
136
78
124
56
70
-23
18
-139
15
-237
75
-271
172
-225
258
-128
285
-27
240
32
148
31
53
-11
-2
-62
-2
-87
42
-70
104
-15
153
59
170
126
150
163
99
161
38
121
-6
62
-18
11
7
-1
51
33
83
98
69
150
-1
155
-105
98
-197
-1
-233
-94
-194
-133
-102
-101
-2
-17
59
74
62
135
25
147
-21
128
-45
103
-42
91
-26
91
-14
91
-16
83
-21
71
-19
70
-16
85
-20
100
-50
91
-103
37
-154
-54
-162
-143
-100
-180
18
-135
144
-19
218
110
207
192
122
192
19
122
-42
40
-30
-2
37
21
109
90
137
154
105
173
40
136
-13
76
-13
40
37
54
100
113
132
175
111
197
52
161
-6
83
-17
11
30
-16
115
13
192
78
224
134
200
148
142
117
93
63
73
20
88
6
114
16
119
27
97
10
55
-38
33
-98
49
-127
110
-100
187
-15
233
93
215
175
132
190
18
127
-74
21
-101
-81
-52
-133
47
-119
153
-58
216
12
220
47
169
26
95
-46
40
-141
25
-226
50
-272
99
-269
140
-233
150
-184
114
-149
45
-142
-34
-160
-97
-185
-126
-192
-124
-173
-107
-133
-95
-95
-96
-78
-98
-83
-76
-91
-16
-70
71
-2
151
98
180
186
133
210
24
140
-93
-2
-154
-158
-128
-259
-30
-264
83
-194
146
-95
127
-33
40
-32
-58
-74
-115
-112
-114
-103
-78
-43
-57
32
-86
69
-156
39
-231
-50
-255
-154
-202
-216
-80
-209
63
-136
178
-37
238
54
238
111
204
133
156
129
118
113
88
92
66
68
48
44
40
25
35
12
30
1
18
-13
5
-37
-4
-64
1
-78
24
-68
48
-38
54
-8
28
-6
-22
-49
-64
-120
-64
-180
-4
-182
93
-109
181
13
209
136
158
204
50
201
-60
144
-127
81
-130
50
-92
60
-51
88
-28
104
-25
96
-18
76
18
75
81
112
144
175
164
230
131
236
56
179
-18
81
-53
-14
-37
-70
9
-78
46
-57
45
-41
8
-53
-42
-87
-74
-121
-74
-131
-48
-112
-15
-78
6
-46
13
-26
20
-17
35
-8
53
1
66
1
64
-23
53
-74
49
-131
74
-164
118
-153
158
-102
154
-54
91
-47
-16
-100
-112
-191
-149
-260
-104
-252
-6
-151
78
3
91
140
18
199
-98
169
-192
91
-209
37
-144
49
-52
123
3
205
-21
229
-108
165
-197
40
-220
-81
-158
-134
-37
-96
76
-2
124
88
89
118
3
82
-77
3
-107
-70
-83
-104
-28
-98
21
-67
43
-40
39
-23
22
-13
3
-6
-17
-4
-39
-13
-56
-38
-51
-61
-7
-51
74
15
163
129
217
252
200
326
117
310
11
210
-54
71
-38
-42
56
-82
179
-50
273
17
298
75
260
98
183
94
102
80
27
67
-45
47
-126
6
-202
-67
-247
-150
-232
-202
-154
-194
-45
-121
48
-19
86
64
63
91
6
64
-40
10
-55
-37
-44
-62
-30
-69
-34
-78
-57
-93
-87
-104
-107
-98
-120
-69
-140
-35
-175
-16
-218
-18
-236
-21
-210
6
-145
88
-76
204
-52
301
-95
325
-181
259
-247
139
-245
32
-163
-8
-49
17
29
60
25
57
-42
-24
-114
-148
-127
-246
-62
-260
38
-187
105
-80
95
1
15
13
-74
-15
-117
-33
-98
-2
-51
76
-33
146
-67
161
-133
101
-170
11
-139
-46
-39
-36
74
27
136
86
119
81
54
6
4
-95
12
-163
80
-153
156
-81
183
5
135
49
37
42
-59
11
-117
-7
-136
8
-146
33
-169
39
-209
6
-228
-44
-197
-69
-115
-41
-15
34
49
113
51
152
2
132
-56
74
-86
19
-85
-13
-74
-30
-83
-60
-110
-121
-127
-185
-93
-211
-6
-158
95
-33
147
105
110
183
0
158
-120
55
-173
-58
-129
-109
-23
-74
76
7
104
72
54
81
-35
40
-108
-6
-141
-18
-160
-1
-208
1
-298
-59
-400
-191
-441
-338
-363
-407
-169
-340
65
-143
235
99
270
280
169
323
13
239
-98
99
-105
-5
-21
-23
88
31
144
95
115
110
21
52
-70
-41
-106
-117
-70
-122
3
-52
58
55
56
144
-12
173
-107
134
-183
53
-201
-30
-154
-78
-64
-79
33
-49
103
-10
135
18
136
28
119
25
97
19
71
16
37
8
-9
-15
-58
-52
-97
-91
-111
-119
-98
-121
-71
-97
-53
-68
-53
-52
-67
-62
-77
-85
-61
-95
-18
-76
29
-30
51
11
35
16
-8
-23
-45
-88
-39
-135
13
-133
82
-86
126
-30
116
-11
69
-46
24
-110
30
-151
94
-124
180
-29
230
91
204
172
103
180
-21
123
-113
46
-141
-6
-122
-16
-90
-7
-78
-12
-89
-47
-91
-95
-59
-119
13
-100
87
-42
128
11
117
28
76
2
45
-33
56
-34
96
18
125
96
103
149
22
135
-78
54
-137
-49
-115
-107
-18
-86
99
1
167
100
153
142
67
105
-36
-3
-108
-134
-115
-240
-72
-299
-5
-308
56
-273
94
-210
102
-125
76
-38
11
28
-90
46
-202
5
-284
-74
-296
-145
-221
-154
-85
-84
57
47
143
182
136
255
51
235
-64
130
-145
-7
-161
-123
-112
-177
-34
-163
28
-106
43
-40
8
7
-60
23
-129
15
-174
4
-180
6
-152
31
-107
72
-65
115
-38
134
-26
122
-13
87
17
47
66
24
128
28
175
50
185
66
152
54
91
10
25
-52
-15
-114
-24
-158
-8
-177
23
-182
57
-176
103
-159
156
-124
216
-68
266
-1
286
57
274
86
240
86
199
70
168
58
141
50
106
45
54
20
-5
-25
-49
-71
-51
-85
-16
-43
28
47
41
136
-4
183
-91
158
-170
87
-194
21
-151
4
-71
44
-9
99
-8
117
-57
73
-109
-10
-116
-76
-60
-76
20
-11
65
72
35
109
-56
63
-151
-38
-185
-136
-133
-171
-30
-133
64
-59
98
-9
74
-14
32
-62
20
-108
59
-109
118
-68
152
-21
135
-10
83
-48
47
-99
64
-110
131
-50
196
62
202
168
127
202
1
144
-109
38
-140
-48
-80
-55
25
21
109
134
119
224
61
255
-31
227
-101
177
-128
142
-122
127
-112
118
-119
89
-137
35
-141
-25
-112
-57
-54
-46
0
-3
18
36
-12
37
-75
-7
-126
-74
-136
-121
-91
-115
-18
-47
38
54
45
141
-12
176
-105
138
-194
44
-235
-72
-202
-167
-101
-201
42
-168
182
-81
275
26
302
108
263
145
192
131
121
91
81
52
73
42
84
60
89
90
72
109
33
103
-4
81
-24
62
-16
61
5
86
20
122
11
151
-22
161
-70
152
-117
129
-154
103
-177
77
-186
54
-180
39
-153
38
-107
63
-47
114
6
176
37
228
41
245
27
224
21
183
40
147
82
134
123
142
136
144
106
117
46
54
-13
-26
-44
-91
-37
-115
-5
-95
23
-47
33
4
27
42
23
78
40
125
76
194
112
269
122
322
97
327
53
276
21
196
29
124
76
89
139
100
180
128
174
152
126
151
56
124
-6
94
-44
74
-62
69
-69
72
-74
70
-74
61
-60
52
-27
56
15
74
49
93
57
96
40
71
10
24
-7
-18
-4
-30
11
0
13
60
-22
117
-103
139
-206
115
-296
62
-336
9
-309
-7
-233
25
-139
92
-65
161
-31
197
-32
184
-41
129
-30
66
17
28
82
34
133
71
133
103
71
96
-40
28
-151
-77
-218
-177
-211
-225
-147
-192
-69
-100
-30
2
-48
63
-110
55
-173
1
-186
-61
-135
-87
-42
-66
47
-16
93
18
90
11
58
-42
39
-109
54
-156
105
-166
164
-141
202
-100
211
-65
191
-45
159
-40
121
-42
83
-58
40
-93
2
-144
-21
-195
-19
-229
6
-233
35
-212
49
-187
37
-178
20
-187
23
-185
61
-142
127
-48
177
71
177
161
119
180
35
124
-15
39
9
-9
100
18
197
107
228
190
156
196
8
95
-144
-78
-218
-245
-190
-326
-90
-300
10
-201
47
-96
7
-38
-74
-37
-138
-60
-143
-65
-97
-31
-28
32
23
87
41
104
43
81
53
35
91
-6
155
-26
226
-22
283
2
311
36
306
72
265
98
192
105
92
78
-16
19
-104
-54
-148
-113
-144
-133
-103
-106
-58
-52
-34
1
-35
35
-46
48
-52
55
-36
71
-13
98
2
128
-2
142
-25
139
-51
124
-73
109
-91
91
-110
58
-136
1
-146
-67
-117
-118
-36
-112
78
-33
177
92
209
204
154
247
40
195
-76
76
-137
-52
-119
-139
-49
-170
26
-169
73
-165
94
-170
110
-170
145
-134
194
-51
224
57
206
146
134
187
43
178
-28
156
-52
155
-47
181
-51
206
-89
188
-155
108
-205
-7
-198
-102
-119
-132
-6
-88
82
-12
103
43
54
40
-17
-9
-63
-69
-61
-103
-25
-104
11
-93
31
-100
43
-124
72
-139
135
-115
212
-46
262
37
249
85
173
65
75
-15
3
-107
-8
-163
28
-157
67
-109
71
-54
30
-23
-35
-18
-88
-19
-113
-8
-114
20
-110
45
-112
52
-112
41
-88
28
-40
35
21
53
63
59
73
28
66
-42
80
-116
136
-144
223
-107
295
-23
301
47
228
54
117
-4
36
-78
28
-104
86
-47
148
60
153
146
77
149
-28
67
-89
-37
-51
-79
65
-19
179
110
203
218
109
218
-54
101
-187
-74
-211
-204
-121
-222
18
-135
109
-11
100
62
11
47
-91
-31
-128
-104
-81
-113
12
-52
87
37
98
99
49
103
-19
60
-62
12
-62
-11
-32
1
-7
31
-4
55
-24
62
-47
59
-58
57
-60
57
-58
51
-64
29
-71
-16
-61
-65
-30
-99
16
-112
55
-115
68
-125
54
-161
28
-211
18
-249
35
-254
69
-212
95
-140
93
-66
62
-5
17
38
-22
73
-43
105
-54
132
-64
137
-71
113
-67
70
-32
30
34
21
112
45
164
78
164
84
114
40
45
-43
2
-124
8
-158
51
-124
85
-47
67
25
-16
41
-129
-13
-222
-101
-244
-171
-187
-181
-89
-124
-3
-37
28
28
2
43
-53
6
-92
-52
-88
-93
-47
-97
6
-68
46
-26
57
11
50
42
38
71
28
107
11
141
-20
161
-74
143
-139
83
-187
-5
-197
-89
-167
-144
-104
-160
-37
-143
13
-110
35
-75
33
-46
16
-22
-11
-6
-42
-5
-73
-23
-92
-57
-80
-86
-30
-85
52
-39
139
46
192
137
189
194
131
191
51
132
-7
54
-18
-7
13
-24
59
-5
85
27
81
43
59
37
43
25
57
36
97
82
139
153
154
219
127
247
60
216
-13
134
-62
28
-67
-70
-27
-133
37
-151
100
-129
136
-86
133
-47
90
-28
22
-37
-41
-65
-75
-87
-64
-76
-20
-19
32
69
57
157
42
205
-3
201
-44
159
-51
117
-13
106
42
127
74
152
54
137
-9
62
-76
-56
-103
-173
-66
-243
18
-247
107
-204
163
-153
178
-114
175
-86
178
-42
191
31
191
122
142
187
32
181
-112
95
-237
-40
-292
-165
-265
-233
-186
-231
-108
-190
-65
-148
-57
-129
-57
-122
-37
-98
8
-43
52
27
63
74
39
69
6
18
2
-40
56
-57
142
-15
211
52
214
90
144
52
41
-59
-30
-193
-26
-286
47
-298
140
-236
193
-158
173
-111
100
-119
17
-162
-30
-202
-33
-209
-11
-181
-2
-143
-23
-124
-68
-135
-107
-158
-120
-168
-103
-147
-71
-92
-52
-24
-57
39
-86
81
-122
101
-149
113
-158
125
-145
145
-124
170
-103
199
-90
216
-86
212
-92
180
-93
129
-71
80
-19
55
59
75
134
133
175
200
156
234
86
210
-1
129
-61
30
-62
-47
-9
-74
66
-55
127
-18
154
11
153
25
148
41
154
78
158
142
131
197
52
210
-62
153
-170
43
-224
-63
-194
-112
-99
-73
8
33
61
148
33
211
-54
199
-153
126
-205
40
-192
-17
-126
-22
-47
13
8
63
28
100
18
118
-5
121
-24
117
-35
115
-42
110
-45
105
-45
97
-42
87
-40
73
-38
47
-37
4
-33
-53
-11
-110
33
-150
102
-156
180
-125
247
-62
284
17
282
95
239
158
162
192
61
185
-52
125
-148
25
-203
-92
-188
-187
-101
-222
35
-180
168
-81
250
25
253
88
195
85
119
31
72
-30
72
-51
103
-19
117
37
78
71
-18
44
-136
-44
-221
-158
-230
-243
-159
-255
-47
-192
54
-86
101
18
85
73
28
76
-34
38
-72
-11
-76
-52
-57
-74
-31
-78
-12
-75
-4
-68
-4
-60
-9
-50
-18
-37
-25
-24
-24
-7
-14
25
6
71
28
134
36
192
19
228
-21
224
-69
180
-98
117
-91
62
-51
37
8
45
54
68
69
81
50
69
16
29
-8
-18
-6
-56
23
-69
65
-56
104
-30
124
-1
123
17
105
16
74
-11
33
-66
0
-148
-11
-240
13
-312
77
-341
165
-311
245
-238
285
-151
272
-88
218
-57
155
-49
113
-37
104
2
107
71
98
141
55
183
-16
178
-91
136
-136
79
-146
35
-134
1
-122
-36
-119
-94
-122
-172
-103
-247
-48
-285
38
-271
122
-216
167
-159
164
-131
133
-138
111
-154
126
-146
171
-94
214
-17
215
42
170
47
97
-6
45
-84
45
-139
91
-150
147
-122
170
-92
146
-97
94
-132
54
-171
50
-171
77
-118
98
-28
76
55
4
95
-91
86
-162
55
-181
43
-148
66
-96
114
-57
153
-45
161
-47
130
-37
77
-5
23
47
-25
100
-72
146
-127
185
-178
233
-208
290
-190
339
-124
346
-44
286
10
173
12
42
-30
-53
-74
-88
-80
-78
-35
-62
31
-80
67
-131
41
-176
-39
-163
-125
-69
-154
91
-98
248
17
337
134
332
194
250
175
145
98
71
14
42
-40
40
-54
29
-52
-8
-65
-62
-98
-104
-131
-106
-132
-69
-79
-24
13
-12
110
-49
165
-127
161
-211
103
-264
21
-264
-47
-219
-80
-158
-81
-107
-67
-82
-56
-78
-52
-93
-56
-107
-62
-122
-69
-134
-78
-141
-92
-138
-103
-112
-100
-65
-69
-6
-8
40
67
53
125
25
140
-30
97
-79
14
-92
-75
-53
-140
23
-156
107
-139
166
-105
187
-83
176
-79
156
-85
139
-85
130
-71
123
-49
98
-37
59
-40
23
-52
3
-52
4
-23
10
33
-11
89
-75
105
-175
62
-273
-28
-320
-118
-295
-156
-209
-116
-112
-12
-57
105
-71
182
-139
199
-214
168
-251
131
-235
125
-183
156
-141
201
-134
218
-165
186
-203
109
-207
27
-157
-18
-66
-3
28
61
81
132
70
168
6
141
-69
64
-108
-24
-81
-75
-1
-58
97
19
159
117
153
182
78
174
-25
93
-105
-25
-117
-122
-62
-155
20
-124
77
-66
70
-38
2
-70
-84
-153
-132
-240
-107
-271
-27
-221
58
-113
93
-4
54
54
-32
37
-110
-25
-129
-86
-75
-100
18
-61
107
5
153
56
152
71
128
54
111
29
109
15
114
17
105
22
76
13
32
-6
-6
-21
-27
-15
-38
15
-57
49
-100
63
-159
42
-211
-11
-228
-68
-197
-104
-129
-107
-48
-87
18
-63
62
-52
86
-54
104
-62
123
-66
136
-64
137
-61
120
-64
91
-74
58
-82
28
-91
0
-94
-24
-101
-44
-114
-50
-122
-30
-115
11
-76
66
-7
105
76
111
144
83
180
31
181
-17
158
-49
134
-60
120
-64
114
-75
106
-95
86
-122
52
-137
14
-136
-21
-116
-45
-81
-58
-39
-57
6
-43
49
-18
81
11
93
31
76
28
42
-6
6
-56
-11
-104
-1
-122
22
-105
34
-64
17
-30
-35
-23
-98
-41
-142
-66
-147
-67
-115
-27
-72
46
-45
127
-57
182
-103
188
-161
146
-199
74
-201
-1
-159
-54
-87
-68
-7
-45
54
-1
71
36
44
40
-18
-2
-83
-82
-113
-167
-85
-216
-4
-198
95
-119
170
-13
182
74
134
103
54
72
-17
4
-47
-65
-31
-110
12
-124
55
-119
81
-110
93
-98
93
-81
86
-62
72
-43
47
-35
20
-40
4
-47
16
-35
57
13
104
88
133
172
120
223
71
223
10
177
-31
108
-35
42
-11
-8
25
-47
57
-86
80
-129
105
-158
141
-165
180
-140
203
-96
199
-53
165
-23
122
-1
80
25
49
66
16
109
-28
136
-88
127
-139
94
-158
64
-127
66
-69
110
-21
161
-17
182
-56
139
-105
45
-117
-64
-68
-136
28
-154
127
-134
191
-112
214
-110
218
-112
233
-93
262
-28
274
64
234
134
128
137
-8
66
-112
-35
-136
-97
-78
-76
-1
12
30
104
-28
128
-145
58
-257
-73
-296
-199
-252
-261
-156
-255
-71
-217
-34
-194
-35
-197
-37
-203
-8
-173
40
-93
74
9
48
78
-38
66
-136
-12
-187
-104
-145
-141
-36
-90
82
23
133
135
86
173
-29
112
-146
-13
-199
-144
-167
-214
-72
-202
25
-127
74
-40
55
16
-15
21
-97
-18
-151
-70
-158
-102
-119
-93
-64
-49
-21
9
-12
51
-40
54
-83
17
-119
-40
-126
-89
-106
-118
-76
-131
-56
-143
-53
-168
-48
-197
-21
-200
35
-148
98
-43
124
71
80
144
-25
132
-139
46
-197
-49
-161
-88
-52
-37
62
75
109
174
66
193
-30
124
-103
15
-99
-59
-23
-59
69
-1
109
51
71
41
-9
-42
-65
-148
-47
-209
36
-185
126
-103
161
-21
115
4
28
-33
-45
-93
-62
-120
-29
-89
7
-28
-1
14
-59
1
-128
-60
-157
-123
-124
-139
-53
-97
6
-30
9
11
-48
-13
-129
-95
-181
-194
-181
-274
-130
-310
-61
-304
4
-268
54
-206
94
-119
118
-4
112
117
59
204
-37
228
-149
182
-224
98
-231
27
-163
-3
-53
13
53
47
126
70
167
67
195
56
226
53
251
61
253
64
221
42
168
-8
122
-62
113
-79
139
-42
168
35
160
110
105
142
29
122
-26
79
-25
55
26
72
91
111
124
134
118
111
95
46
96
-19
136
-44
194
-25
221
7
190
3
112
-53
33
-139
4
-193
35
-179
90
-95
108
4
53
56
-55
29
-165
-54
-212
-136
-178
-166
-98
-135
-23
-81
7
-48
-6
-62
-21
-98
-1
-117
57
-90
121
-28
151
28
127
37
74
-4
35
-66
46
-101
98
-90
153
-49
170
-21
136
-37
83
-99
51
-163
69
-182
125
-130
172
-29
159
65
69
106
-70
74
-197
-1
-264
-64
-256
-74
-200
-17
-148
76
-141
155
-191
181
-269
141
-335
59
-351
-23
-304
-65
-218
-52
-132
-4
-83
43
-84
57
-119
26
-146
-26
-136
-66
-76
-53
6
13
69
100
74
161
21
156
-57
84
-109
-18
-102
-95
-33
-117
52
-80
101
-28
83
-12
6
-59
-87
-158
-145
-266
-139
-335
-69
-337
25
-270
106
-163
143
-52
129
35
76
81
4
78
-68
26
-117
-57
-125
-147
-79
-210
11
-218
117
-166
197
-74
216
16
160
62
50
52
-71
-6
-160
-75
-196
-122
-182
-129
-140
-103
-96
-60
-59
-16
-31
21
-4
52
21
74
39
81
47
64
47
27
46
-28
56
-81
77
-117
102
-131
116
-127
110
-115
81
-108
37
-109
-8
-110
-45
-111
-69
-108
-81
-104
-78
-96
-61
-85
-27
-64
18
-25
64
29
98
90
100
141
66
159
-6
132
-95
52
-175
-68
-213
-197
-188
-289
-100
-310
26
-250
141
-131
199
-6
181
71
101
71
12
10
-36
-66
-15
-109
62
-91
147
-29
192
35
175
59
122
35
75
-8
71
-26
109
13
161
101
180
203
137
268
47
270
-58
220
-134
144
-159
74
-143
25
-111
-9
-84
-46
-67
-92
-53
-140
-30
