107
91
192
90
250
31
247
-51
197
-111
126
-123
73
-95
59
-54
78
-36
105
-51
115
-94
98
-150
56
-207
-9
-254
-95
-284
-198
-282
-308
-234
-391
-129
-414
17
-356
157
-224
253
-66
267
62
204
118
111
105
28
55
1
12
24
6
71
29
109
62
120
77
115
78
116
82
129
110
140
158
127
195
70
190
-16
127
-83
35
-93
-34
-33
-37
65
35
142
148
152
240
90
269
-10
230
-94
158
-127
97
-114
63
-86
44
-74
4
-83
-66
-74
-153
-19
-206
89
-183
214
-85
291
40
276
119
173
105
33
7
-64
-124
-76
-211
-6
-216
89
-150
144
-66
128
-17
58
-23
-14
-62
-49
-91
-38
-83
-8
-39
6
12
-16
40
-59
38
-98
23
-114
20
-110
33
-107
54
-119
63
-146
55
-167
41
-166
52
-150
96
-144
156
-180
192
-265
166
-368
76
-438
-46
-435
-146
-358
-190
-239
-173
-124
-124
-45
-79
5
-51
41
-25
81
16
114
66
115
103
69
86
-9
10
-73
-97
-76
-172
-13
-164
74
-71
111
48
51
115
-104
71
-282
-70
-396
-238
-391
-353
-270
-356
-107
-255
21
-111
67
9
32
65
-42
62
-104
26
-134
-12
-136
-43
-125
-74
-116
-110
-102
-145
-77
-169
-42
-175
-6
-165
16
-153
26
-150
31
-147
48
-131
78
-90
100
-31
95
16
53
24
-8
-12
-62
-72
-75
-119
-49
-128
-10
-103
8
-75
-14
-73
-60
-103
-99
-140
-101
-150
-72
-115
-44
-52
-46
2
-91
18
-151
-11
-185
-53
-170
-70
-108
-43
-35
14
11
68
23
91
16
81
12
63
30
57
57
66
74
76
61
64
28
23
0
-26
-4
-59
15
-57
37
-33
37
-13
8
-19
-27
-41
-36
-54
-12
-30
25
35
36
100
-4
118
-87
67
-165
-37
-192
-137
-143
-185
-47
-161
41
-100
74
-49
45
-42
-8
-76
-45
-110
-44
-113
-21
-76
-15
-33
-52
-23
-124
-65
-182
-138
-192
-194
-139
-195
-56
-139
8
-68
13
-30
-27
-52
-72
-117
-71
-177
-7
-184
95
-120
187
-18
221
81
185
134
104
129
16
82
-41
26
-57
-16
-43
-33
-18
-30
3
-21
11
-13
6
-17
-3
-35
-10
-62
-5
-89
16
-102
54
-88
93
-52
118
-2
111
33
73
42
22
23
-17
-4
-27
-14
-11
4
8
39
13
73
-4
85
-28
74
-40
59
-25
59
11
83
44
119
54
144
35
139
6
107
-13
68
-9
45
12
41
26
45
18
33
-8
-1
-27
-48
-13
-71
37
-42
105
43
148
151
132
238
52
261
-61
211
-159
112
-200
11
-173
-49
-95
-57
-9
-19
49
30
61
62
30
57
-18
17
-58
-40
-67
-90
-42
-110
6
-90
57
-39
88
30
83
84
43
109
-13
99
-65
64
-91
28
-86
8
-64
10
-42
22
-35
28
-49
18
-69
-4
-83
-27
-81
-35
-69
-26
-59
-7
-62
10
-75
13
-86
8
-81
9
-52
30
-5
78
42
146
68
215
62
257
23
262
-30
221
-74
153
-95
74
-82
6
-42
-33
10
-48
54
-44
80
-38
85
-40
80
-47
81
-47
94
-30
117
10
134
66
127
111
91
125
36
95
-15
31
-33
-40
-6
-92
54
-107
124
-89
175
-59
188
-41
166
-48
122
-80
78
-127
45
-177
29
-221
30
-247
47
-250
75
-225
98
-176
107
-117
90
-72
46
-56
-7
-72
-46
-101
-49
-112
-19
-88
21
-31
30
26
-7
46
-87
6
-169
-83
-211
-179
-187
-233
-110
-223
-21
-159
36
-82
42
-26
13
-6
-20
-5
-26
7
-6
47
23
105
33
155
15
174
-13
167
-24
153
-1
163
40
203
74
254
64
279
15
249
-45
171
-74
86
-44
38
33
54
115
121
152
193
119
220
38
178
-45
91
-79
2
-45
-35
38
-1
125
89
164
191
131
252
33
245
-94
168
-199
49
-250
-71
-234
-154
-166
-177
-79
-148
-10
-93
22
-42
17
-13
-1
-6
-8
0
12
25
49
74
75
125
71
144
36
104
5
18
19
-67
99
-98
224
-48
334
54
370
148
299
162
158
76
21
-65
-44
-187
-14
-226
67
-169
132
-66
123
14
49
28
-35
-11
-62
-38
-8
1
94
116
168
251
158
330
62
297
-59
165
-128
1
-99
-116
8
-139
124
-91
177
-31
139
-20
32
-77
-80
-175
-142
-264
-136
-299
-78
-264
-7
-174
45
-57
60
62
36
156
-23
202
-103
187
-180
112
-222
4
-200
-90
-117
-125
1
-93
93
-28
110
11
52
-18
-40
-111
-95
-209
-75
-244
10
-186
93
-62
111
54
41
95
-78
46
-173
-49
-181
-122
-103
-125
10
-64
94
8
113
44
83
30
53
-2
52
-10
75
18
82
60
42
67
-42
11
-121
-86
-141
-173
-85
-202
26
-159
134
-80
196
-13
215
23
222
43
243
83
275
156
276
232
204
252
61
173
-100
9
-193
-165
-175
-260
-63
-229
66
-99
128
50
87
139
-24
141
-126
94
-158
61
-109
83
-25
153
38
227
56
262
42
254
37
231
57
224
90
238
96
241
58
199
-6
106
-49
4
-37
-49
21
-31
70
30
54
62
-40
6
-158
-132
-214
-288
-154
-359
8
-295
184
-119
268
66
208
161
35
115
-148
-33
-247
-186
-219
-261
-103
-228
16
-124
67
-21
35
28
-46
11
-119
-39
-146
-81
-126
-96
-83
-86
-42
-64
-13
-37
11
0
33
53
42
117
23
173
-30
191
-104
165
-171
109
-202
49
-182
16
-124
11
-57
25
3
39
52
45
97
51
147
65
189
89
212
105
196
91
146
36
90
-46
52
-128
46
-176
66
-176
82
-140
64
-95
9
-71
-69
-77
-141
-98
-180
-112
-178
-104
-154
-74
-124
-37
-107
-18
-103
-23
-97
-49
-73
-81
-26
-103
35
-99
92
-76
128
-49
130
-33
105
-37
66
-57
35
-81
18
-98
19
-99
30
-83
47
-57
64
-25
80
11
96
50
105
87
100
111
78
108
42
67
7
-1
-4
-76
21
-125
74
-133
132
-105
161
-66
150
-50
109
-68
69
-99
62
-111
96
-74
147
13
170
116
138
189
49
197
-62
139
-148
48
-176
-35
-144
-75
-77
-69
-11
-34
27
7
31
35
14
47
-11
43
-37
28
-56
3
-62
-24
-50
-42
-19
-41
21
-19
51
11
59
24
42
4
23
-41
25
-92
67
-110
142
-81
213
-18
250
47
234
79
184
69
132
33
107
5
108
1
116
18
103
25
59
1
4
-49
-36
-105
-40
-134
-20
-125
1
-97
-5
-75
-37
-78
-75
-100
-86
-117
-60
-101
-13
-52
23
5
33
45
18
52
1
39
4
33
26
46
42
66
25
59
-30
4
-99
-96
-141
-201
-129
-264
-71
-262
-10
-206
11
-140
-25
-103
-94
-106
-156
-127
-177
-134
-156
-106
-115
-54
-83
-3
-64
30
-49
49
-17
78
31
129
70
192
65
223
6
187
-80
81
-141
-55
-132
-155
-52
-170
53
-101
112
-6
80
45
-30
11
-152
-90
-213
-197
-175
-231
-59
-167
64
-32
126
103
100
175
14
160
-66
92
-90
32
-46
16
29
49
83
94
77
100
22
44
-41
-57
-64
-155
-25
-204
50
-187
118
-126
136
-70
95
-54
17
-88
-45
-142
-60
-174
-21
-155
36
-85
75
1
66
62
16
71
-42
38
-74
-5
-56
-28
-3
-10
54
35
81
77
70
93
28
77
-20
38
-53
-1
-71
-33
-82
-59
-94
-84
-107
-114
-104
-132
-82
-123
-45
-76
-13
-11
-14
39
-55
40
-111
-17
-143
-100
-110
-161
-9
-157
128
-78
243
43
284
152
242
199
139
167
30
79
-45
-25
-63
-108
-37
-150
8
-159
51
-146
83
-119
105
-81
120
-30
124
26
113
81
86
119
46
139
6
146
-25
148
-47
149
-66
139
-88
115
-109
70
-115
19
-93
-19
-44
-29
21
-6
74
35
100
70
97
83
81
84
67
86
66
103
62
136
37
162
-18
156
-98
104
-167
23
-197
-57
-172
-104
-102
-99
-18
-57
49
-2
88
39
104
61
117
71
140
83
168
99
186
107
182
89
158
36
136
-40
139
-109
175
-141
228
-125
268
-81
267
-38
219
-25
149
-44
91
-74
71
-79
86
-45
119
25
133
98
110
140
55
132
-4
75
-35
-5
-18
-75
42
-117
122
-125
200
-108
254
-80
274
-52
266
-33
234
-29
188
-39
141
-59
110
-71
102
-59
112
-13
122
56
107
115
54
135
-22
96
-86
17
-102
-62
-52
-98
40
-72
128
-10
163
42
132
40
62
-24
6
-112
4
-173
61
-164
137
-89
178
9
151
75
65
75
-37
25
-101
-39
-104
-71
-60
-59
-9
-21
16
11
7
11
-16
-20
-25
-60
-7
-88
30
-98
67
-97
91
-98
105
-105
121
-100
143
-71
163
-20
151
30
98
49
11
14
-79
-59
-132
-132
-127
-166
-82
-145
-34
-90
-20
-42
-50
-33
-100
-67
-129
-113
-107
-136
-44
-109
29
-46
71
18
63
47
18
25
-30
-25
-51
-78
-37
-100
-5
-91
16
-67
6
-54
-30
-64
-70
-84
-93
-96
-90
-82
-76
-42
-74
-3
-96
13
-136
-16
-165
-76
-155
-134
-89
-161
17
-132
124
-64
194
10
201
45
156
23
95
-42
62
-113
73
-146
120
-123
163
-60
165
4
112
28
29
4
-42
-42
-63
-70
-31
-49
20
12
49
77
29
103
-27
67
-77
-3
-81
-63
-27
-69
54
-16
115
63
113
115
55
112
-21
62
-62
11
-44
0
13
47
65
119
67
165
15
144
-55
56
-90
-52
-53
-124
43
-128
151
-69
214
6
199
45
115
26
7
-45
-80
-129
-119
-190
-112
-211
-85
-190
-57
-148
-40
-95
-30
-40
-21
18
-11
79
-10
124
-23
136
-45
105
-57
42
-36
-27
26
-67
125
-54
223
6
284
83
276
137
202
136
93
74
-8
-27
-56
-120
-38
-168
32
-149
118
-74
180
21
196
104
167
148
118
151
74
131
52
103
54
81
66
62
75
40
81
11
86
-21
95
-48
110
-61
124
-64
128
-66
119
-73
101
-86
86
-95
79
-89
79
-65
71
-26
46
13
-1
41
-64
53
-127
56
-181
54
-223
53
-255
48
-272
40
-275
31
-255
29
-212
40
-156
66
-99
93
-54
110
-23
107
4
89
34
67
70
52
104
42
123
34
125
22
115
8
100
7
89
27
72
64
35
98
-27
105
-98
83
-147
47
-153
32
-115
57
-65
115
-43
161
-70
151
-133
72
-178
-46
-165
-146
-84
-173
29
-120
107
-28
103
35
16
28
-105
-46
-189
-136
-200
-187
-146
-173
-74
-109
-28
-41
-23
-3
-40
2
-45
4
-27
23
-3
54
-6
71
-59
31
-137
-74
-197
-209
-188
-315
-105
-337
18
-272
118
-156
153
-47
118
16
52
29
1
19
-2
28
35
64
80
118
110
163
114
181
106
177
104
171
115
178
124
200
112
220
66
217
-1
187
-69
137
-112
93
-124
71
-115
70
-95
80
-77
93
-57
101
-26
118
16
151
57
196
78
236
60
243
4
199
-67
104
-118
-12
-124
-107
-80
-147
-10
-119
44
-52
43
13
-21
28
-125
-23
-212
-122
-237
-212
-175
-249
-48
-205
89
-100
177
8
188
67
135
45
72
-34
50
-121
88
-162
170
-135
244
-61
262
11
209
40
107
11
6
-57
-54
-126
-59
-161
-19
-155
35
-110
83
-45
110
26
112
90
88
133
44
145
-16
117
-67
55
-87
-6
-62
-37
2
-21
69
34
104
88
92
108
52
85
24
43
40
30
98
78
160
174
168
262
94
286
-42
211
-183
59
-257
-104
-228
-211
-116
-222
25
-154
131
-51
170
34
155
74
121
78
105
76
122
87
157
119
189
156
195
177
167
165
121
115
74
37
42
-43
41
-99
61
-113
83
-86
76
-38
20
-11
-81
-30
-198
-100
-280
-187
-285
-232
-211
-195
-100
-79
-15
67
-9
173
-78
187
-170
121
-218
33
-185
-10
-93
24
-6
103
11
163
-56
148
-163
57
-238
-57
-228
-117
-139
-83
-33
27
23
145
-6
203
-95
175
-185
85
-214
-13
-171
-76
-82
-95
6
-93
66
-98
95
-111
116
-120
135
-106
146
-70
128
-31
72
-16
-6
-29
-74
-50
-105
-48
-103
-8
-86
55
-93
102
-133
98
-182
38
-199
-49
-157
-119
-59
-139
62
-114
163
-62
216
-10
221
28
191
58
140
81
66
91
-29
67
-129
8
-206
-71
-223
-128
-167
-119
-64
-40
37
85
87
197
67
244
8
218
-41
153
-44
94
-4
71
41
78
47
74
-3
25
-82
-70
-146
-178
-163
-251
-129
-260
-80
-216
-52
-155
-64
-112
-98
-98
-121
-98
-107
-83
-57
-36
1
28
34
76
32
79
12
41
8
-16
40
-49
100
-36
155
13
165
60
108
65
5
10
-105
-93
-174
-202
-175
-276
-115
-289
-30
-247
49
-173
98
-98
117
-38
116
6
113
40
110
64
103
78
84
69
55
33
29
-20
22
-69
37
-98
65
-98
82
-86
70
-85
31
-110
-11
-156
-30
-190
-8
-182
35
-122
66
-36
49
35
-19
52
-111
16
-178
-45
-189
-80
-148
-67
-92
-15
-67
28
-91
17
-139
-52
-162
-142
-118
-200
-8
-180
119
-95
204
11
208
78
141
75
56
23
-2
-37
-13
-62
4
-51
9
-24
-20
-23
-74
-55
-115
-93
-112
-97
-71
-42
-25
53
-25
138
-92
165
-198
109
-290
1
-313
-104
-255
-155
-144
-141
-35
-85
31
-31
45
-6
27
-11
8
-23
4
-21
4
-4
-11
11
-53
4
-112
-35
-158
-81
-172
-110
-146
-95
-105
-37
-77
38
-91
98
-144
117
-214
93
-269
44
-294
-6
-281
-42
-248
-64
-207
-79
-169
-91
-130
-96
-87
-82
-38
-40
-8
20
-18
67
-79
67
-175
-1
-265
-119
-296
-237
-235
-286
-98
-231
59
-71
161
131
158
286
47
339
-114
284
-245
170
-288
68
-238
30
-141
54
-64
95
-45
95
-72
33
-100
-69
-75
-151
13
-165
134
-104
229
0
254
93
204
138
115
135
30
107
-21
85
-44
82
-52
82
-64
76
-71
57
-62
41
-22
53
34
95
81
151
92
190
62
192
12
156
-34
106
-58
62
-69
35
-89
5
-128
-45
-179
-122
-209
-204
-198
-255
-139
-249
-59
-188
4
-101
25
-24
10
21
-18
40
-32
54
-21
78
-1
107
3
119
-16
95
-46
33
-57
-47
-25
-100
45
-104
124
-59
172
8
162
58
93
57
-6
2
-97
-91
-142
-186
-119
-245
-42
-239
64
-164
160
-44
205
81
182
163
100
180
1
132
-72
54
-94
-10
-64
-33
-13
-19
18
4
12
8
-25
-16
-63
-57
-79
-85
-72
-91
-65
-85
-77
-96
-105
-142
-124
-206
-95
-247
-8
-218
110
-114
197
29
202
140
117
165
-12
100
-115
-6
-139
-83
-83
-89
2
-30
52
47
40
86
-24
66
-89
10
-107
-40
-70
-46
-2
-11
53
40
69
68
53
56
30
18
31
-20
64
-30
106
-16
134
8
129
18
91
-3
41
-48
1
-103
-13
-148
0
-169
37
-158
83
-110
126
-37
148
47
134
117
85
144
14
124
-51
63
-84
-11
-71
-69
-23
-98
38
-98
85
-88
102
-86
92
-101
66
-134
42
-172
29
-206
30
-229
47
-228
74
-200
106
-146
127
-74
129
-4
105
49
64
76
22
85
-5
92
-16
106
-25
124
-50
123
-98
86
-153
18
-189
-64
-185
-122
-148
-141
-102
-129
-78
-117
-81
-126
-92
-146
-79
-146
-30
-96
28
4
52
113
3
169
-109
132
-227
18
-282
-105
-240
-170
-124
-144
1
-59
70
24
63
52
19
30
-4
-2
23
12
81
82
112
165
73
195
-31
136
-138
6
-178
-119
-118
-172
6
-127
119
-28
158
57
114
75
33
36
-23
-8
-23
-10
9
38
18
95
-33
99
-128
26
-211
-92
-221
-188
-142
-202
-18
-126
78
-9
87
74
9
74
-102
2
-177
-91
-177
-138
-112
-111
-37
-24
-4
74
-37
132
-121
129
-211
73
-264
4
-258
-49
-203
-69
-125
-60
-54
-44
-9
-42
16
-71
37
-119
74
-163
136
-173
211
-132
266
-57
260
9
177
18
43
-52
-88
-175
-153
-289
-122
-325
-18
-256
93
-111
137
40
93
125
-16
122
-119
57
-160
-5
-127
-23
-54
11
-1
54
1
66
-41
25
-83
-42
-91
-93
-57
-98
-8
-61
20
-11
10
24
-27
33
-57
33
-61
45
-44
71
-25
98
-13
106
-3
93
22
79
76
91
141
129
182
171
170
171
110
105
42
-7
15
-114
49
-161
122
-134
174
-68
160
-21
74
-37
-38
-112
-115
-199
-119
-247
-67
-229
0
-167
33
-102
18
-74
-18
-86
-45
-113
-38
-128
-1
-121
43
-95
78
-66
104
-31
126
18
144
86
139
159
96
198
15
181
-71
119
-117
59
-95
49
-26
113
33
217
25
293
-60
283
-175
186
-244
59
-215
-15
-99
3
38
95
115
186
100
209
25
142
-37
35
-31
-45
43
-53
131
-4
168
47
127
47
39
-14
-36
-90
-54
-121
-23
-77
8
15
-18
97
-115
117
-243
66
-339
-15
-363
-76
-310
-84
-221
-47
-140
-1
-89
26
-59
28
-30
21
13
19
54
21
76
11
71
-23
55
-77
50
-126
68
-139
101
-111
115
-63
89
-28
25
-29
-47
-64
-91
-102
-86
-112
-44
-85
8
-34
40
14
45
40
34
43
23
30
16
11
13
-16
5
-54
-3
-103
4
-144
34
-154
82
-119
123
-52
128
13
88
43
15
23
-51
-28
-76
-77
-52
-97
1
-83
51
-56
75
-37
76
-38
70
-46
71
-43
78
-23
71
3
40
14
-15
0
-69
-27
-98
-42
-94
-28
-74
19
-65
72
-81
103
-117
93
-149
59
-146
33
-105
36
-47
71
-11
115
-20
133
-71
103
-141
33
-194
-53
-211
-120
-193
-153
-158
-156
-128
-138
-110
-115
-100
-93
-89
-71
-66
-41
-34
1
4
54
37
111
56
162
53
191
26
183
-20
133
-61
46
-75
-48
-45
-114
29
-123
115
-69
175
18
175
93
113
125
15
105
-76
52
-126
2
-125
-21
-94
-17
-52
1
-19
22
17
45
64
91
117
169
158
270
155
363
91
401
-21
367
-135
276
-204
173
-204
102
-148
88
-80
112
-35
139
-31
136
-45
103
-47
62
-17
43
35
58
76
84
75
84
31
35
-24
-59
-50
-163
-19
-222
59
-214
144
-148
185
-69
164
-21
93
-26
16
-69
-25
-112
-15
-118
28
-82
64
-28
66
6
29
-4
-21
-49
-52
-107
-43
-144
-11
-145
18
-123
13
-112
-33
-136
-98
-194
-146
-257
-152
-290
-117
-270
-73
-204
-52
-124
-73
-71
-124
-54
-169
-59
-177
-56
-141
-16
-89
54
-58
123
-72
145
-118
103
-155
20
-141
-54
-64
-68
50
-8
143
98
161
187
86
202
-45
131
-170
1
-224
-121
-187
-179
-83
-145
30
-43
100
79
95
170
31
193
-52
157
-109
92
-109
34
-54
18
33
47
116
111
159
173
146
199
91
171
21
95
-26
1
-26
-74
23
-100
95
-71
157
-11
175
47
148
79
95
76
40
57
3
35
-16
17
-32
-2
-51
-40
-67
-92
-62
-139
-23
-151
45
-110
107
-28
129
57
93
102
13
91
-64
43
-98
1
-74
-1
-16
48
34
117
44
163
12
160
-30
114
-45
62
-16
34
41
46
93
77
105
97
78
86
33
49
-4
8
-16
-17
-13
-18
-10
-8
-17
0
-27
6
-24
25
-4
73
20
144
20
208
-26
227
-104
176
-178
69
-204
-49
-152
-122
-40
-116
90
-43
177
62
190
147
130
182
33
161
-69
100
-137
25
-162
-40
-142
-82
-94
-92
-30
-69
28
-24
64
21
63
39
28
16
-16
-43
-44
-109
-36
-150
-1
-149
28
-117
28
-84
-11
-76
-66
-93
-102
-105
-93
-78
-51
3
-15
108
-21
188
-77
196
-151
131
-187
33
-151
-40
-46
-54
74
-21
146
11
143
-11
78
-105
8
-250
-13
-385
33
-453
125
-437
219
-349
272
-230
264
-112
206
-23
122
35
35
62
-37
62
-80
47
-89
37
-62
47
-17
81
15
118
5
122
-49
61
-117
-59
-151
-197
-107
-281
12
-262
156
-139
253
33
250
175
146
236
-2
210
-124
141
-179
79
-166
49
-126
36
-95
8
-82
-54
-58
-133
-2
-182
95
-181
194
-123
250
-52
238
-13
176
-15
109
-33
78
-18
80
50
78
148
25
214
-91
190
-228
66
-310
-104
-274
-235
-124
-263
82
-186
249
-62
313
31
267
37
163
-40
71
-150
31
-234
42
-263
66
-245
67
-209
29
-185
-32
-182
-81
-182
-99
-170
-83
-132
-49
-74
-13
-10
14
48
30
93
30
112
18
96
-4
42
-20
-41
-13
-130
33
-192
107
-206
184
-171
227
-124
216
-98
159
-117
95
-169
63
-218
84
-225
147
-177
210
-88
232
4
204
59
136
71
57
47
-6
8
-48
-29
-71
-66
-86
-102
-87
-129
-70
-135
-29
-107
25
-43
63
35
69
94
45
103
16
68
21
13
83
-17
197
2
327
71
422
151
456
204
421
201
348
141
271
53
218
-34
190
-95
175
-131
155
-146
122
-155
84
-153
54
-135
35
-92
22
-23
4
55
-37
117
-101
141
-174
119
-233
57
-254
-13
-224
-66
-158
-86
-79
-75
-21
-56
-1
-55
-15
-84
-37
-136
-46
-182
-24
-199
20
-173
62
-115
76
-53
57
-12
20
8
-10
20
-13
49
2
107
16
174
-1
218
-54
214
-119
158
-158
82
-138
33
-64
40
28
