-415
-54
320
-57
-385
23
-383
45
-371
69
-368
90
319
-136
-356
131
311
-171
299
-188
-315
192
276
-222
262
-238
-276
243
235
-268
-247
275
202
-292
185
-306
168
-315
148
-324
-151
331
-134
340
92
-346
71
-353
51
-356
30
-360
-33
361
-8
364
-30
-360
-53
-358
-74
-353
-93
-347
-110
-346
120
337
137
330
158
323
-187
-313
194
300
-221
-289
231
274
243
261
261
246
273
231
286
214
-306
-197
-320
-180
322
161
328
141
337
121
-352
-103
348
80
353
59
354
39
-366
-20
357
-3
357
-24
-363
43
-358
64
-357
86
343
-107
-343
124
-336
144
-326
164
-5
-3
-1
-1
-1
-1
-3
-2
0
-2
-1
-1
-2
-1
-2
-1
-2
0
-96
-350
-343
114
-137
-336
153
323
-176
-318
303
-194
-296
208
-283
225
240
267
252
-259
-240
270
284
220
296
203
307
184
-170
317
-151
328
334
128
107
-346
88
-351
67
-356
-360
-50
25
-361
4
-363
-363
13
34
356
-60
-359
-354
74
-351
97
-342
117
332
-139
-327
156
-177
-318
-306
194
293
-212
279
-228
243
265
258
252
-274
-238
284
220
297
202
-310
-185
317
167
-330
-149
-130
337
-345
-110
-351
-89
-357
-68
-361
-48
-1
0
0
-1
-2
1
-1
-1
-3
-1
0
0
-1
-1
-1
-1
-1
-3
-1
-1
-1
-1
-1
0
-1
0
0
-1
-1
-1
-2
-3
0
0
-1
0
-1
-2
-2
-1
-1
-1
-1
1
-1
-1
-2
-1
-1
-2
-1
-1
-1
-2
-1
-1
-1
-1
-1
-1
-1
-2
-1
-1
-4
-1
-1
-1
-1
0
0
-1
-1
0
-2
-2
-1
-1
-2
-1
-1
0
-1
-2
-3
-1
-1
0
-1
-1
-1
0
-3
-1
-2
-1
-2
0
-2
1
-1
-1
-1
0
-1
0
-4
-1
1
-1
-1
-1
-1
0
-4
1
-2
-1
-1
-3
-4
0
0
-1
-1
-1
-1
-3
-2
-1
-1
-1
0
-2
0
-1
-1
-1
0
-1
-2
-1
-1
0
1
-1
0
-2
-2
0
-1
-1
-2
-2
0
-1
-1
1
-1
-1
-1
-2
-3
-1
-1
-1
-1
-3
-1
-1
-1
-1
-4
-1
-1
-2
-2
-3
-3
-1
-2
-2
-2
-1
-3
-1
-3
-1
-3
-1
-1
-2
-3
-1
-3
0
-2
-1
-4
1
-1
-3
-3
0
-2
-1
-2
-2
-1
0
-2
-1
-1
1
-1
1
-2
0
-1
0
-4
-1
-1
-1
0
-1
-1
0
-1
-1
-1
3
-1
0
-1
-1
-1
1
-2
0
-1
-1
0
-1
-1
1
-2
1
-1
0
-1
0
-1
1
-1
1
-1
1
0
0
0
0
-2
1
-1
1
0
0
-1
0
0
-1
-1
1
-1
-1
-1
-1
-1
1
-1
-1
-1
1
-2
-1
-1
0
-1
0
-1
-2
-4
-2
-1
0
-2
-1
-1
-2
-2
-3
-1
0
-1
-1
-1
-1
-1
-1
0
-1
-1
0
-3
0
-1
1
-1
-1
-1
-3
-1
-1
-2
-1
-1
-2
-2
-1
-1
-1
-1
-1
-2
0
-1
-1
-1
-1
-1
-4
-4
-1
-1
-1
-1
-1
-1
-1
-1
-1
-1
1
-3
-1
-2
-1
-2
-1
-1
-1
-3
-1
-3
0
-3
-2
-3
0
-2
-1
-2
-3
-2
0
-1
-2
-2
-1
-1
-1
-1
-1
-2
-1
-4
1
-3
-1
-1
-1
-1
-3
-2
0
-1
-2
-1
0
-1
-1
-3
-1
-2
-1
-5
-1
-1
-1
-2
-1
-1
-1
-1
-1
-1
-1
-2
-1
-1
-1
-1
-1
-1
-1
-2
-2
-2
0
-1
0
-1
-1
-1
1
-1
0
-1
0
0
0
-3
0
-2
0
-1
-1
-1
1
-1
0
-1
0
-2
1
-2
1
-1
1
-1
-1
-2
-1
-1
0
-1
-1
0
1
0
-1
-1
0
-2
-1
-2
-1
0
-1
-1
0
-1
-1
-2
1
-1
2
0
0
-1
-1
-1
0
-1
-1
1
0
0
0
-2
1
-1
1
-1
1
1
-1
0
0
-1
1
-1
-1
-1
0
-1
-1
-1
-1
-1
-2
-1
1
-1
-1
-1
-1
-1
-1
-1
1
-1
-1
0
-1
-1
-1
-2
0
-1
-1
-1
1
0
-1
-1
0
-2
2
-1
-1
0
-1
-1
-1
0
0
-1
1
-1
-1
-1
0
-1
-1
-2
-1
1
-2
-3
-1
0
0
-2
0
-1
-1
-1
0
-1
0
-3
0
-1
-1
-1
-1
-1
0
-1
0
-1
0
-1
-1
-1
-2
-1
-1
-2
-1
-1
0
-1
2
0
1
-2
-1
-1
0
-2
0
-1
0
-1
-1
-2
1
-1
-3
-1
-1
-2
0
-2
0
-1
0
0
-2
-2
-2
-1
-1
-4
-1
0
0
-1
-1
-1
0
-1
-1
-2
0
1
-1
-1
0
-1
-1
0
-1
-1
-3
-1
-1
-1
-1
-1
-1
-1
-2
0
-1
-1
0
-2
0
-2
-1
0
0
0
-1
-1
-1
-1
-1
-3
0
-1
-1
-1
-2
0
0
-1
-1
-1
1
-1
-1
-2
0
0
0
-1
0
-1
-1
0
0
0
-1
-1
-1
-3
0
0
0
-1
-1
0
-1
-1
-2
0
-2
-1
-1
-1
-1
-1
0
-1
-1
0
3
0
0
1
-1
-1
-1
1
-1
0
-1
-3
0
-1
0
-3
-1
-1
0
-1
-2
1
-1
-1
-1
-1
-1
-3
-1
-1
-1
-1
-1
-2
-1
-1
-1
-1
-1
-1
0
-1
-1
0
-1
-3
-1
-1
0
-1
0
-1
0
-1
0
-1
-1
0
-1
0
1
-3
-1
-1
-1
1
-1
-2
-1
-1
1
-1
1
1
-1
0
-1
-1
1
-1
-1
-1
-1
-2
-1
0
0
0
0
0
-1
-1
-2
-1
0
-1
-1
-1
-1
-1
-1
1
0
-1
0
-1
-1
-1
0
-2
-1
-1
-2
-1
1
-1
0
-2
-1
-1
-1
-1
0
-1
1
-1
0
-1
-1
0
0
-1
0
-1
0
0
0
-3
-1
0
-1
-2
-1
-2
0
-1
-1
-2
-1
-1
0
-1
0
-1
0
1
0
-2
-1
-1
-1
-1
1
-1
-1
-1
-1
-2
1
-2
-1
0
-1
0
-1
-1
-1
0
-1
-1
-3
-2
-1
-1
0
1
-2
-1
1
0
-1
-1
-1
-1
-1
-1
0
-1
-1
-1
0
-2
1
-2
0
0
0
-1
1
-1
0
-1
-1
-1
0
0
0
-1
-1
0
-1
-1
1
1
-1
-1
-1
-1
-1
-1
-1
-3
-1
-3
-1
-1
-1
-1
-1
-1
1
0
-1
-1
-1
-1
-1
-1
-1
-1
0
-1
0
-2
0
-1
0
-1
1
-1
-1
-1
-1
-1
1
-1
-1
-2
-1
-1
0
0
-1
1
1
-1
0
-1
-1
-1
2
-1
-1
-1
-1
-1
0
-2
0
-2
-1
1
-1
-2
-1
0
0
-1
0
-1
-1
-2
1
-2
-1
-2
1
-1
-1
-1
-1
0
-1
-1
-1
-1
-1
0
0
-1
0
-2
-1
0
0
-1
1
-2
0
-1
-1
-1
0
-1
0
1
-1
-1
-1
-1
0
0
0
-1
0
-2
-1
0
0
-1
-1
0
1
0
0
0
0
-1
-1
-1
1
-1
1
-1
0
-1
-1
-1
0
0
0
-1
-1
0
1
-1
-1
-1
-1
-2
-1
-1
-1
-1
-1
0
-1
0
-1
-1
-1
-1
0
-1
0
-1
-1
-2
-1
-2
0
-3
-1
0
-1
-1
0
0
-1
-1
-1
0
1
-1
-1
-1
0
-1
-1
-1
1
-1
0
-1
0
-1
1
-2
0
-1
1
-1
0
-1
-1
0
-1
-1
0
-2
-1
-1
-1
-1
0
-1
-1
0
0
0
0
0
-2
1
0
2
-1
-1
-1
-1
-1
1
1
0
-1
0
0
-2
1
-1
0
-1
0
-1
-1
-1
1
-1
-1
0
1
-1
0
1
-1
0
-1
-1
-1
-1
1
0
-1
0
-1
0
-1
0
-1
1
-1
-1
0
-1
-2
-2
1
-1
0
-1
-1
1
-1
-1
1
-1
-1
-2
-1
1
-1
0
-1
-1
-1
-1
0
1
-1
-1
-1
-1
-1
-1
0
-2
1
1
-1
-2
1
-1
-1
-1
0
-1
1
0
-1
-1
-1
-1
-2
-1
-1
-1
-1
0
1
0
-1
0
1
1
-1
-1
0
-2
1
-1
-1
0
1
-1
0
-1
-1
-1
-1
1
1
-1
-1
0
0
-1
0
-1
1
1
-1
-1
1
-1
-1
-2
0
-2
-1
-1
0
0
1
0
0
0
1
1
-1
-1
1
0
0
-1
0
-1
0
-1
-2
0
0
0
0
-1
1
-1
-1
-1
1
0
1
0
0
-1
-1
-1
0
1
-1
0
1
0
1
-1
0
-1
-1
0
-1
0
-1
-1
1
-1
-1
-1
-1
-2
0
-1
0
0
-1
0
0
-1
-1
-2
-1
-1
1
1
-1
-1
-1
0
-1
-2
-1
1
1
-1
-1
0
-1
-1
0
-1
-1
-1
-1
0
1
0
-1
-1
-1
0
-1
-1
-2
2
0
-1
-1
-1
1
-1
-1
-1
-1
1
0
-2
1
0
0
1
-1
-1
0
-1
-2
0
-1
-1
0
0
1
1
-1
1
-1
1
-1
0
0
-1
-1
-1
-1
-1
-1
0
-1
-1
-1
-2
0
-1
-1
-1
-1
-1
0
-1
0
-1
1
-1
0
-1
1
-1
-1
-1
1
1
2
-1
1
0
1
0
-1
1
1
-1
-1
0
0
-2
-1
-1
2
-1
0
-1
0
0
-1
0
1
0
-2
-1
0
-1
-1
-1
0
-2
-1
-1
-1
-1
1
0
-1
-1
-1
0
0
-1
0
-2
0
0
-1
-1
-1
-2
0
0
1
-1
0
-1
1
-2
0
-1
1
-1
-1
-1
-1
-1
-1
0
-1
-1
-1
-2
0
-1
-1
-1
-1
-1
-1
-1
0
0
-1
0
-1
1
-1
0
-1
0
-1
-1
0
1
0
0
1
-1
0
1
-1
0
1
0
-1
0
-2
0
1
0
1
1
-2
0
-1
0
0
0
-1
-2
-1
1
1
-1
1
-1
1
-2
-1
-1
0
-1
-1
-1
0
-1
1
-2
0
-1
1
1
0
-1
-1
-1
-1
-1
1
0
-1
0
-1
-1
-1
-1
-1
-1
-1
1
1
0
-1
0
-1
-1
-1
-1
-1
-1
1
-1
-1
-1
1
-1
-2
-1
0
1
-1
1
0
1
-1
1
-1
-1
0
0
0
0
-1
1
1
0
0
0
1
-1
-1
-1
-1
1
0
1
-1
0
0
-2
1
3
-1
-1
-2
0
0
-1
1
-1
-1
-1
1
-3
-1
-1
-1
-1
0
0
-1
-1
0
-1
0
0
1
1
0
-1
-1
1
0
-1
-1
-1
-1
0
0
-1
1
0
1
0
1
-1
0
0
-1
1
-1
-1
-2
-1
0
-1
0
0
1
-1
-1
-1
0
0
1
2
-2
0
-1
0
2
0
-1
-2
0
1
2
0
-1
0
0
1
0
1
0
1
-1
0
-1
-1
0
0
-1
-1
-2
-1
0
-1
-3
1
-1
-2
1
-1
-1
1
1
-1
0
-1
-1
-1
-1
0
-1
-1
-1
0
1
-1
-1
1
-1
1
0
0
0
-1
0
1
0
1
-1
0
-1
1
-1
-1
0
1
-3
1
1
1
-1
-1
0
-1
0
0
-1
0
0
0
-1
-1
0
1
-1
-1
-1
-1
0
-1
-1
-1
-1
-1
-3
-1
-2
0
0
-1
0
1
0
-1
-2
-1
0
1
-1
0
-1
-1
-1
-1
-1
-1
0
-1
0
-1
-2
-1
0
0
-2
2
-1
0
-1
0
-2
0
1
-2
-1
0
-1
1
-1
0
-1
0
-1
0
0
0
-1
-1
-1
0
-1
2
-1
1
0
-1
1
-1
-1
0
-1
0
-1
1
1
1
-1
0
0
-1
0
0
0
-1
-2
1
-1
-1
-1
-1
-1
0
-1
0
-1
1
-1
-1
0
0
0
-1
-1
1
-1
-3
-1
-1
0
1
-1
1
-1
1
-1
-1
-1
-1
0
-1
-1
-1
-1
-1
-1
0
1
-1
0
0
1
-1
1
-1
-1
-1
0
-1
-1
0
1
1
-1
0
-1
0
0
0
-2
0
0
0
0
1
-1
-1
0
-1
-1
0
0
-1
-2
1
0
-2
1
0
-1
1
1
-1
0
-1
-2
1
-2
0
-1
-1
0
-1
-1
-1
0
0
-1
-1
1
-1
0
0
-1
-1
0
-1
1
-1
-1
0
0
-1
-1
0
0
-1
0
0
0
0
0
-1
-1
-1
0
1
1
-1
0
1
0
-1
-1
1
0
1
0
1
-1
-1
-1
-1
0
0
-1
-1
0
-1
-1
0
-2
-1
-1
-1
0
0
-1
-1
0
0
-1
1
-1
-1
-1
-1
0
-1
1
-1
-2
-1
-1
-1
0
0
0
0
-1
0
0
1
0
0
-1
0
-1
0
-1
0
-1
0
0
1
1
-1
1
0
1
1
-1
0
-1
0
-1
-1
0
-1
-2
0
-1
-1
-1
-1
0
-1
-1
0
0
0
-1
0
-1
-1
0
0
-1
-1
0
0
-2
-1
-1
0
0
-1
0
0
-1
-1
-1
-2
0
-1
1
-1
0
0
1
-1
-1
-1
0
1
1
-1
-1
0
-2
1
-1
1
-1
0
-1
-1
-1
-1
0
1
0
-2
0
-1
0
-1
1
1
0
0
0
-1
1
-1
-2
0
-1
0
0
1
-2
0
0
-1
0
1
1
0
1
0
-2
0
1
1
0
0
-1
-1
-1
-1
-1
1
1
-1
0
-1
-1
-1
-2
0
1
0
-1
-1
1
-1
0
-1
0
-1
0
0
-1
-1
-1
-1
-3
0
-1
-1
-1
-1
-1
0
-1
0
-1
0
0
1
1
-1
-1
0
0
-1
1
0
-1
0
-2
-1
-1
-1
-1
1
0
-1
0
1
-1
0
1
0
-1
1
-1
0
-1
-1
-1
0
-1
-1
0
0
-2
0
-1
-1
-1
-1
0
0
-1
-2
1
-1
-1
0
0
-1
1
1
1
1
-1
-1
-1
-1
-2
-1
-1
0
-1
-1
-1
-1
-1
1
-3
1
-1
0
-1
0
-2
-1
-2
1
-1
-1
-1
-1
-1
1
-2
0
-1
0
-3
-1
1
-1
-2
1
-1
1
-1
-1
-1
0
-1
0
-1
0
-2
1
0
1
-1
-1
-1
1
1
1
-1
0
-4
1
-1
0
-1
1
-1
0
-1
-1
0
1
-1
1
-1
-1
-1
0
-2
0
-1
-1
0
-1
1
-1
-1
-1
-1
-1
-1
0
-1
1
1
-1
-1
0
0
0
0
0
-2
-1
-1
-1
0
1
-2
1
-2
1
-1
1
1
1
1
0
-2
-1
0
-1
1
-1
0
-1
-1
0
0
1
-2
1
1
1
-1
0
-1
1
-2
1
-1
-1
-1
0
-1
1
-1
1
-1
1
-1
0
-1
-1
1
-1
-2
0
0
1
-1
0
0
0
-1
-1
0
-1
0
-1
1
-1
-2
0
-1
0
0
-1
-1
-1
1
-1
-2
-1
0
-1
-1
-1
0
1
-2
0
0
-1
0
-1
0
-1
0
0
-1
-1
0
-1
1
-1
-1
0
-1
-1
-1
-1
-1
-1
-1
1
-1
0
-1
1
-1
0
-1
-1
0
1
-1
-1
-1
0
0
-1
-1
-1
-1
0
-1
-1
1
0
-1
-1
-1
-1
-1
0
0
0
-2
-1
-1
-1
-1
-1
0
-1
-1
-1
-1
1
-2
-1
0
-1
-1
-1
0
-1
-1
-1
-1
-1
-1
0
-1
-1
0
-1
-1
-1
-2
1
-2
1
-1
0
-2
-1
0
-1
-1
0
0
0
-1
-1
-1
0
-1
0
-2
-1
0
1
-1
0
0
-1
-1
-1
-1
0
0
-1
-1
1
-2
-1
-1
3
-1
-1
-1
-1
-1
-1
-1
1
-1
-1
1
0
0
0
0
1
-3
0
0
-1
-1
1
-1
1
-1
0
-3
0
0
0
-1
-1
-2
-1
-1
1
-1
0
0
1
-1
0
0
-1
-1
1
0
-1
-1
0
-1
-1
-2
-1
-2
1
-1
-1
-2
0
-1
-1
-1
1
-2
0
0
-1
-1
-1
0
0
-1
0
-2
-1
-2
-1
-1
0
-1
-1
-2
-1
-2
-1
-2
-3
0
-1
-1
-2
-1
-2
0
1
-1
-1
-2
-1
-2
-1
-1
1
-3
-1
-1
0
-1
-1
-1
-1
-1
-1
0
0
0
1
-1
-1
-1
-2
-1
0
-2
1
-1
0
-1
-1
-1
-2
-2
-1
-1
0
-1
-1
0
0
-2
0
-1
1
-1
-1
-1
-2
-1
-1
-1
0
-1
-1
-3
0
-1
-1
-1
0
-1
-1
-1
-1
-1
0
-1
0
-1
0
0
-1
-1
-1
-2
1
0
-1
-1
-2
-1
-1
0
1
0
-1
-1
0
-1
1
-1
-1
-1
0
-3
-1
-1
-1
-1
-1
-1
-1
-1
-1
-1
-2
-1
-1
-1
0
-2
0
-1
-1
-1
-1
0
0
-2
1
-2
1
0
1
-2
-1
-1
-1
-1
-1
-3
0
-1
-1
-2
-1
-1
-1
-2
1
-1
0
-3
0
-2
-1
-3
0
-1
1
-3
1
-1
1
-1
-1
-2
1
-1
1
-1
0
-1
1
-2
0
0
0
-2
0
-1
-1
-1
0
-1
-1
-1
-1
-1
0
-1
-1
-3
-1
-2
-1
-1
0
1
0
0
-1
-1
0
-2
-1
-2
1
1
-1
-1
-1
-2
1
-1
0
-1
-1
-1
-3
-1
-1
-2
-1
-1
-1
0
-2
-1
0
-1
-1
-1
0
-1
-1
-1
0
-1
0
-1
-1
-2
1
-1
0
-1
0
-1
-1
0
-1
0
1
-1
1
0
0
-1
-1
-1
-2
-1
1
-1
-1
-1
0
0
1
-2
0
-3
-1
-1
-1
-1
-1
-1
-1
0
0
1
0
-1
-1
-3
0
0
-1
-1
-1
-1
-1
-3
0
-1
0
1
-1
0
-1
-1
-1
-1
-2
-1
-1
-1
0
-3
-1
-1
-1
0
0
-1
0
0
-1
-1
-1
-4
1
-1
1
-2
-1
-1
0
1
1
0
0
-1
-1
-1
0
-1
-1
-1
0
0
-2
-3
-1
-1
-1
-1
0
0
-1
-1
-1
-3
-1
0
0
-2
-1
-3
0
-1
0
0
-3
-3
-1
0
-1
-1
0
-2
-1
-1
-1
-1
0
-1
1
-1
-1
-3
-1
-1
-1
-1
-1
0
-1
-2
0
-3
0
-2
-1
-1
-1
0
-1
-1
0
-1
0
-1
-2
-1
-1
-1
-1
-1
0
-1
1
-1
-1
-1
0
-1
-4
-1
-1
-1
0
-1
0
-2
0
0
-1
-1
0
-2
0
-3
0
-1
-1
-2
-1
-1
0
0
0
0
-1
-3
-44
357
23
-362
360
1
18
361
38
358
-60
-356
-84
-354
-348
100
-339
119
-334
139
-161
-325
-182
-315
-303
195
214
290
228
278
264
-248
-250
260
275
232
288
216
-302
-201
310
180
322
161
-145
330
338
126
-344
-104
351
85
-65
355
41
-360
359
22
-3
361
-22
-361
-41
-361
61
356
-82
-352
101
345
339
-123
141
332
-324
161
-313
180
301
-198
288
-216
232
276
-247
-264
-249
262
-233
274
-216
289
-302
-201
180
-313
-322
-164
-332
-144
339
124
104
-345
-350
-84
-357
-64
-42
358
-21
360
358
0
21
359
-43
-359
63
354
84
349
-346
103
-123
-339
332
-146
-162
-322
182
312
-197
-302
293
-218
-274
230
-260
247
-245
263
233
-279
-290
-214
-301
-200
-177
313
163
-326
142
-334
-122
338
345
100
83
-354
355
59
42
-361
-22
358
-1
357
22
357
-357
41
-354
61
-350
81
105
344
-125
-342
144
328
-322
161
-181
-314
-302
199
-288
213
233
274
260
-253
245
-265
230
-278
290
212
301
194
-313
-182
-160
322
-333
-145
119
-340
-347
-104
-351
-83
59
-358
-42
355
358
16
-363
0
22
358
44
356
355
-66
84
348
107
342
-339
125
146
330
163
318
185
308
298
-200
216
286
-278
233
259
-249
263
244
-231
278
-214
291
-199
303
-180
313
158
-323
-141
332
119
-340
345
100
-79
351
-62
356
357
38
18
-360
360
-4
-361
25
358
-45
352
-66
-87
-351
-107
-345
337
-127
330
-147
319
-166
-311
182
-202
-301
-288
218
-235
-274
-251
-260
244
-265
-228
277
-293
-214
303
194
-314
-177
158
-324
332
139
119
-341
-347
-100
-351
-80
357
57
359
35
360
18
-359
3
24
359
47
357
-355
64
350
-89
108
343
-336
126
330
-149
-166
-321
-185
-310
-202
-300
-220
-288
274
-238
260
-252
-244
266
228
-282
293
210
-194
303
315
174
-325
-158
-137
330
-119
338
-347
-101
-76
350
-355
-60
-37
356
16
-362
-6
-363
-360
24
-358
45
-355
66
89
349
-110
-346
-337
127
-328
145
-321
166
-310
182
-204
-301
220
284
-274
233
-258
250
-267
-247
280
224
293
209
-306
-194
-177
314
155
-327
333
136
340
116
-350
-100
-77
349
355
52
-360
-37
-16
358
5
359
-362
27
-360
47
67
352
-351
88
-346
109
-337
128
-331
148
-171
-319
-311
185
202
295
-223
-286
236
269
250
257
-270
-244
-228
281
-211
293
305
192
315
173
324
156
-338
-137
112
-342
-1
-3
1
-2
-1
-1
-1
0
0
0
-3
-1
1
-1
-1
-4
298
199
310
182
320
165
330
146
337
126
345
108
350
86
354
64
358
44
361
25
-361
-3
361
-18
359
-40
356
-62
352
-82
347
-101
-339
119
330
-142
325
-161
315
-180
-303
197
291
-215
-277
231
265
-248
-249
260
235
-275
217
-289
-199
301
-181
312
165
-324
144
-332
126
-343
-105
343
-82
349
-61
354
43
-361
-19
357
2
-365
19
358
-39
-361
-62
-361
-83
-354
-102
-351
-123
-343
-141
-334
-161
-327
180
308
199
299
-216
-293
-233
-281
-248
-267
262
243
-278
-236
288
214
298
194
310
176
320
159
331
138
338
121
343
100
349
81
-358
-66
357
39
-363
-23
