-413
-54
319
-57
-385
23
-383
45
-372
69
-368
89
318
-137
-356
130
312
-170
300
-188
-316
192
278
-222
263
-239
-276
244
233
-269
-247
273
202
-293
186
-303
167
-315
148
-325
-153
330
-133
342
91
-347
73
-353
51
-356
31
-358
-30
361
-8
363
-30
-361
-53
-357
-74
-353
-93
-349
-110
-347
120
337
138
330
158
320
-187
-313
195
301
-221
-290
229
275
242
262
259
248
274
230
288
213
-305
-198
-319
-181
320
161
329
140
336
120
-351
-104
349
79
353
59
355
38
-365
-21
357
-3
357
-24
-363
44
-361
64
-356
84
341
-107
-344
123
-335
143
-326
162
-5
-2
-2
-1
-1
-1
-3
-1
-1
-1
-4
-4
0
-2
-1
-1
-2
-3
-97
-350
341
-117
334
-137
153
323
-175
-317
192
304
292
-212
-284
225
240
266
251
-260
235
-276
-223
285
296
202
309
182
-170
317
329
148
334
129
342
109
347
89
-71
354
-360
-49
-30
358
5
-362
-363
13
31
357
-359
56
75
353
-98
-348
-342
117
334
-136
-327
156
315
-176
-305
192
-214
-296
-229
-281
266
-243
257
252
-238
272
286
218
204
-300
-311
-185
-323
-168
147
-328
335
130
-346
-110
-352
-88
352
68
46
-358
-1
0
-1
-1
-1
-1
0
-1
-2
-1
0
0
-1
1
-3
-2
-1
-2
-1
-1
-1
1
-1
-1
-1
-1
0
0
-2
-1
-1
-2
-1
-1
-1
-2
-1
-1
-1
-1
-2
-1
-2
-1
-1
-1
-2
-1
-1
-1
-1
0
-2
0
-2
0
-3
-1
-1
-2
0
-1
0
1
-2
-1
-3
0
-1
1
-2
0
-1
0
-2
-1
-1
-1
-1
0
-1
0
-1
1
-1
-1
-1
-1
-1
-1
-2
-1
-1
1
-1
1
-4
0
0
1
-2
-1
0
1
-1
-1
-1
0
0
-1
-1
1
-1
-1
-1
0
-2
-1
0
0
-2
1
-1
-1
-2
-1
-2
1
0
-3
-1
-1
-1
-1
-1
0
-1
-1
-2
-1
-1
0
-2
0
-1
0
-2
-1
-1
-1
-1
-1
-2
-1
-2
-2
-3
-1
-1
-1
-1
-1
-3
-1
-2
-1
-3
-1
-1
-1
-2
-3
0
0
-1
0
-1
-3
-1
-1
-2
-1
-1
-1
-4
-1
-2
-1
-3
-1
-1
-1
-1
-1
-1
-1
-3
-1
-2
-1
-1
-1
-4
0
-3
0
-4
-1
-3
0
-3
-1
-3
0
-2
-1
-2
1
-1
1
-2
-1
-4
0
-1
0
-3
0
-1
0
-1
0
-1
-1
-2
1
-1
0
-1
0
-1
-1
-1
0
-1
-1
-1
-1
-1
-1
-1
0
-1
-1
0
-1
-2
-1
0
-1
-1
0
-1
0
0
-1
-1
0
-1
-1
0
0
-1
1
-1
-1
0
-1
-1
1
-1
1
0
0
0
-1
-1
-2
-1
0
-2
0
-4
-1
-1
-1
-3
0
-1
-1
-1
-3
-1
-4
-1
-2
-1
-1
-1
-1
-1
-2
-1
-1
-1
0
-3
0
0
0
-2
-1
-1
-2
-1
-1
-1
-2
-1
-1
-3
-2
-1
-1
-1
-1
-1
-1
-1
-1
-1
-1
-1
-1
-1
-1
-2
-1
-2
-1
-1
-1
-1
0
-3
-1
-2
-1
-1
-1
-1
-1
-1
-1
-2
0
-1
-1
-1
0
-4
-2
-2
-1
-1
-1
-3
-1
-3
-1
-1
-2
-1
-1
-4
-1
-2
-3
-4
-1
-3
-1
-3
-1
-1
0
-1
-1
-2
-1
-2
0
-3
0
-2
-1
-1
-1
-1
1
-3
-1
-3
-1
-1
-1
-1
-2
-1
-1
-1
-1
-2
-1
-2
-1
-3
1
-2
-1
-2
1
-2
-1
-2
-1
-1
0
-3
-1
0
0
-3
-1
-1
0
-2
-1
-2
0
-1
0
-1
-1
-1
-1
-2
0
-1
-1
1
-1
-1
1
0
0
-1
0
0
0
-1
2
1
-1
-1
-2
-1
0
-2
0
-1
-1
1
0
0
0
-1
-1
-1
-1
-1
0
-1
0
-1
0
1
-1
-1
-1
-1
-1
1
1
-1
-1
-1
0
0
1
-2
-1
-1
0
0
0
-1
0
-1
-1
-1
0
1
-1
-1
-2
-2
-1
-2
-2
-1
-1
0
1
-1
0
-3
-1
-3
-1
-2
-1
-2
-1
-2
-1
-1
1
0
-1
-1
0
-1
-1
-1
-1
-1
-4
0
-1
-2
-1
-3
0
0
0
-2
-1
0
-1
-1
1
-1
-1
-2
0
-2
-1
-2
-1
1
-1
-1
-2
0
-1
-1
-1
0
-1
-1
0
-1
0
-1
-1
-1
-1
-1
-1
-1
0
0
-1
-2
1
0
-1
-1
-1
-2
0
-1
0
1
-1
-1
-1
-3
-1
-1
0
-2
-1
-2
0
-1
-1
-3
-1
-1
-1
-1
-1
-1
1
-2
-1
-1
-1
-3
-1
-1
-1
-3
0
-3
1
0
0
-1
-1
-1
-1
-2
-1
-1
-3
-1
0
0
-1
-1
-1
1
-1
-1
1
-3
0
-1
-1
-1
-1
-2
0
-2
0
1
-1
-1
-1
-2
1
-1
0
-1
-1
0
-1
-1
-1
-1
-1
-1
-1
-1
0
-1
0
0
-1
-1
-2
-1
-1
0
1
-4
0
0
-2
0
-1
0
-1
-1
-2
-2
1
-1
-2
-1
-1
-1
-1
-1
-1
0
0
-1
1
-1
0
-2
-1
0
-1
-1
-1
-1
0
-1
-1
-1
-1
-1
-1
-1
-1
-1
0
-1
-1
-2
-1
0
-1
-1
-1
-2
-1
-1
-1
-1
-1
-1
-1
-1
-1
-1
-1
-1
-2
-1
-1
-1
-1
-1
0
0
-1
-1
-2
-1
0
-1
1
-1
0
-1
0
-1
-1
-1
0
0
0
-1
1
-1
-1
-1
-1
-2
-1
0
1
0
0
-1
-1
-1
0
-1
1
0
-1
-1
1
-1
0
-1
-1
-2
0
-2
-1
-1
-1
0
1
1
0
-1
0
-1
-1
-1
0
-2
0
-1
-1
-1
-1
-1
-1
-1
-1
-1
0
-1
-1
-2
-1
-1
-1
-1
-1
0
0
-1
-2
-1
-1
0
1
-2
-1
-2
0
-1
-1
-1
0
-1
0
-3
0
-1
-1
-1
0
-1
-2
-1
0
-1
1
-1
-1
-1
0
-1
-1
0
-1
-1
-1
-2
-1
-1
-1
-1
0
-1
-1
-1
0
-1
0
-2
-1
-1
1
-2
-1
-1
0
0
0
-1
-1
1
0
-1
-1
-2
-1
-1
-1
-1
0
0
-1
0
0
-1
1
-1
1
-1
1
1
-1
-2
0
-3
-1
-1
1
-1
0
-1
0
-1
-1
-3
0
-1
1
-1
-2
-1
0
0
0
0
0
0
-1
0
0
-1
-1
-2
-1
-1
0
-2
-1
-1
0
-2
0
-2
1
-1
1
-2
1
-1
1
-2
-1
-1
0
-1
0
-1
0
-1
0
-1
-1
-3
1
-1
1
-1
-1
-1
-1
-1
1
0
0
-1
-1
-2
-1
-1
-1
-2
-1
-1
0
0
0
-1
-1
-1
-1
-1
-1
-1
1
-1
2
0
0
1
-1
-1
1
-1
1
0
0
0
0
-1
0
0
0
0
1
-1
-1
-1
0
-1
-1
0
-1
-1
0
0
-1
-1
-1
-1
0
-3
-1
0
0
0
0
-1
-1
-1
-1
-1
-1
0
-1
-1
-1
-1
0
-1
1
-1
-1
0
-1
-2
1
-1
0
-2
0
-2
1
-1
1
-1
1
-1
-1
-1
1
-1
1
-1
-1
-1
0
-1
-1
-1
-1
0
0
1
0
-3
-1
-1
1
-1
-1
0
0
1
-1
-1
0
-1
0
0
0
-3
-1
-1
-1
-2
-1
-1
0
-1
-1
-1
0
0
-1
-1
0
-2
0
-1
1
-1
1
0
-1
-1
-1
0
-1
-1
1
-1
-1
-1
0
0
-1
0
0
-1
-1
-1
0
-1
1
1
-1
-1
0
0
0
0
1
-1
-1
-1
0
-2
1
-1
-1
-1
-1
1
-1
1
-1
-1
0
-1
1
0
-1
1
-1
-1
-1
-1
-1
-1
-1
-1
-1
1
-1
-1
0
-1
-1
-1
-1
-2
-1
-2
-1
-1
-1
-1
0
-1
1
0
-2
0
-1
-1
-1
-1
-1
-1
-1
-2
0
-1
0
-1
1
-1
-1
-1
0
-1
0
-1
0
-1
-1
-2
0
-2
-1
-1
-1
-1
-2
0
-2
-1
1
-1
-1
-1
-1
-1
1
-1
0
-2
0
0
1
-1
0
-1
-1
0
0
-1
-1
-2
1
-1
1
0
1
-2
-1
0
-2
-1
1
0
0
0
0
-1
-1
-1
-1
-1
-1
-1
1
-1
-1
-1
0
-1
0
0
-1
-1
-1
-1
-1
-1
0
-1
1
-1
-2
1
0
-1
1
-1
-1
-1
1
0
1
1
-1
-1
1
-1
1
-1
-1
-1
0
-2
1
-2
-1
-1
0
-1
2
-1
0
-1
0
-1
-1
0
0
0
-1
-1
1
1
1
-1
-1
-1
0
-2
0
0
0
-1
-1
-2
0
2
-1
-1
1
-1
1
-1
-1
0
1
0
-1
0
-1
0
-1
0
-1
-1
0
0
1
0
1
-1
-1
1
-1
-1
1
0
0
-1
-1
0
-1
0
1
-1
-1
-1
1
-2
0
0
-1
-1
0
-1
-2
0
-1
-2
1
0
-1
-1
-1
0
-1
-1
1
-1
-1
0
1
0
-1
1
0
-1
0
-1
-1
-2
0
-1
0
-2
0
-1
0
-1
0
-1
-1
-2
0
-1
0
-1
2
0
0
1
0
-1
0
0
1
1
0
0
-2
-1
-2
-1
0
-1
-1
1
-1
1
-1
-2
0
-1
-1
-1
1
-1
0
0
0
2
1
-4
1
-1
0
0
0
-1
1
-2
-2
-1
0
1
1
0
1
-1
1
0
0
1
0
-1
-1
0
0
-1
-1
-1
1
-1
0
-1
-1
-1
0
-3
-1
0
0
-1
1
-1
-1
-3
-1
-1
0
0
-1
0
-1
0
0
-1
-1
1
0
-1
-1
0
0
-2
-1
1
0
-1
1
-1
-1
-1
-1
-1
-1
1
-1
0
-2
-1
-3
-1
-1
1
-3
-1
-1
-1
-1
-1
-1
-1
-1
0
-1
-1
0
-1
-1
0
-1
0
-1
0
0
0
0
0
-1
-1
0
-1
-1
-3
-1
-1
-1
-1
1
-2
0
1
-1
-1
0
0
-1
-1
-1
-1
0
-1
-1
0
-1
-1
-1
-1
0
0
0
-1
0
-1
0
-1
-1
1
-3
0
-1
-1
0
-1
0
-1
0
0
0
-1
0
-1
0
0
-1
-1
0
1
-2
0
0
0
0
0
0
0
-1
-1
1
0
-1
-1
0
1
1
0
-1
0
-1
0
0
-1
0
0
0
-1
0
-1
1
0
-1
1
0
-1
-1
0
-1
-1
-2
1
-1
-2
0
1
-1
-3
-1
0
0
-1
-1
1
0
1
1
1
1
1
-1
-1
1
-1
-1
0
-1
0
-1
1
0
-1
-1
-1
1
-1
-3
-1
1
-1
-1
0
-1
-1
0
-1
1
0
-1
0
1
0
1
0
-1
0
0
1
0
0
-1
-1
-1
-1
0
1
0
0
-1
1
0
0
-1
1
-1
-1
-1
-1
0
-1
-1
-1
-1
0
1
1
0
1
1
-1
-1
-2
1
-1
0
1
-1
0
0
-1
-1
-1
-2
0
-1
-1
1
1
-1
-1
0
-1
-1
-1
-1
-1
-1
1
-1
-1
0
-1
-3
0
1
-1
0
-1
-1
-1
1
0
0
-1
-1
0
-3
-1
-1
-1
1
-1
0
-1
0
-2
-1
0
-1
0
-1
-1
0
-1
-1
-1
-2
1
-1
-1
0
0
0
1
-1
-1
-1
0
1
0
-1
0
-1
0
-1
-1
-1
-1
1
1
-1
1
-2
-1
1
0
-1
0
-2
-1
-1
0
0
1
-1
-1
-1
0
-1
1
-1
0
0
0
0
-1
0
1
-1
-2
-1
0
1
0
-1
0
-2
1
-1
-3
-1
0
-1
-1
0
-1
-1
1
0
-1
0
0
-1
0
-1
0
1
0
-1
0
0
1
-1
1
-1
-1
-1
0
-1
-1
-1
-1
0
0
0
-1
-1
0
-1
1
0
0
-1
-2
1
0
-1
-1
-1
1
-1
-1
0
1
-1
-1
1
-1
1
-2
-1
0
-1
0
0
1
0
-1
-2
-1
0
-1
-1
1
-1
0
1
-1
-1
-1
2
1
1
0
1
1
-1
-1
1
0
-1
1
-1
1
-1
-1
-1
-1
1
-1
-2
1
-1
0
-1
-1
1
0
0
0
0
-1
0
-1
1
1
-1
0
-1
1
0
-1
1
0
0
0
-1
-1
-1
-1
0
1
-1
0
-1
0
-1
0
0
0
0
-1
-1
0
1
0
0
1
1
0
-1
0
-1
-1
-1
-1
0
-1
1
1
0
0
0
1
-1
0
0
1
-1
-1
-1
-1
-1
-1
1
1
-1
0
-1
0
0
-2
1
-1
-1
-1
-1
-1
0
-1
0
-2
1
-1
-1
1
-1
0
1
-1
-3
1
0
-1
0
-1
-1
1
-1
1
1
-1
0
0
-1
1
-1
0
-1
0
-1
0
-1
0
-1
-1
-1
-1
0
1
-1
-1
0
0
0
0
-1
-1
-1
0
-2
0
-1
1
-2
0
-1
-1
0
0
1
0
0
-1
1
1
-1
-1
-2
-1
1
0
-1
-1
-1
0
0
0
-1
0
0
-1
0
1
-2
-1
-1
1
-1
1
0
-1
-1
0
0
-1
-1
-1
-1
0
-1
-1
-1
1
0
1
1
-1
2
-1
1
1
-1
1
1
1
-1
1
-2
-1
-2
1
0
1
-1
-1
0
0
-1
0
1
-1
0
1
-1
-1
-1
0
-2
-1
0
0
-1
-1
-1
0
-1
-1
-1
-1
0
1
-1
0
-1
0
-1
0
-1
0
-1
1
-2
0
0
-1
0
-1
0
0
-2
0
-1
0
-1
2
0
1
-2
-1
-1
0
-1
2
1
-1
-2
1
0
-1
-1
0
-1
2
-1
0
-1
0
-1
0
0
0
-1
-1
-1
-1
-2
1
-1
1
-1
1
0
0
-1
0
-1
1
0
-1
-1
0
-1
-1
-1
0
0
0
-1
0
0
-1
0
0
0
-1
-2
1
-1
-1
-1
-1
0
-1
-1
-1
-1
-1
-1
-1
-2
1
-1
-1
-1
0
-2
-1
-1
-1
-1
-1
-1
-1
0
-1
-1
1
-1
0
-1
1
-1
0
-1
-1
0
1
-1
-1
-1
0
-1
1
-1
1
-1
1
0
0
-1
0
-1
-1
-2
0
-1
-1
-1
-1
-1
1
-1
-1
-1
-1
-2
0
-1
1
1
0
-2
1
-1
-1
0
-1
-2
-2
1
-1
-1
0
0
-1
-1
1
-1
1
-2
0
1
-2
0
-1
-1
0
-1
0
1
0
-2
-1
0
2
-1
1
1
1
0
0
-1
0
-1
0
-1
1
1
-1
-1
0
0
0
-1
0
-2
0
-2
1
-1
-1
-2
0
-2
0
0
0
-3
0
-1
1
0
0
-1
0
-2
0
1
0
-2
0
0
0
1
-1
-1
1
-1
-1
-1
1
-1
-1
0
-1
-1
-1
-1
1
-1
-1
-1
1
-1
-1
-1
0
-1
-1
-1
0
0
-1
-1
1
-1
-1
-1
-2
-1
-3
-1
0
-2
-1
0
-1
-1
-2
-1
-1
0
-2
0
-1
-1
0
-1
1
-1
0
-1
1
0
0
-1
-1
0
1
-3
2
-1
-1
-1
1
1
0
-1
1
-1
-1
-1
0
0
-1
-1
0
0
-1
-1
1
-1
0
-1
1
-1
0
0
0
-1
0
-1
-1
-1
-1
-1
-1
0
-1
-1
-1
0
-1
-2
1
-1
-1
0
1
-1
-1
0
0
-1
-1
-2
0
-1
-2
-2
1
-1
1
-1
-1
-2
-1
1
-1
0
1
-1
-1
-1
-2
0
0
1
1
0
0
-3
0
-1
0
0
-1
0
-1
0
-1
-1
-1
0
-1
-2
1
-1
1
-1
-1
0
-1
-1
-1
-1
-1
-3
-1
-1
0
0
0
-1
-1
-1
-1
0
-1
-1
0
-1
0
-1
0
-1
-1
0
0
0
0
1
-1
-1
1
-1
0
0
-1
-1
-1
-1
1
-1
-1
-1
0
-1
1
0
1
-1
-1
-1
0
-2
-2
-1
0
-1
-1
0
-1
-1
0
0
1
-1
0
-2
0
-2
-1
-1
0
0
0
-1
-1
-2
0
0
-1
-1
-1
-1
0
-1
0
-1
0
-1
0
1
-1
-1
-1
-1
-1
-1
0
-1
0
-1
-1
-1
0
-1
-1
-1
0
0
1
-1
0
0
-1
-1
-1
0
0
-1
-2
-1
-1
0
1
0
0
0
0
-1
0
-2
-1
-2
0
-1
0
-1
-1
0
-1
-1
0
-1
-1
-1
-1
-2
-1
-2
-2
0
-1
-1
1
-3
1
-1
1
0
0
-1
0
-1
-1
0
1
-1
-1
-2
0
-1
1
-1
-1
0
-1
-1
-1
0
-1
-1
-1
-2
-1
-2
1
-2
-1
-1
-1
-1
-1
-1
-1
-2
-1
-1
0
0
0
-1
-2
-1
1
-2
0
-1
-1
-1
-1
0
0
-1
1
1
-1
-1
0
-2
-1
-1
-1
-1
-1
-1
-1
-2
1
-1
0
-2
1
-3
-1
-1
-1
0
0
-1
-1
-1
0
-2
0
0
-1
-3
0
-2
0
-1
-1
-1
-2
-1
-1
-1
-1
0
0
-1
-1
-2
-1
-1
0
-1
-1
-2
0
-1
0
-1
1
-1
0
-1
0
-1
1
-2
-1
-1
0
-1
0
-3
0
-1
0
-1
-1
-1
0
-1
-1
-1
-1
-2
-1
-1
-1
-1
0
-1
-1
-1
-1
0
-1
-1
-1
-1
-1
-2
1
-4
0
0
1
-1
-1
-1
1
-1
-1
0
0
-1
-1
0
1
-1
0
-1
0
-1
0
-3
0
-2
0
-1
-1
-1
-1
0
-1
-2
-2
-3
0
-1
1
-1
0
-1
-1
-2
0
0
1
-3
0
-1
-1
-1
0
-1
-1
0
0
0
0
-2
0
-3
0
-3
1
-1
-1
-1
-1
-1
0
0
-1
1
0
-1
-1
-2
0
0
-1
0
0
0
-2
-1
-1
-1
-1
0
-1
-1
0
-1
-1
-1
1
-1
0
0
-1
-1
1
0
1
-1
-1
-1
-1
-1
-1
0
-1
-1
-1
-1
0
-2
-2
-1
-1
-1
-1
-1
-1
-2
0
-1
-1
-1
-2
0
-1
-1
1
-1
-3
-1
-1
-1
0
-1
-1
-3
-1
-3
0
-1
-1
-1
-1
-1
1
-2
0
-1
1
-1
-1
-1
-1
-1
-2
-2
-1
-3
1
-2
0
-1
-2
-2
-1
-1
-1
-1
0
0
-1
-2
-1
-1
-1
-1
-1
-1
-1
-2
0
-2
1
-1
1
-1
-1
-1
-1
-1
1
-2
0
-1
1
0
-1
-1
-1
0
0
0
0
-1
-44
356
22
-361
358
1
17
358
39
356
-60
-357
-83
-354
-347
100
-339
120
-334
140
-161
-324
-181
-315
-304
195
214
289
230
274
262
-247
-249
260
274
233
288
216
-303
-202
312
180
320
164
-146
330
338
124
-344
-106
351
84
-64
354
44
-358
358
23
-3
360
-21
-359
-43
-359
60
353
-83
-351
102
346
339
-124
141
332
-325
161
-313
180
302
-199
288
-213
231
276
-248
-264
-247
261
-232
274
-216
289
-301
-201
180
-313
-323
-165
-332
-143
339
122
104
-347
-350
-83
-355
-63
-42
358
-21
360
361
0
21
360
-41
-358
62
356
83
350
-346
103
-123
-340
332
-144
-162
-321
182
312
-199
-302
290
-219
-274
229
-262
247
-246
260
233
-277
-288
-214
-301
-200
-180
312
161
-325
142
-334
-122
337
345
102
83
-354
355
59
41
-361
-21
357
1
359
22
357
-358
41
-354
62
-351
83
105
342
-124
-342
144
328
-321
161
-181
-315
-301
198
-289
214
232
274
260
-251
247
-267
231
-278
290
211
301
194
-315
-182
-161
320
-334
-144
119
-343
-348
-103
-354
-84
59
-359
-40
354
359
16
-362
1
21
358
43
356
355
-66
83
348
104
344
-339
125
145
328
163
320
181
310
297
-199
216
287
-275
234
258
-250
262
246
-233
278
-214
290
-199
301
-178
313
158
-323
-142
330
122
-341
346
99
-80
352
-60
355
356
37
18
-361
360
-1
-360
25
357
-47
351
-65
-86
-351
-109
-346
337
-127
328
-148
319
-166
-310
183
-202
-299
-287
217
-235
-274
-250
-260
245
-265
-227
277
-292
-214
304
193
-314
-179
158
-324
332
139
119
-341
-348
-99
-351
-78
356
57
359
37
361
16
-359
4
25
359
47
356
-355
66
350
-88
107
344
-337
126
331
-149
-166
-320
-185
-313
-202
-300
-220
-288
274
-238
258
-253
-244
263
228
-282
294
209
-192
302
315
175
-325
-158
-136
330
-120
339
-346
-101
-76
350
-356
-61
-37
356
16
-363
-6
-364
-360
24
-358
46
354
-71
350
-90
-110
-347
-129
-339
330
-151
-169
-322
-310
182
-298
202
219
284
-274
235
-258
250
266
241
-226
277
-211
292
-306
-194
174
-319
-326
-160
332
135
339
115
96
-351
75
-355
-359
-59
-360
-37
-16
358
-9
-362
360
-31
-360
47
67
353
-93
-353
110
341
-337
128
-151
-330
-170
-322
308
-190
202
296
284
-224
272
-239
-261
254
-269
-244
279
226
291
209
303
191
316
173
154
-327
332
135
339
115
-1
-2
-1
-1
-1
-2
-2
-1
0
-1
-1
0
0
-1
-1
-2
298
199
311
183
322
165
330
146
338
127
345
107
349
87
356
64
357
45
360
22
-362
-1
360
-19
359
-40
357
-61
351
-81
349
-101
-340
121
332
-141
325
-162
316
-179
-303
195
291
-216
-279
230
264
-247
-248
260
233
-277
216
-291
-199
301
-181
311
163
-325
145
-333
126
-341
-103
343
-83
349
-63
353
45
-361
-19
356
2
-365
22
357
-40
-362
-61
-360
-81
-354
-103
-350
-121
-344
-141
-335
-161
-327
182
310
198
296
-216
-293
-231
-280
-248
-267
264
242
-276
-238
288
211
301
194
312
178
320
158
330
141
337
119
343
100
349
81
-358
-65
357
40
-364
-24
