-20464
-24016
-21872
-30288
31650
-4162
26334
1858
-31103
8993
22169
11317
458
-6325
-14756
-4569
12872
-9410
-14672
17262
19374
15038
-31436
-17534
-22849
-20960
4729
-18486
25597
-1333
16277
23743
-5173
2332
-32609
5620
7919
-18706
-11029
20174
26266
23212
-17304
14948
-32748
7705
7502
-21771
-18881
-7972
15687
8774
-22784
29433
4932
-12077
-6022
-32595
17060
12637
-4720
9938
-7758
22814
-31258
11777
-7288
16207
30374
-1962
24614
1928
13127
7279
22145
21819
15570
-7305
-17348
13075
-3476
882
23704
-1926
-21214
9898
-29812
16766
29419
-30404
-4545
22274
15361
-19058
-5959
15422
13802
12206
-19502
-21714
24848
4047
18708
10419
2437
-4843
-23259
-899
-14249
16003
4731
32653
-3744
-8608
12498
-11896
9440
31085
-2284
-28011
-1623
21022
-20983
30852
-27682
-31273
10978
31447
-27552
-20197
-14616
-17207
-719
-18298
-18329
-5348
7381
16016
-19245
-15080
18730
25878
-24966
-28412
17200
-17553
12134
14621
13217
20635
-8721
22915
1598
-28886
24002
-21342
-29171
-22564
1085
-29526
17826
-19398
22114
24722
6318
-3418
-14684
27814
-26471
12887
-18605
31247
-4014
-21539
-24838
24421
-4976
-2016
-5868
-12384
-13368
4105
3754
-1495
-25735
30725
8277
-8579
-17172
16377
15584
-4357
12213
-3163
-6351
15223
-9328
-10307
6526
-8667
27200
-12297
-20778
29169
23925
31554
-6847
-4902
-23489
-30541
-9607
-23651
-24719
-6299
-14977
21561
-18085
26192
14701
15854
24277
-3142
15575
-28658
-26963
-25550
22611
-27610
18361
29550
25483
-24766
13672
724
29956
15190
-25121
-8373
23955
-1129
11534
-27557
-23104
-20141
29278
-5528
26120
10548
-4722
26687
1352
12067
11210
11318
25476
-29094
-12593
30501
32711
32241
-26888
15919
27734
30175
-2797
-31876
-2269
-18152
8571
32408
4505
19776
20651
-12088
32643
-29244
1879
-11064
26743
13034
-10390
-2433
5834
1919
495
29624
15541
22922
2572
-13093
-30902
22459
-6938
-9263
-28540
30085
12857
-24298
-6395
8786
21087
25758
-7529
-26424
-13075
-6882
11545
31972
-3920
15377
-21188
-13039
-4323
5416
-24151
19982
-14976
27692
-9216
-6392
25002
-18255
22832
26565
20029
25735
-55
-31755
-9736
-4427
24932
-22721
9288
-32114
12376
26914
-29452
11935
-28770
9519
19564
-11429
17224
-15969
-14390
4522
21302
-8788
23454
-9704
-25304
5560
-12275
15734
-13581
-13070
28495
9698
11555
-24302
-23547
-24170
13451
-27108
-27300
-10415
-6164
-9675
25239
4784
-25491
20724
-22624
19953
-21972
11657
-20009
13371
16233
-8931
27295
4863
3785
-26863
10526
-13806
21674
-32436
3468
-23523
7068
133
24970
3043
-29226
13827
-16824
27551
-20838
-29713
-18022
-8036
-7732
7092
1889
-17013
-8051
13869
12638
-23483
5442
-13713
31654
-5599
-14762
31155
13619
7164
6335
-25946
-5756
5632
-21468
-9850
-27050
25498
15744
4908
25028
-1391
22984
-24593
9102
20526
5470
30938
-23948
-16695
22934
-15857
5815
6156
1447
-32448
-10337
25502
12715
-7826
18389
15042
-10589
30366
1042
25788
9004
-32060
10061
-3355
-15871
17707
1896
-21308
30254
11902
1466
-31409
-8050
32647
8453
-13406
7101
-18094
-26587
4499
-20713
-13293
6290
14587
-844
-5913
2906
-1978
-29074
-21242
-7915
-12711
27635
25147
21239
22910
32695
-13574
-9452
10954
11842
24604
-29155
24929
9813
-32395
9836
27857
7040
25905
-14995
-19219
14121
-28885
-16638
7744
-9300
-2488
14798
20102
22234
4122
19385
-12931
28343
-30991
18217
8355
15503
-31631
16673
26033
23979
-20521
-32280
10339
-22026
-18257
-6521
-6705
19845
-7355
29539
-18033
-8619
10229
30836
28230
19048
26342
16071
8533
4569
-22039
-12307
-28562
-225
20112
22354
22194
1636
-29790
-25635
-3860
-16893
18716
30782
17324
2080
-15056
18765
14791
-22805
14885
30372
-18938
23668
-26268
-390
-11003
-31088
18447
32075
-15933
27991
26209
-27866
-2738
28250
-5174
25789
-14116
27407
-24788
7496
-3463
9986
-15041
-14529
7533
18989
3545
12985
11200
21565
-3790
9227
-7646
-16883
-28036
16237
27086
-18351
11552
9529
19582
10263
-7240
30110
-13775
-12884
-165
-12992
30681
-8510
-6491
17210
10790
-27860
-28586
14587
-7115
-3419
23907
-16314
26339
-29000
31455
14519
13067
6243
-9143
-2120
14616
29388
21644
32616
24357
-22108
16103
-32766
8002
10842
-19314
-9071
21027
-5361
-25593
3818
26794
22050
-5794
14434
16108
2842
27588
-16732
31775
11928
-30903
-11520
7527
14780
6453
-31248
-20874
30924
-18314
1501
18744
-26509
14124
16051
-2777
453
31765
26439
27927
26885
14883
-27697
-22463
-31959
14241
10310
25061
-28236
31695
-28941
19345
-17465
17895
-8265
4683
-23293
8207
-28989
-31931
-5279
32357
3301
2410
-7345
-29002
15605
-31827
-15985
-27549
-19954
23766
10210
16018
5295
-20751
-27731
-23531
20592
27009
-21842
16973
21583
-32250
15037
27046
5339
23394
29191
27388
13904
23009
11658
-7753
-17341
-12203
1463
-5367
32103
-28763
2303
-26385
384
-5113
17006
6511
-16846
2649
29878
-29273
12776
-21662
-25826
-3398
-1499
-5998
-20997
20960
1335
-5839
4725
27509
-31224
-12602
20858
5086
15220
-31408
-25034
12108
-31847
-29801
-27037
-9703
5498
15472
28096
6270
-11122
11503
10650
20301
-1106
25500
17572
-11814
2140
20849
-28410
16711
10745
8242
27239
27506
31973
-10499
-5837
-17147
-25853
-14805
-23447
19723
-11362
4585
-1954
-13905
369
23539
-18767
-7185
-4544
-18875
26944
24909
27576
11802
-8042
23046
29271
-21028
-2267
-502
-31639
30520
-22775
6010
-28111
13506
-17331
-410
-9634
-26459
22272
-16927
-677
14129
26927
-27875
-22073
12993
31311
20035
10682
32250
11440
2706
28674
-22235
-23864
25849
-30802
-9929
20886
-15657
-18857
19923
15345
-24891
7086
13671
-15728
-17999
8335
10340
-6147
-10918
-32623
22993
24211
7789
-14938
-10648
-26570
10696
5374
17445
5018
22389
31491
813
17315
25879
6102
-6418
25680
-12440
13377
28633
-31569
29095
19165
-5004
29201
-5582
-28846
16854
9482
28124
-31926
-1600
26566
-27190
-5720
18811
17600
23685
-1340
-30884
25726
-14742
-29927
17375
-27385
-7039
18205
5943
-3637
-14393
-12348
20867
-20706
18129
-16078
2910
-26250
6326
-26115
-20527
-8753
21665
-5411
3036
5963
-29562
27575
-24276
11761
-14348
23869
-18741
19181
-15517
31140
2376
15674
7552
4652
27406
15548
30928
-16806
13373
-26884
2511
23775
-17244
-3397
-8446
30892
12544
-1092
14368
32694
22165
-2552
-28767
-16244
29700
-19934
-18700
26614
-27307
14484
-3359
27124
-13410
11362
12704
-15188
-2945
12828
-30787
-1211
10551
4829
17511
-9338
28278
-6416
-18008
27289
-30290
20061
-4690
29607
1067
-28187
-18727
-4390
3218
-10258
-1636
26001
11663
-19519
11915
24980
-16184
-23152
-17342
-30876
-32518
-10702
20602
-7173
-6896
-22313
-6968
3157
18096
28271
-7098
