-414
-54
319
-57
-385
23
-383
46
-371
69
-368
90
317
-136
-354
132
312
-173
300
-188
-316
191
276
-223
263
-239
-276
244
234
-268
-247
275
204
-293
185
-305
168
-316
148
-326
-153
332
-133
340
93
-346
71
-352
51
-355
30
-360
-31
361
-8
363
-32
-359
-54
-357
-75
-354
-93
-349
-111
-347
119
340
139
330
158
321
-188
-313
194
301
-221
-288
228
276
243
260
261
246
273
231
286
214
-305
-198
-318
-180
320
160
327
139
336
121
-351
-103
348
81
353
59
354
39
-366
-21
358
-4
356
-24
-363
44
-362
65
-356
84
341
-107
-344
124
-337
146
-327
164
-4
-1
0
0
-1
0
-3
-3
-1
-1
-1
-2
-1
-1
-1
-1
-1
-2
-98
-349
-343
115
-139
-337
154
323
-174
-318
-308
190
-296
207
-228
-284
240
266
-260
-256
-240
271
-286
-223
295
203
185
-310
317
166
148
-332
333
128
-115
341
88
-352
69
-358
-359
-49
25
-361
-363
-8
12
360
33
356
55
357
349
-77
-100
-348
-343
117
333
-138
155
325
-177
-319
-307
192
293
-210
279
-227
241
264
257
251
271
237
284
218
-204
298
-311
-186
165
-321
-332
-148
-339
-129
-346
-110
86
-350
354
67
356
48
-1
-1
-2
-1
-1
0
0
-1
-1
0
-1
-1
-1
0
-1
0
0
-3
-1
-1
-2
0
-1
-1
-1
0
-2
-1
-2
-2
-2
-2
-1
0
-3
-2
-1
-1
-1
0
-1
-1
-2
-1
-2
1
-3
-1
0
-1
-1
0
-1
-1
-1
-1
-2
-1
-1
-1
-1
-1
-1
-1
-2
1
-3
0
-1
0
-3
-1
-2
0
-2
1
-2
0
-1
-1
-3
-1
-1
-1
-1
1
-1
-1
-1
-1
-2
1
-1
-1
-1
0
-1
0
-1
0
-1
-1
-1
1
-1
-1
-1
-1
0
-1
-1
-1
-2
-1
-1
-1
-1
-1
-1
-1
-2
-1
-1
-1
-1
0
0
0
0
-1
-1
-1
-1
-1
-1
0
0
0
-1
-2
-1
-1
0
-1
-1
-1
-3
-1
-2
-2
-2
-1
-2
-2
-3
-1
0
-3
-3
-3
-1
-1
-4
-2
-4
-1
-1
-2
-1
-1
-2
-2
-1
-1
-2
0
-2
-1
-1
-1
-2
0
-1
-1
-2
-1
-2
-1
-4
-1
-2
-1
-3
-1
-2
-1
-2
0
-1
0
-3
0
-1
-1
-1
-2
-1
1
-3
-1
-2
-2
-2
1
-1
-1
-1
-1
-1
0
-2
-1
-1
-1
-1
-1
-3
0
-1
0
-1
-1
-1
-1
-1
-1
-2
1
-1
-1
0
0
0
0
-1
0
-1
-1
-1
-1
-1
-1
-1
-1
-2
-2
-1
0
-1
0
-1
0
-1
-1
-1
0
0
-1
0
-1
-1
0
-2
1
0
0
0
0
-1
0
1
-1
0
0
-1
-1
-1
-2
-1
-1
-1
-1
-1
-1
-1
-2
-1
-1
-1
-2
-1
-1
-1
0
0
-1
-1
-1
0
-1
-1
-2
-2
0
-2
-4
-2
0
0
-1
-1
-1
-2
-1
0
-1
-1
-1
-1
-1
0
-1
-1
-1
-3
-1
-1
-1
-1
0
-1
-1
-2
0
-1
-1
-2
-1
-1
-1
-4
-1
-1
-1
-3
-1
-3
-4
-1
-1
0
0
-2
-1
-1
-1
-4
-3
-1
-2
-4
-1
-2
-1
-2
-3
-2
-2
-1
0
-4
-1
-2
-1
-1
-1
-3
-2
-1
-1
-4
-2
-3
-3
-3
-2
-2
-1
-1
-1
-2
-1
-3
0
-1
0
0
0
-1
-1
-2
-1
-4
-1
-1
-2
-1
-2
-2
0
-1
-1
-1
1
-1
0
0
-1
-1
-1
-1
-2
-1
-1
-1
0
-2
1
-1
1
-1
0
-1
-1
-2
1
-2
-1
-2
0
-1
1
-1
0
-1
1
-1
1
-2
1
-1
1
-1
-1
-1
-1
-1
0
-1
0
-1
1
0
-1
-1
0
-1
-1
-1
-1
0
0
0
1
-1
1
-2
0
0
-1
-1
1
-1
0
0
0
-1
0
-1
-1
-3
-1
-1
1
-1
0
-1
-1
1
-2
-1
-1
0
-1
-1
0
-1
0
-1
0
-1
0
-1
-1
0
-1
-1
-2
-1
0
-1
-1
-1
1
-1
-1
-3
-1
-1
-1
0
-1
-1
0
-1
-1
0
-1
0
1
-1
0
-1
-2
-2
-1
-1
-2
0
1
-2
-1
-2
-1
0
0
-2
1
1
0
-2
0
-1
-1
-1
0
-2
0
-1
-2
-1
0
-1
1
0
0
0
0
-1
-1
-1
-1
-1
-1
-2
-3
-2
1
-2
-1
-2
-1
-1
0
0
0
-1
-1
0
-1
-1
-1
-1
0
0
0
-3
0
-1
-1
-3
-1
-3
-1
-1
-1
-1
1
-2
0
-1
-2
-2
0
-1
-1
-1
-1
-1
-1
-2
1
-1
-1
-4
0
-1
0
0
0
-1
0
-1
-1
-1
0
-2
-1
-1
-1
-1
-1
-1
1
-1
0
-2
-1
0
1
-1
0
-1
0
-1
-1
-1
-2
-1
0
-3
0
-1
1
0
-1
-1
0
0
1
-1
-1
-1
-1
-1
-1
-1
0
-1
-1
-1
-1
1
0
0
-1
1
-1
0
-1
-4
-1
0
-1
-1
-1
0
-1
0
-1
-1
-2
-1
-2
0
0
-1
-1
-1
-1
-1
-1
-1
-1
-2
0
-1
-2
1
-1
0
-4
-2
0
-1
-2
-1
-1
-1
-1
-1
-2
-1
-1
-2
0
-1
-1
-2
-2
-1
-1
0
-1
-3
-1
-3
1
-1
0
-1
-1
-1
-1
0
-2
-1
-1
-2
-1
-1
0
-1
-1
-1
0
-1
-2
0
0
-1
0
-1
-1
0
0
-1
-1
0
-1
0
0
-2
-1
-1
0
-1
0
0
1
0
-1
-1
-1
-1
0
0
-1
-1
-1
-1
-1
-1
1
-1
-1
0
0
-1
-1
-1
-1
0
0
-1
-1
1
-1
0
-1
-2
-1
-2
1
-1
0
-1
-1
-1
-1
-1
0
-1
-1
-1
0
0
-1
-1
-1
-2
1
-2
0
-1
0
-1
1
-1
-1
-1
1
-3
0
-2
-1
0
-1
0
0
0
0
-2
-1
-1
-1
-1
0
-1
0
-1
0
-1
1
0
0
-1
-1
-1
-1
-1
-1
-1
0
-1
-1
-2
1
-1
-1
-1
-1
-1
-1
0
0
-1
-1
-1
-1
0
-1
0
0
-2
-1
-1
-1
-2
-1
-1
-2
-1
0
-2
0
-1
1
0
-1
0
0
0
-1
1
0
-1
-1
1
0
-1
-1
-1
0
-1
0
0
-1
1
-1
-1
0
0
1
-1
0
-1
0
-1
0
0
-1
0
1
-1
1
-1
-1
-2
1
-1
-1
-1
-1
-1
-1
-3
1
-1
0
-1
-1
1
-1
-1
-1
-1
0
0
-1
-1
-1
0
-1
0
0
-1
0
-2
1
-1
-1
-3
-1
-1
0
0
0
-1
1
-1
0
-1
-1
-1
0
0
-1
0
0
0
-1
-1
1
-2
0
-1
-1
-1
-1
0
-1
-1
-1
-1
-1
-1
1
0
-1
0
0
0
-1
-1
1
0
-1
-2
0
-1
1
-1
1
-1
-1
-1
0
-1
0
-1
1
-1
0
0
-1
-1
0
0
-1
-1
1
-1
0
-2
2
-2
0
-3
-1
-1
0
-2
2
-1
-1
-1
1
-1
-1
-1
-1
-1
-2
-1
-1
-1
-1
-1
-1
1
0
-1
-1
-1
-1
-1
0
-1
0
-1
1
-1
-1
1
-1
-1
0
-1
0
-1
0
0
0
0
1
-1
0
1
-1
-1
1
0
1
-2
0
0
0
0
1
-1
0
-1
0
-1
0
-1
1
0
-1
-1
0
0
0
1
0
0
-1
-1
-1
-1
-1
-1
-1
-2
-1
-1
-1
0
-1
0
-1
-1
-1
0
0
-1
-1
1
-1
-2
0
0
1
-1
-1
0
1
-1
-1
0
0
-1
0
-1
-1
-2
0
0
-2
-1
-2
0
0
0
0
-1
0
-2
0
0
-1
-1
0
1
-1
0
1
0
-1
1
1
-1
-1
-1
0
-1
-1
-1
-1
0
-1
-1
0
-1
0
-1
-1
0
0
-1
-1
-1
0
-1
-1
1
0
-3
-2
-2
0
0
-1
-1
1
-1
-1
-2
-1
1
-1
-1
-1
-1
0
-1
-1
0
1
-1
-1
-1
1
0
-1
1
-1
-1
0
-2
-1
0
-1
-1
-1
0
1
-2
0
-2
-1
-2
0
-1
1
-2
-1
-1
0
1
-1
-1
-1
1
-1
-1
-1
-1
-2
-1
-1
-3
1
-1
0
1
-1
-1
-1
-1
-2
0
0
-1
-1
-1
-1
0
1
0
1
-2
-2
1
-1
-1
1
-1
-1
-2
0
-1
0
-2
1
-1
-1
-1
-1
-2
0
-1
0
-1
1
-1
-1
-1
-1
-1
0
0
0
0
2
1
0
-1
0
-1
-1
1
-1
-1
-1
-1
-1
0
0
-1
0
0
-1
-2
1
-1
-1
1
-1
0
0
1
-1
-1
-1
-1
1
-1
-1
0
0
0
-1
1
-1
-1
-1
0
0
-1
0
-1
-1
0
-1
-1
0
-1
-1
-1
-2
1
1
-1
0
-1
1
0
1
-3
-1
1
-1
-2
1
0
-1
1
-1
-3
-1
-1
-1
1
-1
1
1
1
-1
-1
0
-1
-1
0
1
-1
-1
-1
-1
0
-1
-1
0
2
-1
-1
1
0
-2
-2
-1
0
0
-1
-1
0
-1
-1
0
-1
-1
1
1
0
0
0
-1
1
-1
1
-1
-1
0
-1
-1
0
-1
1
2
1
0
-1
-1
-2
1
-1
1
0
1
1
1
0
-1
-1
-2
1
-1
-1
-1
0
1
-1
1
-1
1
0
-1
1
1
-2
0
1
-1
0
1
-1
0
-1
1
-2
-1
-1
0
-1
2
-1
-1
0
-1
-2
0
0
1
1
-1
1
-1
-1
0
-1
0
0
-1
1
-1
-1
-1
-1
0
-1
-1
0
-2
-1
-2
1
0
1
-1
-1
-1
-1
-2
0
-1
-1
2
1
-1
0
1
-1
-1
1
-1
1
1
1
1
-1
0
0
0
1
0
-1
-1
-1
-1
-1
1
1
-1
1
1
0
-1
0
0
0
-1
-1
1
-1
-2
-1
-1
-1
-1
-1
1
1
0
-1
-1
0
-1
0
-1
-3
0
-1
-3
-1
-1
1
-1
-2
1
1
1
1
-1
-1
1
-1
0
-2
-1
1
-1
0
0
-1
0
0
0
-1
-1
1
0
-1
1
-1
-1
1
0
0
-1
-1
-2
0
0
1
-3
1
0
1
-1
-2
-1
1
-1
0
-1
1
-1
1
-1
1
-1
0
-1
0
1
0
0
-1
-1
-1
0
0
-1
-1
1
0
0
-1
0
-1
-1
1
0
-1
-1
-1
0
-1
-1
-1
0
1
-1
2
1
1
0
1
-1
1
0
-2
1
-1
-1
-2
-1
-1
-2
-1
0
-1
-1
-1
-2
0
0
-1
-1
0
1
0
-1
1
-1
0
1
-2
-3
1
-1
1
-1
1
0
-1
0
-1
0
2
-1
0
-1
1
-1
0
0
1
-1
0
1
-2
1
1
0
-1
-1
-1
-1
0
-2
-1
1
-1
-1
-1
-1
1
-1
-1
0
1
0
0
-1
-2
-1
-1
-1
1
0
-2
-1
0
0
0
0
0
-1
1
-1
1
1
0
-1
-1
-1
1
-1
-1
-1
-1
1
-1
-2
-1
1
0
0
1
-1
-1
-1
0
-2
-1
1
-1
-1
-1
0
-1
-1
0
-1
0
0
1
-1
1
-1
-1
0
-1
-2
-1
-3
-1
-1
-1
-1
1
0
0
-1
1
-1
-1
-2
-1
-1
0
-1
0
-1
1
-1
1
0
0
-1
0
-3
1
-1
0
-1
0
-2
-1
-2
1
-1
0
-1
1
-2
-1
-1
-1
-1
-1
-1
1
-1
-1
-1
0
-1
-1
-1
0
-1
0
0
1
1
-1
-1
0
-1
1
-3
0
-1
-1
1
-2
0
-1
-1
0
0
1
-1
-1
-1
-1
-1
-1
-1
-1
0
1
-1
-1
0
0
0
-1
-1
0
0
0
0
1
1
-1
-1
-1
1
-1
-1
-2
-1
-1
0
-1
0
1
-1
-1
-3
-1
-1
-1
-1
-1
0
-1
-1
0
0
-1
-1
-2
1
-1
0
0
0
0
-1
0
-1
1
0
-1
0
-1
-1
1
0
1
1
-1
-1
-1
-1
0
-1
-1
0
1
-1
0
-1
-1
-2
0
-1
-1
-2
0
-1
-2
1
-1
-1
-1
-1
-1
-1
-1
1
-1
-1
1
1
0
-1
-1
1
-1
-2
0
0
0
0
-1
-1
-1
-1
1
0
1
-1
-1
-1
0
1
-1
-1
1
0
0
-1
-1
-1
-1
0
1
-1
1
0
-1
-1
1
-1
-1
-1
-1
0
1
-2
1
1
-1
-1
0
1
1
-1
-1
-1
-1
-1
-1
-1
-2
-1
-1
0
-1
-1
-1
-1
1
0
-1
-1
-1
0
-1
0
-1
0
-1
-1
-1
-1
-1
-1
0
0
0
-1
0
0
0
0
-1
-1
0
0
-1
1
-2
-1
0
-1
-1
-1
-1
-1
-1
-1
0
-1
0
0
0
-1
-1
-1
1
0
1
-1
1
-1
0
-1
-1
-1
-1
-1
0
-1
0
0
-1
-1
-1
-1
1
-2
-3
-1
0
0
-1
-1
-1
1
-1
-1
0
0
1
-1
0
-2
-1
-2
1
-1
1
-1
1
-1
0
0
1
0
-1
0
0
0
-1
-1
0
0
1
1
-1
1
1
1
0
0
-1
0
-1
0
1
-1
0
-1
1
-1
-1
-1
1
0
0
-2
1
-1
-1
-1
-2
0
2
-1
-1
0
1
0
-1
-1
1
-1
0
-1
0
-1
0
0
0
0
-1
-1
-1
-1
1
-1
1
0
2
-1
1
-1
0
-1
1
-2
-1
-1
0
0
0
-1
1
-1
0
-1
-1
-1
1
-2
0
0
0
0
0
-1
0
0
0
0
1
-1
0
0
1
-2
-1
-1
-1
0
0
-1
1
-1
-1
1
-1
-1
1
-2
1
-2
-1
-1
0
-1
0
-1
0
-1
0
-1
0
-1
0
-1
-1
-1
1
0
-1
-2
-1
-1
-1
-1
0
-1
-1
-1
1
-2
1
-2
-2
-2
0
1
0
-2
0
-1
-2
-1
-1
0
0
-1
-1
-1
1
-2
1
-3
-1
-1
0
0
1
-2
0
0
1
-2
1
0
1
0
0
-1
-1
-1
0
0
-1
-1
-1
1
-1
-1
1
1
-1
0
-1
-1
1
-1
-1
-1
1
-1
1
-1
-1
-2
1
0
-1
-2
-1
0
0
0
0
0
0
-1
1
-1
-1
-1
1
0
0
-2
-1
-1
1
-1
1
-1
-1
0
1
-1
0
0
-1
-1
0
-1
0
-1
-2
0
2
1
-1
-1
0
1
1
1
1
1
1
-1
1
-2
1
-1
-1
-1
0
0
1
-1
-1
-2
0
-1
0
-1
1
-1
1
0
0
-1
0
-1
-1
-1
1
0
-1
1
-1
-2
-1
-1
1
-1
0
-1
1
-2
-1
-2
0
0
1
-1
1
-2
-1
-1
1
-3
-1
0
0
-2
-1
-1
0
-1
-1
-2
1
-1
-1
0
1
-1
-1
-1
0
-1
-2
0
0
-3
-1
0
0
0
-1
-1
0
-1
-1
-1
-1
-1
0
-1
0
-2
1
-1
1
-1
-1
-1
-1
0
0
-1
0
-1
-1
-1
1
-1
1
-2
0
-3
-1
-1
0
-1
0
-2
0
-2
1
-1
-1
0
-1
-2
-1
-1
0
-1
0
1
0
0
0
0
0
0
1
-2
-1
0
-1
-1
-1
0
-1
-1
0
-1
-1
0
0
0
0
0
0
-1
-2
0
1
-1
-1
-2
-1
-2
1
-1
-1
0
-1
-1
-1
0
-1
-1
0
-1
1
-1
0
-1
-1
0
-1
-1
2
-1
-1
0
0
-1
0
-2
-2
-2
-1
-1
0
-1
1
-1
0
-1
0
-1
0
-1
1
0
-2
-1
1
-1
-1
-1
-1
-1
0
-2
1
-1
0
-1
-1
0
1
-1
-1
-1
-1
-1
0
-1
-1
0
1
0
-1
-1
-1
-1
-1
-1
0
-1
0
-2
0
1
0
-2
1
-1
1
-1
-1
-1
-1
-1
-1
-1
-1
-3
-1
-3
0
-1
1
-3
-1
0
1
-1
-1
-1
-1
-1
-1
-1
-1
-1
0
-1
0
-1
0
-1
-1
-1
0
-2
0
-3
-1
0
1
0
-2
-1
-1
-1
-1
-1
-1
-1
-1
0
-1
-1
0
-1
1
-1
-1
-1
-1
-1
0
-1
1
0
1
-1
-1
-1
0
-2
0
-1
0
-1
-1
-1
1
-1
-1
-1
-1
0
-1
-2
-1
-1
1
-1
-1
-1
1
-2
-1
-2
-1
0
-1
0
-1
-1
1
-1
-1
-1
-1
-2
0
-1
-1
-1
0
-3
-1
-1
-1
-1
-2
-1
0
-1
-1
-1
0
0
0
-1
0
-1
-1
-1
0
-1
0
-3
0
-2
-1
0
-1
-1
-1
0
0
-2
0
-1
0
-1
-1
-1
0
-2
-1
-2
-1
-1
0
-1
-1
-2
-1
-2
-2
-2
-1
-2
1
0
1
-1
-1
-2
0
-3
-1
-1
-1
-2
1
-2
-1
0
-1
-1
0
0
-1
-2
1
-1
-1
-1
-1
-2
0
-1
0
-1
-1
-3
-1
-1
-1
0
0
0
-1
-1
-1
-1
-2
-1
0
0
0
-1
0
-1
0
-1
-1
0
0
-1
0
-1
-1
-1
0
-1
-1
-1
-1
-4
0
-1
0
-1
1
0
-1
-1
-1
-1
-1
-1
1
-1
0
-1
-1
0
1
-2
-1
-1
1
-4
0
-2
-2
-1
-1
-1
-1
-1
1
-1
-1
-3
-1
-1
-1
-1
-1
-1
-1
-1
-1
-1
0
-1
0
-1
1
-1
0
-2
0
-1
-1
-1
-1
0
0
0
-1
0
1
-3
0
-2
-1
-1
-2
-1
-1
-1
1
-1
-1
-1
0
0
-1
-2
-2
-1
-1
-1
0
-1
-1
-3
-1
-1
0
-2
1
-1
-1
-1
-1
-2
-1
-1
0
-2
-1
-1
-1
-1
-1
-3
0
-1
-2
-2
-1
-2
0
-1
0
-1
-1
-1
1
-2
-1
-2
0
-1
1
-1
-1
0
-1
-4
0
-1
0
-1
-1
-1
0
-3
-1
-1
-1
-1
-1
-1
0
-3
-1
-1
-1
-2
0
-2
-1
-1
0
-1
-1
-1
-1
-1
-1
-1
0
-2
-1
-1
-1
-1
1
-1
-1
-1
0
-1
-2
1
0
0
-1
-1
-1
0
-1
-1
-1
-4
-1
0
-1
-2
-1
-2
0
-1
1
-1
-1
-2
0
0
-2
-1
-1
-1
-1
-2
-1
-2
0
-1
0
-1
0
-2
-1
-4
-1
-1
0
-1
-1
-1
-1
-1
-1
-2
0
-3
-1
-1
0
-1
-1
0
-1
-1
-43
356
23
-360
359
0
18
360
37
356
-63
-356
-81
-354
-346
100
-342
121
-333
139
-161
-325
-181
-315
-303
195
211
290
230
276
262
-248
-250
261
273
231
286
216
-301
-202
311
180
322
163
-145
330
337
123
-344
-105
349
84
-65
356
44
-358
357
22
-3
360
-20
-361
-42
-359
60
356
-83
-354
102
346
339
-123
140
332
-325
160
-313
179
302
-199
288
-215
230
274
-247
-262
-247
262
-232
275
-216
289
-301
-198
182
-314
-322
-164
-331
-146
339
124
103
-346
-351
-83
-355
-64
-43
358
-21
359
360
-1
21
360
-41
-358
64
356
84
349
-345
103
-123
-340
332
-145
-162
-322
182
312
-197
-303
290
-218
-275
228
-262
246
-247
261
232
-278
-288
-216
-303
-199
-180
312
162
-327
143
-333
-122
338
346
100
85
-354
356
59
40
-362
-20
356
0
358
23
357
-359
41
-354
61
-350
81
105
343
-125
-342
145
329
-321
161
-181
-314
-300
197
-288
214
234
272
260
-251
247
-267
231
-280
290
212
301
193
-313
-181
-161
320
-332
-142
121
-341
-348
-104
-351
-83
59
-358
-40
356
359
18
-361
0
21
358
42
356
354
-67
86
348
105
343
-338
124
144
329
164
319
182
308
296
-200
215
288
-276
235
260
-249
262
245
-231
278
-216
290
-197
303
-177
314
157
-325
-143
330
121
-342
346
100
-81
351
-60
355
356
40
17
-361
360
-4
-362
25
356
-46
353
-68
-88
-351
-107
-346
339
-127
330
-146
321
-167
-310
182
-203
-298
-286
218
-235
-275
-251
-261
244
-265
-228
278
-291
-213
304
194
-315
-179
156
-324
332
139
120
-341
-347
-101
-352
-81
357
58
359
37
361
15
-360
1
25
359
47
356
-354
65
349
-89
108
342
-337
127
330
-150
-167
-321
-186
-313
-204
-300
-219
-289
274
-238
258
-253
-243
264
228
-281
293
209
-193
303
315
175
-322
-158
-138
329
-117
338
-348
-101
-78
351
-356
-62
-35
356
14
-364
-6
-364
-360
25
-47
-360
-354
66
-351
85
-110
-346
-339
127
148
327
-168
-322
-309
182
-204
-301
219
284
-239
-276
-259
250
-268
-245
-228
276
291
209
-306
-195
314
174
156
-329
-139
332
338
115
346
95
351
74
-58
354
-361
-38
13
-363
6
359
360
-30
-359
47
353
-72
88
347
342
-112
-337
129
327
-151
-170
-320
-311
184
202
296
-223
-286
270
-238
251
257
-269
-244
-284
-228
207
-295
192
-307
314
173
153
-327
331
136
115
-343
-2
-2
-1
-2
-1
-1
-1
-3
-1
-2
-1
1
-2
-2
-1
-1
298
199
310
182
320
164
330
146
337
127
345
107
350
86
355
64
356
45
361
23
-362
-2
363
-18
358
-40
358
-62
352
-81
346
-102
-340
120
332
-142
325
-161
315
-181
-303
196
292
-215
-276
231
264
-248
-248
261
236
-277
218
-291
-199
300
-180
312
163
-325
146
-333
124
-342
-103
344
-83
349
-63
352
45
-361
-20
357
1
-365
20
358
-40
-362
-61
-360
-82
-354
-100
-349
-121
-342
-140
-335
-162
-328
180
308
199
297
-214
-293
-233
-281
-247
-269
264
245
-277
-235
287
211
298
194
310
177
320
158
328
139
337
121
344
102
350
81
-358
-66
357
39
-364
-24
