199
-310
227
202
257
203
-235
279
168
-323
149
-333
305
138
311
121
328
105
-364
-100
-88
347
-372
-59
-45
354
-6
-365
-375
8
346
-37
-368
50
-367
73
81
347
100
342
-146
-334
-165
-327
307
-172
-319
192
198
296
-236
-281
-281
243
244
-254
230
-269
275
225
-216
299
-199
310
-324
-170
324
151
-139
336
107
-344
344
93
67
-354
45
-356
-35
361
-13
361
-366
14
-37
-360
-361
53
70
353
91
348
-119
-344
-341
135
149
325
-177
-317
-310
191
204
294
-286
225
265
-242
250
-255
-275
-238
281
221
202
-300
184
-309
-322
-171
-330
-151
333
131
342
110
346
90
354
68
49
-358
361
28
-361
-7
13
358
-361
31
-357
54
-76
-355
-96
-349
-342
115
334
-138
326
-157
-317
172
-308
190
293
-213
-284
225
-269
240
-256
256
272
235
-287
-223
202
-298
-187
307
-320
-171
148
-327
336
129
-112
342
87
-350
-70
353
46
-358
-364
-30
4
-363
-364
13
356
-37
356
-59
-356
76
347
-99
-119
-343
333
-139
-159
-325
314
-176
301
-194
290
-211
277
-227
-245
-267
-253
257
272
237
285
218
-205
297
-311
-187
165
-323
148
-330
127
-337
-344
-109
-90
348
-71
354
358
46
0
0
-1
-1
0
-1
-1
-1
0
-1
-2
-2
-1
0
-1
0
0
-1
-2
-1
0
0
-3
-1
0
-1
-1
-1
-1
-1
-1
1
-1
-1
-2
0
-1
-1
-3
-1
-1
-1
-1
-1
-1
-2
-1
-1
-1
-1
-1
-1
-1
-1
-1
-1
-2
-1
-1
-1
-2
-1
-1
0
-1
1
-1
-1
-2
-1
-2
-1
-1
-1
-1
-2
-1
0
-2
-1
-2
-1
-1
1
-1
0
-1
-1
0
-1
0
0
-1
1
-1
-2
-1
0
-2
-1
0
0
-1
-1
-3
-1
-3
-1
-1
0
-1
1
0
-1
-1
0
0
-1
-1
-1
-1
1
-2
1
-2
-1
-1
-2
0
1
-1
1
-1
0
-2
0
0
0
-1
0
0
-1
-2
-2
1
0
0
-1
-1
-2
-1
-1
-1
-2
1
-1
-1
-3
-1
-1
-2
-2
-2
-3
-2
-1
-3
-3
-1
-1
-2
0
-3
-4
-1
0
-1
-1
-1
-1
-2
-1
-1
-1
-2
-1
-1
-1
-1
-1
-1
-1
-1
0
-1
-1
-1
0
-1
0
-2
-1
0
0
-3
1
-3
-3
-1
-1
-3
-1
-2
1
-2
-1
-1
1
-4
1
-2
1
-3
0
-1
0
-2
0
-3
-1
-3
1
-1
-1
-2
-1
-1
-1
-1
-1
-1
-1
-1
0
-1
0
-1
-1
-2
-1
-1
0
-1
-1
-3
-1
-2
0
-1
-1
-3
-1
-1
-1
-3
0
-1
-1
0
-1
1
-1
0
-2
-1
-1
-1
-1
-1
0
-1
-1
-1
-1
-1
-1
-1
-1
-1
-2
0
0
-1
-2
-1
-2
-1
-1
-1
-1
-1
-1
-1
-1
-1
0
-1
-3
-1
-1
-2
-1
0
-1
-1
-2
0
-1
-2
-1
-1
-2
-1
-2
-1
-1
-1
-3
-1
-1
-1
-1
-1
-1
-1
-1
-2
-1
-4
-1
-1
-2
-2
-3
-1
-1
-1
-3
-1
-2
-1
-1
-2
-1
-3
-1
-1
-1
-1
0
-1
-2
-1
-1
-2
-1
-2
-3
-2
-2
-1
-1
-3
-1
-3
-1
-4
-2
-4
-2
-4
-3
-2
0
-4
-1
-2
-1
-2
-1
-3
-1
-2
-1
-3
-1
-1
0
-2
-1
-1
1
-1
-1
-1
-2
-2
-1
-3
-1
-1
0
-2
-2
-2
-1
-1
-1
-1
0
-1
-1
-1
1
-2
0
-1
0
-2
-2
-1
-1
-2
0
-1
0
-1
0
-3
-1
-1
-1
-2
0
-1
-1
0
-1
-1
-1
-1
1
-2
0
-1
-1
-1
0
-1
-1
0
0
-2
1
-1
-1
-1
1
-1
-1
-1
-1
0
1
-1
-1
-1
1
-1
0
0
0
-1
1
0
-1
-1
-1
-1
-1
-1
1
0
1
-3
2
1
-1
-1
0
0
1
-2
1
-1
-1
0
1
-1
-1
0
-1
0
0
-1
1
-1
-1
-1
-1
1
1
0
-2
-1
-1
-1
0
-2
-1
-1
-1
1
0
1
-1
0
1
-1
-1
0
0
-2
-1
-2
1
0
-1
-1
-1
-1
0
-1
-1
-1
1
-1
-2
-1
0
-2
0
-1
0
-2
0
-3
-1
-1
-1
-1
-1
-1
-2
-2
-1
0
0
-1
0
0
1
-1
-2
-1
0
-1
-1
0
-1
-1
-1
-3
-1
-1
0
-3
0
-2
-2
-2
-1
-4
-1
-1
-1
-3
0
-1
-1
-1
0
-1
-1
-1
-1
-2
-1
-2
0
-1
-1
-1
-1
-1
0
-2
1
-1
0
0
-1
-2
0
0
-1
-1
-1
-2
0
-1
-1
-1
-1
-1
1
-1
1
0
-1
-1
0
0
-1
-2
1
-1
1
-3
-1
-1
-1
-1
-1
-2
0
-1
-1
-1
1
-1
-1
-1
-1
-1
1
-1
-1
-2
-2
0
-1
0
1
-2
-1
0
-3
-1
-1
-1
-1
0
-1
0
-1
-1
-1
-1
-1
0
0
-2
-1
-1
-1
0
0
-1
-2
-1
-1
-1
-2
-1
-1
-1
-1
-2
-1
0
0
-3
-1
0
0
-1
-1
-2
-2
-1
-1
-1
0
-2
-1
-1
0
-3
-1
-1
0
1
-1
-1
0
0
1
-3
-1
0
-1
-2
-1
-3
1
-2
-1
-1
-1
-1
-1
-1
-1
0
0
0
-1
-1
-1
-1
1
-2
0
-1
-1
0
-1
-1
-2
-1
-1
0
0
-1
0
-1
-1
-1
-1
-1
-1
0
0
-1
0
-1
-1
-1
-1
0
-1
0
-1
-1
0
1
-1
-1
-1
0
1
0
-1
-1
1
0
-1
0
-1
0
0
-1
0
-1
0
-1
-1
-4
-1
-1
-1
-1
0
-1
-1
-1
-1
-1
-1
-2
0
-1
-2
-2
-1
-1
1
0
-1
1
-1
-3
-1
-1
-1
0
-1
0
-1
-1
-1
-1
0
-1
-1
0
-1
-2
-1
-1
-1
-1
-1
-1
-1
-1
1
-2
-1
-2
1
-1
-1
-1
-1
-1
0
-1
-1
-1
0
-1
1
-1
0
0
-2
-2
0
0
1
-3
1
0
0
-1
0
-1
-1
-3
-1
0
0
-1
-1
-1
-2
1
-1
-1
0
-1
-1
-1
0
-1
0
-1
1
-1
-1
-1
-1
-1
-1
-1
-1
1
0
-1
-1
-1
1
-1
0
0
-1
0
0
-1
-1
-1
-1
-1
-1
-1
0
0
0
-2
0
-1
-1
-1
-1
0
-1
-1
0
-1
-1
-1
0
-1
0
-1
0
-2
0
-1
-1
-1
-1
0
0
-1
-1
-1
0
-1
0
0
0
0
1
-1
-1
-1
1
0
0
-1
-1
-3
0
-1
0
-1
0
-1
0
0
0
-2
0
1
-1
-1
0
-1
-1
-1
-1
-1
0
0
0
-1
-1
-1
1
0
-1
-2
-2
-1
0
-1
-1
-1
0
-1
-1
-1
-1
-2
0
-1
1
-1
0
0
0
0
0
-1
0
-1
0
-1
0
0
0
-1
0
-2
-1
-1
-1
0
0
-1
1
-1
1
-2
-2
0
-1
0
-1
-2
0
-1
0
-1
0
-1
0
-1
-1
0
-1
-1
1
-2
-1
0
-1
0
-1
-1
0
-1
0
-1
1
-1
-1
-1
-1
-1
0
0
0
0
1
-1
0
-1
-1
-1
0
-1
-1
0
0
-1
0
0
0
-1
1
-1
-1
-1
1
-1
0
0
0
-1
-1
-1
0
-1
1
0
2
-1
0
-1
-1
1
-1
0
1
-1
0
-1
0
0
1
0
-1
1
0
-1
-1
-3
-1
-1
2
-2
-1
1
0
0
-1
0
1
-3
-1
-1
0
-1
-2
-1
0
0
0
-1
0
0
-1
0
-1
-1
1
-1
1
0
-1
-1
-1
-1
0
-1
0
-1
1
-1
-1
-2
0
-1
1
1
-1
-2
1
-1
2
1
1
-1
0
-1
-3
-1
1
-1
-1
-1
-1
-1
-1
-1
0
-1
-1
1
-1
-1
0
0
0
0
1
-1
-1
0
-1
-3
-1
1
-1
-1
-1
1
2
0
-1
-1
1
1
-1
0
1
-1
1
-2
-1
0
1
-3
1
-1
-1
-1
1
1
-1
-1
0
-1
1
-2
1
-3
0
-3
2
-1
-1
0
-1
-1
1
-1
-1
-1
-2
-1
1
-1
-1
-1
0
-1
0
-1
-1
-1
-1
-2
0
-1
0
-2
-1
-1
0
0
-1
-2
-1
-2
0
-1
0
0
1
-2
0
-2
0
-1
1
-2
1
-1
-1
0
-1
0
0
0
1
1
-1
-1
1
-1
-1
-1
-1
0
0
0
0
-1
0
1
-1
-2
-1
-1
-2
-1
1
0
0
0
-1
-1
0
-1
0
-1
-1
1
-1
-1
0
-1
-2
1
-1
-1
1
-1
-1
0
0
0
-2
1
-1
0
1
-1
1
1
-1
1
-1
-1
-1
1
0
0
0
0
0
-1
-1
-2
-1
0
-1
0
-1
0
0
1
-1
0
0
-1
1
1
-1
0
1
0
1
1
-1
0
0
-2
-1
0
-1
1
0
0
0
-1
-1
1
-2
0
-1
0
-1
-2
-1
0
1
0
0
1
1
-1
1
1
-1
-2
1
-1
0
-1
-1
-1
-2
0
0
-1
-1
0
0
-2
-1
-1
0
-1
-1
-1
0
-1
-1
-1
-1
-1
-1
-1
-2
-2
0
0
-1
-1
-1
-2
-1
-2
-1
-1
1
-2
1
-1
2
-1
-2
0
-1
-1
0
-2
1
-1
1
-1
0
1
1
-1
1
-1
0
-3
-1
-1
1
-2
1
-1
-1
-1
0
-1
1
-1
-1
-1
0
-1
-1
-1
-1
1
-1
-1
0
0
1
-1
-1
-1
1
-1
0
0
0
-1
1
-1
-1
-1
1
0
-1
1
0
-1
-1
0
-1
-1
0
0
1
-1
-1
1
1
0
-1
0
0
-1
0
1
1
-1
-2
-1
0
1
-1
-1
0
0
-1
-1
-1
-1
-1
-2
0
-1
-1
-1
-1
-1
-1
0
-1
-1
-1
-1
-1
-1
0
1
0
-1
-1
0
-1
1
-1
1
-1
1
-1
-1
1
-1
-1
-1
-3
0
-1
-1
-1
-1
-1
1
0
-1
0
0
-1
-1
-1
-1
1
1
0
-1
1
0
0
-3
0
-2
0
0
0
-1
1
-2
0
0
-1
0
0
-3
0
1
0
0
-1
-1
0
-1
0
-1
0
-1
1
-1
-1
1
-1
-1
-2
0
-2
-1
1
-1
0
-2
0
0
1
0
-1
-1
1
0
-1
1
-1
-1
-1
-1
-1
-1
0
0
-1
-1
0
-1
0
-1
0
1
-1
1
1
-1
-1
-1
1
-2
0
1
1
-2
0
-1
-1
-2
0
0
1
-2
-1
0
0
-1
-1
0
1
0
1
1
-1
-2
0
1
1
-1
0
1
0
0
-1
0
-1
0
-1
-1
-1
0
0
-1
-1
-1
0
-1
1
1
0
-1
0
-1
-1
-1
-1
0
1
-1
-1
-1
1
-1
-1
-1
-1
-1
0
-1
-1
-1
0
-1
0
-1
0
0
0
-1
0
-1
0
1
1
1
-1
1
0
1
-1
-2
-2
-1
-1
-1
0
0
-1
0
0
0
0
1
-1
-1
-1
0
0
1
-2
-2
-1
0
-1
1
-1
-1
-2
-1
-1
1
-1
1
-2
1
-1
-1
1
-1
-1
1
-1
-1
-1
1
-1
-1
-1
-1
-1
0
-3
1
-1
-1
-1
1
-1
1
-1
0
-1
0
1
0
-1
0
-1
-1
-1
1
-1
0
1
-1
-2
0
1
0
-2
1
-1
0
-2
-1
0
0
-1
1
0
-1
-1
-1
-1
1
-1
0
1
0
-1
-1
0
0
-1
-1
-1
0
-1
-1
-1
1
-2
-1
0
1
-1
1
-1
-1
-1
-1
-2
0
0
0
-1
-1
1
-1
-1
0
1
0
-1
0
-1
1
-1
-1
2
1
1
-2
0
-1
-1
0
-1
-2
-2
0
-1
1
-1
0
1
-1
0
0
0
0
-2
1
0
2
1
0
-1
1
-1
1
-1
0
-1
0
1
0
0
0
-1
0
-1
1
-1
-1
-1
-1
0
1
1
1
-1
-1
0
1
0
-1
-1
-1
1
-1
-1
0
0
0
-1
-1
-1
0
-2
-1
1
-1
-2
0
-1
-1
-1
-1
-1
-1
0
-1
-1
1
-1
-1
-1
1
-2
-1
0
1
-1
0
-1
0
0
1
-1
1
-1
-1
0
1
0
-1
0
0
-2
-1
-2
-1
-1
-1
-1
0
0
0
-1
0
0
-1
-1
-1
-1
1
0
0
-1
1
0
0
0
-3
-1
0
0
0
-2
1
1
-1
-1
-1
-1
0
-1
-1
0
-1
-1
-1
-1
0
1
1
-1
-1
-3
-1
-1
-1
0
1
-1
-1
-1
0
-1
1
-1
1
1
-1
-2
0
0
-1
-1
-1
1
1
-1
-1
-1
0
-1
-1
1
-1
0
-1
1
-1
-1
-1
0
-1
-1
0
-1
-1
-1
0
1
-2
-3
-1
-1
1
1
-1
-1
-1
-1
0
-1
0
0
1
0
-1
1
0
-1
-1
-1
-1
1
0
-1
1
-1
-1
-1
-1
-1
0
-1
-1
-1
-1
-1
-1
0
0
1
-1
0
1
-2
-1
0
-1
-1
1
-1
0
-1
0
-3
0
-1
-1
-2
-1
0
-1
-2
1
0
-1
0
-1
-1
-1
0
1
1
-2
-1
1
-2
-1
-1
-1
-1
-1
-1
0
0
-1
-1
0
0
-1
-3
-1
-2
1
-2
1
-2
-1
1
-2
-1
-1
-1
0
-1
1
1
-1
0
1
0
-1
-2
0
1
0
-1
1
-1
-1
1
-1
0
1
0
-1
-1
-1
0
-1
-1
-1
-1
1
-1
-1
-1
1
0
1
0
0
0
-1
-2
-1
-1
1
-1
0
0
0
-1
-1
-1
2
1
0
0
1
-1
0
-1
-1
-1
0
-1
0
0
-1
-1
-1
-1
-1
-1
-1
1
0
1
0
-2
0
-1
0
0
-1
-1
-3
-1
1
0
0
-3
0
-1
-1
-2
-1
-2
-1
-1
1
-2
-1
-1
0
-2
0
0
0
-3
0
-1
0
0
0
1
-1
-1
1
-1
-1
-1
-1
-1
-1
-1
-1
0
1
0
1
-1
1
-1
0
-1
0
0
-1
0
1
-1
1
-1
0
-3
0
-1
1
-2
0
-2
0
-1
0
-2
-1
0
1
-1
0
1
1
0
0
-1
-1
-1
-1
-2
-1
-1
-1
-1
3
-1
1
1
1
-2
-1
-1
0
1
0
0
1
-1
0
0
-1
-1
1
1
1
-2
0
0
1
-1
-1
1
-1
-1
-2
-1
-1
-1
-1
-1
0
-1
-1
-1
0
-1
0
-1
-1
-1
-1
-1
-1
-1
0
1
1
-3
0
0
-1
0
-1
-1
0
-1
-1
-1
-1
-1
-1
-1
0
0
0
0
1
-1
0
0
0
-1
-1
-2
1
-1
1
-1
-1
-2
2
0
1
-3
1
0
-1
-2
-1
-1
0
0
-1
-1
-1
-1
0
1
0
-1
0
0
1
0
-1
-1
-1
-1
0
-1
1
0
-1
-1
-1
-1
1
-1
-1
-3
0
-2
0
-2
-1
-3
-1
-1
0
0
0
-1
0
-1
0
-1
1
0
-1
1
-1
-2
-1
-1
-1
0
-1
1
0
-2
-1
-1
0
-1
-1
-1
0
0
0
-1
0
0
0
-1
1
-1
-1
0
1
-1
0
0
-1
-2
-1
-1
-1
-3
-1
-1
-2
-1
-1
0
1
-1
0
-1
-1
-2
-1
-1
-1
-1
1
-1
-1
-1
-1
0
-1
0
-1
1
0
-1
0
-1
1
0
-1
-1
0
-1
0
0
0
-1
0
-1
0
-1
0
-1
0
-1
0
-2
0
-1
0
-1
1
1
-1
-1
-1
0
-1
-1
0
-1
-1
-1
-1
-1
-1
-1
0
-1
1
-2
1
-1
1
-2
1
-1
1
-1
-1
-1
-1
-1
1
0
-1
0
0
-1
1
0
0
-2
1
-1
0
-1
0
-1
0
-1
1
-1
0
-1
1
-1
0
0
1
-1
1
-1
0
0
1
-1
1
-3
-1
0
-1
-1
0
-1
0
-1
-1
-2
-2
0
-1
-1
-1
-2
-1
-1
-1
-1
1
-1
0
-1
-1
-2
-1
-1
0
1
0
-1
1
-1
-1
-1
2
-1
0
-1
-1
0
-1
-1
0
-1
-1
0
1
-1
-1
-1
0
0
0
-1
-1
1
1
-1
0
-2
-1
-1
1
-1
-1
-1
-1
0
-1
-2
0
-1
0
-1
0
0
-1
-1
-1
-1
-1
0
-1
-1
1
-1
-1
-1
1
-1
-1
-1
0
-1
-1
-1
1
0
1
-1
0
-1
0
-1
-1
0
1
-2
-1
-2
0
-2
-1
-3
0
0
-1
-1
1
-2
-1
-1
-1
-3
-2
0
0
-2
1
-1
-2
-1
0
-1
0
-1
0
-1
-1
-1
-1
-3
-1
-3
-1
-2
-1
-3
1
-2
-1
-1
-1
-1
0
-1
1
-1
0
-2
-1
-1
1
-2
-1
-1
0
-1
0
-1
1
-1
-2
-1
1
-1
-1
0
0
-2
1
-1
-1
-3
-1
-2
-1
-1
-1
-1
1
-1
-1
-1
-1
-3
-1
-1
-1
-2
-1
-1
-1
0
0
-2
-1
-2
-1
-3
-1
-2
-1
-2
1
-1
-1
-1
-1
-1
0
-2
0
-2
-1
-1
0
-1
1
-1
1
-1
-1
-1
0
0
-1
-1
0
-3
-1
-1
0
-4
1
-2
0
-2
-1
-1
-1
-3
0
-1
0
-2
0
-2
0
-1
-1
-1
1
-2
-2
0
0
-1
-1
-3
-1
-1
0
-2
-1
-2
1
-2
-1
-1
-1
0
0
-1
-1
-1
-1
-1
-1
-1
-1
-2
-1
-1
0
-2
-1
-1
-1
-1
-1
-2
0
-1
1
-1
-1
-1
0
-2
0
-4
-1
-1
-1
-1
-1
-1
0
-1
0
-1
-1
0
0
-1
-1
-2
-2
-3
1
-1
-1
-1
-1
0
-1
0
0
0
-1
-1
0
-2
-1
-2
-1
0
1
-1
0
-2
0
-3
-1
-1
1
-2
-1
-1
-1
-1
0
-1
-1
-2
0
-1
-1
-2
-1
-1
-1
0
-1
-1
-1
-1
0
-1
-1
-2
-1
-4
1
-1
1
-3
-1
-2
0
-2
-2
-3
0
-1
-1
-2
-2
-1
-1
-2
-1
-1
-1
0
0
-1
-2
-1
-2
-1
1
-2
0
-2
0
0
-1
-1
0
-1
1
-1
-1
-2
0
0
1
-1
-1
-1
0
-1
-1
-3
-1
-2
0
-2
0
0
-1
0
-1
-1
0
-2
-1
-3
-1
1
-1
-1
-1
-1
-1
-4
1
0
0
-1
0
-1
-1
-1
-2
-1
-1
-1
-358
-46
22
-362
-3
360
-360
16
-360
39
354
-62
350
-82
-349
100
121
339
332
-143
322
-161
178
313
-198
-305
-293
214
-279
229
246
262
-250
260
232
-276
-218
287
-200
301
181
-313
321
162
144
-332
-126
339
-106
344
-352
-85
-357
-65
42
-358
-361
-23
359
0
19
360
-358
40
-63
-356
349
-83
-103
-346
-121
-341
140
331
-161
-325
313
-180
199
302
214
291
231
277
262
-249
247
-263
232
-279
216
-290
-199
301
180
-313
321
161
143
-332
-125
337
-103
346
-83
351
-63
354
-43
358
21
-362
358
-1
-21
-361
-40
-360
-354
62
84
349
-346
103
-124
-340
333
-144
323
-164
-312
180
-198
-303
-217
-289
-231
-276
-262
247
-261
-250
-276
-234
-288
-216
-302
-200
180
-315
324
159
-331
-145
123
-342
-102
345
-351
-86
63
-358
358
39
361
17
1
358
-359
18
359
-45
-356
59
-351
81
104
342
-338
122
-144
-333
-161
-325
-182
-313
199
297
286
-218
-234
-278
-261
245
-246
262
-277
-233
291
210
-303
-199
-314
-182
160
-325
332
140
-123
337
-101
344
81
-355
-355
-62
-40
356
-18
358
-3
-363
358
-25
-44
-360
-68
-357
86
349
104
344
-125
-340
-332
144
163
320
-310
181
199
298
216
287
231
274
-263
249
243
-265
-233
277
-214
290
194
-305
177
-315
-160
324
330
140
339
121
103
-346
80
-351
355
59
357
40
358
17
-4
-361
22
359
357
-45
64
355
-88
-349
-107
-344
-339
127
330
-146
163
321
-185
-311
200
301
-218
-288
274
-234
259
-251
-245
264
-229
277
213
-293
-304
-195
-313
-178
157
-327
-332
-140
-120
340
100
-348
80
-353
-356
-59
-359
-38
-16
358
4
359
26
361
-357
45
69
354
-350
86
107
342
337
-129
148
329
-321
165
-312
184
202
296
-286
218
-235
-274
-259
249
-264
-243
-279
-230
-292
-214
-194
301
315
175
-325
-158
139
-334
117
-344
-346
-100
353
76
-356
-58
-37
356
-16
358
360
-9
27
356
-49
-361
-353
64
350
-90
107
342
-339
126
-149
-331
-168
-322
-186
-311
204
297
-287
218
274
-239
-260
248
-245
264
225
-283
209
-294
-306
-194
-318
-179
-327
-159
333
134
-119
342
95
-351
-78
351
355
54
33
-361
-16
359
-9
-362
-29
-363
47
355
66
353
347
-91
342
-112
-339
129
146
327
317
-169
308
-188
202
296
-225
-287
269
-240
252
257
-245
266
-283
-228
-211
292
-195
305
-319
-175
-328
-156
134
-335
341
117
-349
-96
74
-354
-358
-54
33
-360
-13
363
6
360
27
360
-360
49
351
-70
91
350
-344
111
-131
-337
-151
-329
318
-169
-187
-309
-204
-297
284
-221
238
272
-252
-256
243
-267
226
-280
-207
293
-303
-190
317
174
-154
325
136
-334
342
116
-348
-96
354
75
-357
-55
-358
-33
13
-362
-8
-361
30
360
-356
49
72
353
351
-93
112
342
-130
-338
-327
151
171
314
-307
186
-203
-298
226
281
272
-243
-253
-260
269
237
-283
-227
-204
290
190
-312
-315
-177
327
151
-133
330
-339
-118
93
-354
353
69
-357
-58
32
-363
11
-366
361
-15
357
-36
-55
-363
-356
68
91
343
340
-118
-137
-339
325
-156
-322
168
-308
187
204
294
279
-229
267
-244
