4
42
52
93
123
119
203
112
267
75
303
18
303
-47
262
-103
194
-135
107
-133
25
-97
-30
-46
-50
-2
-54
9
-71
-19
-126
-61
-218
-73
-312
-21
-351
90
-295
209
-141
286
53
258
209
125
256
-50
188
-203
51
-255
-80
-201
-143
-74
-122
53
-45
127
35
129
83
84
88
21
71
-36
48
-82
28
-128
6
-179
-32
-223
-83
-242
-132
-215
-156
-148
-137
-54
-77
36
12
103
103
133
175
124
211
90
204
39
148
-10
55
-37
-52
-33
-144
6
-192
62
-187
103
-145
103
-91
54
-55
-25
-46
-105
-55
-156
-56
-174
-33
-168
8
-156
55
-153
86
-153
97
-143
94
-112
94
-66
105
-22
123
6
135
9
129
-4
109
-26
82
-49
53
-74
26
-106
-8
-140
-49
-167
-93
-170
-119
-149
-117
-117
-92
-91
-57
-86
-40
-97
-46
-99
-69
-74
-73
-18
-36
45
40
73
127
40
174
-52
153
-170
59
-260
-73
-281
-196
-226
-265
-115
-269
9
-220
112
-146
175
-79
201
-34
205
-13
208
-7
214
-6
225
-4
233
-1
228
-5
203
-28
162
-71
119
-128
88
-182
79
-211
86
-203
86
-173
62
-146
5
-146
-63
-180
-108
-226
-104
-248
-48
-217
35
-136
95
-45
115
18
91
23
63
-10
67
-45
118
-47
193
-1
249
60
246
98
188
82
101
17
30
-62
-1
-120
1
-139
12
-129
6
-114
-18
-103
-45
-93
-57
-64
-52
-7
-49
66
-70
130
-122
155
-190
137
-245
94
-267
49
-250
22
-212
12
-174
11
-145
8
-123
6
-99
12
-74
28
-56
47
-52
55
-55
50
-50
45
-18
66
30
124
71
200
67
253
9
240
-75
157
-134
38
-126
-55
-52
-83
42
-52
100
-15
94
-18
45
-76
12
-144
40
-158
125
-81
208
65
216
199
120
236
-34
163
-161
24
-177
-81
-74
-78
85
35
197
182
192
265
78
229
-68
95
-153
-59
-134
-146
-37
-134
62
-56
93
20
43
38
-48
-6
-115
-64
-121
-90
-71
-59
-14
7
8
62
-16
68
-64
21
-91
-49
-72
-101
-12
-113
59
-86
105
-47
107
-18
68
-15
8
-38
-45
-72
-78
-99
-81
-103
-57
-69
-18
5
15
105
21
203
-13
264
-81
262
-151
200
-189
110
-163
33
-78
8
35
41
128
107
164
163
137
177
67
148
-5
93
-51
45
-62
26
-52
37
-40
67
-38
101
-48
127
-59
141
-68
146
-66
146
-55
139
-42
124
-26
107
-13
83
-11
50
-21
-1
-45
-73
-71
-162
-75
-248
-47
-298
15
-291
85
-226
134
-129
132
-43
81
4
8
5
-49
-12
-62
-18
-33
15
11
74
31
124
7
133
-48
83
-97
-7
-104
-93
-53
-138
33
-122
119
-65
163
-6
158
30
122
35
91
30
88
52
112
116
131
211
107
293
23
321
-105
274
-233
168
-313
47
-322
-41
-272
-73
-204
-54
-158
-24
-149
-12
-168
-25
-177
-48
-154
-45
-96
9
-27
105
11
214
-5
288
-70
301
-151
256
-207
181
-211
112
-163
80
-89
85
-24
108
8
119
5
97
-21
37
-37
-45
-23
-122
30
-166
113
-164
199
-118
259
-52
268
0
231
14
163
-12
102
-59
72
-89
80
-82
102
-30
103
35
58
76
-25
68
-111
20
-156
-30
-137
-35
-65
24
13
125
52
221
34
267
-23
246
-72
181
-77
115
-29
78
41
76
95
77
112
54
95
-3
80
-75
91
-121
131
-121
176
-75
194
-11
163
41
93
61
6
53
-71
27
-127
-3
-158
-40
-167
-80
-149
-117
-105
-130
-27
-103
61
-33
125
55
136
120
93
139
20
103
-45
38
-74
-23
-64
-56
-34
-64
-7
-69
4
-80
16
-91
35
-88
70
-59
95
-16
91
7
49
-10
-6
-66
-37
-124
-20
-138
33
-91
66
-9
37
47
-66
24
-199
-79
-291
-211
-286
-291
-186
-269
-54
-158
31
-20
26
69
-57
74
-156
13
-211
-55
-199
-91
-151
-90
-110
-83
-100
-101
-100
-144
-74
-169
4
-130
104
-14
171
136
149
243
33
244
-123
144
-230
-4
-233
-110
-139
-126
-11
-65
73
11
67
33
-4
-24
-84
-132
-115
-230
-82
-279
-16
-265
37
-226
49
-185
29
-158
4
-127
-11
-74
-23
0
-54
62
-122
76
-207
28
-267
-57
-256
-124
-169
-127
-38
-59
73
46
117
130
84
151
11
110
-58
32
-84
-40
-71
-84
-36
-100
-3
-104
22
-104
43
-95
70
-69
100
-22
121
28
115
62
84
64
47
37
25
5
25
-16
33
-33
29
-59
8
-113
-14
-189
-2
-247
64
-243
169
-147
265
23
290
203
215
322
57
342
-115
280
-231
192
-249
146
-187
171
-98
250
-45
333
-51
370
-100
342
-148
274
-156
206
-117
167
-57
161
-8
165
10
157
-1
122
-21
69
-25
23
-5
-4
29
-1
61
21
74
44
66
61
47
63
25
60
7
50
-4
34
-6
14
1
-5
21
-17
56
-10
98
19
132
66
139
113
110
137
43
117
-47
47
-130
-61
-181
-182
-181
-279
-129
-327
-42
-308
45
-233
102
-122
104
-12
51
66
-45
103
-148
95
-238
60
-291
16
-297
-19
-259
-30
-185
-6
-95
57
-11
144
40
231
44
284
3
279
-59
219
-102
131
-93
59
-33
45
54
94
120
177
127
247
70
269
-16
233
-87
175
-107
129
-77
119
-26
136
11
147
23
127
25
71
46
11
106
-23
194
-8
270
34
301
71
274
70
209
29
146
-23
112
-54
101
-49
91
-22
51
-6
-13
-28
-76
-75
-99
-116
-64
-112
10
-57
80
28
105
93
76
101
21
51
-21
-27
-15
-88
34
-105
94
-80
131
-40
122
-16
75
-21
21
-45
-19
-71
-28
-76
-6
-53
28
-4
66
64
91
138
95
202
76
233
34
216
-16
151
-45
53
-33
-42
28
-102
120
-112
207
-86
257
-52
264
-29
240
-19
210
-6
186
27
161
77
113
117
40
123
-51
86
-115
28
-125
-8
-80
10
-8
79
40
164
33
216
-25
212
-93
166
-135
115
-133
91
-107
98
-88
115
-98
110
-127
76
-140
35
-116
22
-60
52
0
112
26
160
8
163
-35
117
-59
55
-35
16
25
27
85
64
103
89
72
67
17
0
-12
-72
13
-107
86
-75
161
8
199
100
177
162
117
176
49
161
5
142
-8
138
-6
146
-10
153
-28
144
-52
124
-69
101
-74
90
-77
84
-84
78
-99
62
-115
40
-119
21
-110
21
-93
29
-82
37
-79
33
-81
18
-74
4
-49
8
-19
30
-6
50
-25
42
-65
-3
-101
-70
-103
-119
-58
-123
4
-77
47
-12
43
28
-3
22
-47
-16
-53
-45
-4
-25
76
47
139
148
151
228
107
255
35
234
-28
190
-62
146
-71
114
-78
77
-91
25
-95
-33
-69
-71
-4
-57
80
13
147
115
158
199
112
235
37
217
-28
173
-55
132
-52
107
-42
85
-49
45
-58
-13
-51
-62
-12
-65
45
-12
74
66
38
110
-64
76
-189
-33
-257
-155
-221
-208
-92
-144
57
18
133
190
87
284
-56
245
-215
103
-299
-68
-266
-177
-140
-191
5
-128
100
-44
115
11
69
14
0
-23
-52
-71
-73
-116
-65
-153
-35
-175
21
-175
102
-132
197
-47
279
71
313
180
286
235
207
220
122
144
70
50
70
-23
117
-52
175
-40
219
-6
231
38
213
83
173
134
107
177
18
197
-96
175
-211
110
-298
22
-329
-51
-298
-82
-232
-70
-161
-36
-114
-10
-85
0
-57
2
-10
20
53
72
105
143
120
199
85
209
18
167
-40
91
-59
21
-33
-16
21
-13
66
8
88
28
85
39
73
45
59
57
41
68
8
66
-39
37
-83
-16
-97
-60
-68
-64
-8
-16
47
63
57
129
13
146
-57
105
-108
42
-108
4
-59
18
-1
71
18
124
-20
129
-95
78
-161
-1
-177
-63
-142
-72
-83
-37
-44
12
-39
42
-62
44
-77
37
-64
45
-30
74
-1
107
4
112
-16
71
-30
0
-6
-64
62
-82
154
-50
221
4
235
38
189
27
119
-23
66
-81
47
-110
52
-110
52
-91
28
-85
-13
-103
-48
-128
-53
-137
-30
-115
2
-69
12
-33
-9
-28
-46
-61
-65
-107
-48
-133
-1
-124
45
-97
62
-82
42
-105
12
-158
6
-211
40
-229
100
-201
153
-145
166
-100
138
-89
93
-105
74
-113
86
-81
119
-2
127
92
80
153
-18
151
-126
93
-197
23
-202
-21
-149
-11
-84
29
-46
59
-44
48
-52
0
-37
-53
28
-69
121
-30
198
36
216
88
163
80
69
11
-18
-87
-57
-159
-43
-173
-11
-130
-6
-67
-56
-32
-144
-47
-233
-93
-272
-134
-248
-127
-180
-64
-112
27
-82
103
-102
129
-143
101
-168
50
-151
13
-103
6
-54
19
-37
18
-60
-23
-100
-102
-116
-186
-81
-226
-1
-196
87
-107
134
-1
116
74
48
98
-28
85
-75
74
-75
93
-54
147
-50
201
-90
218
-161
175
-226
91
-243
11
-198
-28
-105
-6
-11
52
49
110
66
141
56
141
52
129
68
122
92
128
106
124
96
96
68
36
45
-38
44
-95
66
-117
81
-113
68
-113
12
-141
-68
-204
-136
-283
-158
-340
-130
-347
-73
-306
-16
-240
17
-175
30
-126
41
-89
63
-46
93
4
112
49
107
64
74
34
37
-28
22
-88
44
-114
88
-91
116
-34
97
16
23
26
-84
-13
-178
-78
-223
-128
-209
-136
-158
-97
-105
-34
-74
24
-73
51
-81
50
-81
35
-57
23
-21
22
11
26
24
17
12
-14
-11
-66
-27
-119
-25
-159
-7
-168
18
-150
30
-117
21
-83
-6
-62
-37
-55
-64
-55
-74
-53
-69
-50
-57
-52
-39
-60
-13
-77
23
-87
82
-78
153
-38
214
29
244
100
224
145
158
144
71
97
-8
23
-52
-44
-55
-87
-35
-98
-15
-94
-6
-92
-10
-95
-10
-97
4
-78
28
-36
45
27
38
83
-4
113
-73
105
-142
66
-190
17
-202
-23
-185
-39
-148
-32
-110
-8
-78
29
-57
68
-50
105
-59
135
-83
144
-115
135
-140
115
-152
98
-150
91
-139
91
-133
91
-133
81
-134
62
-119
51
-83
64
-35
102
5
150
15
181
-6
169
-35
121
-41
62
-4
29
66
39
134
81
163
117
136
118
73
67
7
-10
-25
-78
-17
-107
10
-95
30
-64
23
-32
-2
-9
-28
20
-39
66
-45
129
-62
186
-112
202
-185
158
-245
64
-257
-37
-203
-107
-92
-120
28
-82
119
-28
158
13
146
25
108
10
67
-11
35
-26
14
-29
-1
-18
-12
9
-18
57
-21
122
-33
190
-64
237
-116
242
-169
202
-195
134
-171
76
-99
51
-3
63
78
89
115
98
103
69
65
4
30
-73
13
-139
12
-180
20
-197
23
-198
24
-180
32
-134
45
-53
54
54
31
159
-30
225
-124
230
-218
177
-273
103
-269
49
-214
33
-143
50
-97
66
-96
51
-125
-5
-148
-78
-135
-133
-78
-130
-1
-69
55
25
61
105
14
141
-62
119
-117
69
-121
30
-66
35
16
86
85
153
100
197
61
180
-10
104
-66
0
-76
-86
-40
-116
14
-93
40
-46
9
-19
-69
-37
-158
-95
-214
-151
-208
-169
-156
-130
-94
-54
-59
21
-68
54
-101
40
-122
0
-98
-31
-38
-26
37
9
91
55
100
82
69
76
20
35
-26
-21
-51
-76
-53
-120
-31
-146
6
-145
53
-117
98
-65
122
-16
116
11
85
-4
57
-50
59
-92
106
-91
185
-29
240
64
232
136
141
133
6
45
-111
-88
-152
-199
-104
-233
-10
-183
66
-90
81
-18
33
1
-34
-31
-67
-69
-42
-68
23
-21
83
47
107
95
93
101
69
71
70
44
112
44
172
85
218
141
221
180
175
180
105
134
37
62
-5
-13
-15
-75
-1
-110
30
-112
64
-81
87
-22
84
47
42
96
-33
110
-121
81
-192
27
-223
-25
-210
-62
-170
-88
-119
-116
-61
-153
18
-180
133
-168
272
-86
400
48
461
187
421
269
298
256
143
164
23
49
-23
-28
-8
-39
17
-9
4
14
-50
-4
-114
-56
-143
-104
-117
-109
-58
-71
-13
-28
-14
-25
-48
-78
-67
-158
-29
-205
68
-175
182
-74
245
46
223
121
136
127
41
94
-4
75
14
119
61
215
77
314
29
355
-61
310
-138
210
-151
107
-82
57
30
63
128
94
173
110
164
91
127
46
88
-1
57
-34
23
-63
-30
-104
-90
-165
-130
-227
-124
-255
-66
-222
17
-131
81
-24
98
52
75
74
45
51
45
17
91
5
158
21
214
45
233
54
218
40
192
15
170
4
154
13
131
31
81
34
13
6
-44
-40
-62
-74
-30
-65
37
-13
94
57
116
102
100
104
75
70
71
40
103
44
141
81
145
118
87
108
-18
28
-117
-95
-150
-199
-93
-222
26
-139
140
16
182
165
132
241
20
226
-78
151
-105
86
-52
80
39
138
98
217
79
247
-17
191
-134
65
-208
-75
-197
-160
-119
-155
-25
-76
25
23
6
89
-62
100
-126
77
-150
59
-115
76
-56
124
-4
174
17
197
15
187
18
163
39
152
71
165
81
180
47
158
-29
81
-107
-41
-139
-154
-100
-205
-10
-170
78
-74
105
23
54
59
-51
18
-152
-75
-194
-167
-163
-211
-87
-196
-11
-142
28
-81
20
-44
-21
-31
-66
-35
-101
-41
-118
-40
-117
-25
-105
7
-83
60
-63
126
-63
183
-94
199
-153
155
-209
49
-223
-75
-164
-164
-35
-179
115
-118
227
-25
260
42
213
51
129
4
64
-57
47
-90
73
-73
105
-21
113
32
86
59
40
55
7
39
1
31
13
37
33
52
38
59
31
60
17
59
-4
59
-33
55
-81
33
-143
-16
-191
-78
-198
-110
-152
-81
-75
22
-18
165
-24
283
-105
320
-226
267
-313
163
-315
78
-228
60
-98
117
5
202
33
255
-15
240
-101
163
-175
59
-206
-33
-204
-100
-194
-151
-189
-204
-182
-255
-150
-285
-81
-260
14
-173
98
-42
131
83
99
158
23
163
-47
121
-74
73
-43
58
22
84
83
129
107
159
87
151
49
105
24
48
32
12
70
16
108
49
119
86
89
90
34
55
-14
-1
-24
-43
13
-38
76
15
125
94
122
148
68
149
-1
95
-40
33
-16
13
55
64
125
163
132
249
56
256
-74
169
-182
29
-204
-88
-124
-115
9
-43
115
73
135
154
67
146
-28
61
-71
-34
-28
-71
81
-22
188
81
231
173
190
203
106
169
35
112
13
81
30
96
40
131
12
146
-57
117
-128
57
-159
15
-143
20
-105
69
-92
116
-128
117
-192
59
-233
-33
-209
-100
-117
-99
1
-40
84
33
94
62
43
23
-20
-71
-51
-170
-26
-232
35
-244
92
-227
118
-209
116
-203
105
-201
110
-181
137
-126
166
-40
176
52
148
119
92
147
25
134
-26
94
-47
47
-30
13
16
6
75
34
127
88
144
145
110
175
28
148
-80
65
-173
-57
-216
-173
-194
-247
-129
-269
-52
-250
4
-217
30
-191
39
-174
45
-156
55
-125
62
-91
49
-69
18
-72
-18
-98
-35
-122
-25
-125
4
-100
30
-66
34
-46
20
-55
12
-78
37
-82
98
-42
167
37
208
124
187
174
112
161
21
97
-45
17
-64
-37
-47
-49
-27
-32
-35
-16
-78
-26
-136
-63
-172
-102
-166
-114
-117
-74
-47
18
9
142
22
258
-23
333
-122
328
-240
235
-339
72
-362
-103
-286
-226
-119
-247
78
-156
235
-7
286
124
214
172
66
115
-80
-8
-156
-125
-137
-172
-55
-129
32
-21
69
100
37
187
-43
228
-138
223
-217
191
-262
148
-276
103
-253
68
-201
62
-129
87
-62
134
-28
167
-38
155
-77
86
-105
-16
-84
-100
-12
-134
80
-110
136
-75
130
-75
70
-130
8
-216
-11
-272
25
-257
77
-178
86
-91
23
-52
-85
-86
-173
-153
-177
-184
-97
-128
19
2
93
140
83
209
13
180
-50
86
-45
1
45
-22
169
24
257
86
267
110
205
71
128
-6
78
-74
68
-103
69
-95
49
-90
1
-109
-51
-147
-68
-168
-37
-144
17
-76
55
-4
47
27
6
2
-26
-50
-16
-87
36
-78
88
-40
91
-16
37
-41
-47
-112
-109
-187
-117
-212
-83
-168
-55
-86
-75
-19
-142
-2
-214
-23
-235
-37
-191
1
-108
95
-42
195
-38
240
-84
202
-129
106
-115
16
-25
-13
98
33
188
109
202
157
134
139
40
64
-33
-21
-46
-72
-8
-66
47
-16
87
54
103
129
98
202
77
264
37
298
-25
286
-97
218
-150
112
-151
17
-89
-25
6
1
80
62
86
100
16
71
-89
-23
-168
-139
-177
-218
-124
-227
-46
-178
7
-109
11
-58
-18
-36
-50
-30
-63
-18
-59
6
-59
29
-76
28
-105
1
-124
-34
-115
-51
-85
-42
-58
-22
-58
-13
-83
-36
-108
-76
-105
-101
-66
-83
-16
-32
6
19
-21
27
-81
-23
-128
-102
-119
-155
-52
-145
35
-74
81
7
53
39
-35
-8
-126
-109
-158
-202
-108
-231
-8
-177
85
-75
117
17
81
54
6
24
-52
-33
-58
-76
-9
-76
65
-29
122
38
134
91
98
100
34
64
-31
-6
-67
-84
-62
-138
-18
-145
41
-102
84
-28
81
42
25
70
-69
44
-159
-27
-205
-99
-191
-139
-130
-130
-58
-90
-5
-46
24
-17
41
6
67
45
103
112
117
188
78
228
-19
191
-144
68
-231
-91
-225
-210
-120
-225
32
-134
147
12
163
127
78
153
-48
95
-143
4
-159
-49
-105
-37
-35
21
-4
76
-29
83
-85
40
-122
-21
-115
-60
-71
-60
-25
-45
-8
-47
-20
-86
-22
-139
13
-165
93
-134
185
-50
238
42
221
87
154
62
88
-7
77
-59
134
-40
214
52
255
161
201
212
62
156
-101
5
-202
-169
-185
-279
-68
-270
78
-160
172
-11
163
93
64
111
-59
56
-136
-13
-135
-40
-75
-4
-8
71
13
134
-24
138
-89
78
-134
-12
-119
-86
-40
-105
67
-64
161
9
204
78
194
115
149
115
99
89
64
56
51
28
51
11
62
5
78
15
95
40
102
74
89
105
49
113
-17
81
-87
18
-129
-54
-132
-100
-99
-106
-59
-77
-47
-49
-77
-55
-131
-107
-177
-185
-172
-244
-114
-247
-25
-189
45
-100
61
-26
16
-4
-57
-33
-117
-87
-134
-126
-107
-128
-65
-101
-36
-70
-30
-51
-33
-43
-22
-27
14
26
55
112
71
204
35
256
-51
237
-147
156
-205
52
-193
-20
-120
-31
-28
10
31
60
34
78
-4
46
-45
-17
-49
-71
-8
-81
57
-45
106
6
110
31
76
13
40
-40
37
-85
86
-86
168
-28
238
68
256
160
212
209
123
202
28
158
-41
105
-69
70
-70
55
-66
54
-67
49
-76
31
-80
9
-69
-10
-42
-21
-15
-33
10
-53
28
-88
52
-125
94
-148
150
-139
204
-99
233
-46
221
-6
168
8
95
-4
29
-23
-16
-30
-37
-21
-52
-1
-72
6
-91
-3
-94
-18
-65
-13
-2
30
69
105
108
181
89
210
16
163
-69
50
-114
-80
-83
-164
17
-160
136
-70
207
52
190
139
93
147
-35
78
-118
-21
-115
-81
-27
-60
94
33
182
149
195
223
130
216
37
126
-34
-3
-43
-119
6
-189
84
-206
148
-192
178
-171
172
-151
146
-134
117
-102
86
-58
47
-18
-4
3
-59
0
-97
-16
-98
-20
-61
6
-11
57
22
103
13
109
-30
57
-74
-38
-81
-134
-32
-186
59
-172
148
-99
191
-8
166
58
88
77
-13
52
-94
9
-133
-27
-126
-36
-87
-17
-36
25
11
81
44
134
55
173
45
180
16
150
-11
88
-16
20
8
-29
57
-46
103
-37
123
-29
106
-41
66
-82
33
-127
30
-143
56
-111
78
-46
64
19
0
42
-96
14
-182
-42
-221
-89
-209
-98
-170
-71
-141
-43
-138
-41
-144
-73
-124
-103
-55
-93
52
-19
151
94
188
190
146
214
51
149
-37
31
-67
-83
-24
-141
57
-133
119
-93
126
-69
74
-87
0
-143
-52
-202
-65
-233
-47
-224
-25
-193
-23
-163
-42
-151
-67
-154
-76
-156
-63
-144
-38
-115
-16
-81
-6
-46
-9
-17
-26
4
-53
13
-93
1
-141
-39
-180
-98
-188
-152
-151
-163
-78
-112
-3
-10
29
103
-9
174
-111
166
-232
87
-318
-25
-334
-117
-281
-153
-190
-129
-109
-70
-67
-11
-70
23
-103
30
-136
19
-153
5
-151
-1
-131
10
-100
38
-69
81
-54
126
-59
156
-93
152
-143
110
-185
38
-202
-36
-181
-88
-135
-105
-87
-102
-55
-89
-45
-87
-43
-85
-33
-66
-10
-20
13
49
6
112
-36
139
-107
112
-170
49
-197
-26
-179
-83
-124
-118
-62
-143
-4
-170
53
-194
125
-187
215
-129
298
-21
331
98
280
161
153
131
7
11
-81
-132
-66
-218
42
-205
173
-107
246
-1
214
35
107
-35
1
-175
-29
-299
47
-327
182
-241
292
-88
301
45
198
90
35
39
-97
-58
-139
-120
-86
-100
11
-4
81
110
83
180
26
169
-35
99
-48
17
8
-21
108
1
196
57
224
101
179
93
88
25
-1
-69
-52
-148
-55
-182
-34
-164
-23
-122
-40
-88
-81
-78
-119
-86
-129
-95
-99
-82
-40
-42
25
12
69
59
88
78
81
65
69
22
58
-39
59
-103
71
-164
95
-207
129
-225
165
-208
193
-159
195
-95
161
-40
95
-15
10
-24
-62
-53
-103
-78
-105
-81
-83
-59
-58
-26
-49
-4
-54
0
-59
-9
-46
-14
-11
