81
105
158
54
209
-52
201
-173
148
-260
77
-287
28
-258
22
-202
53
-153
95
-129
122
-126
124
-137
100
-148
49
-158
-24
-161
-122
-143
-231
-93
-321
0
-359
125
-322
235
-216
298
-83
275
18
179
51
57
19
-47
-40
-88
-83
-66
-80
-14
-39
32
16
57
61
69
93
89
127
118
180
143
247
139
291
91
283
9
209
-58
98
-66
0
-5
-33
95
9
176
97
192
170
134
188
37
147
-45
85
-81
40
-73
31
-57
39
-62
28
-88
-19
-102
-88
-71
-131
16
-110
122
-23
190
81
174
134
76
91
-46
-38
-119
-192
-98
-296
7
-308
137
-235
224
-135
235
-59
184
-30
117
-33
76
-26
70
12
72
78
50
136
-8
161
-93
139
-168
93
-213
49
-227
17
-233
-7
-242
-38
-255
-78
-250
-110
-219
-103
-168
-46
-127
41
-133
115
-194
137
-279
96
-343
25
-343
-35
-277
-47
-175
-13
-84
35
-28
67
-4
69
13
56
38
52
62
56
61
48
18
-4
-52
-107
-103
-228
-93
-302
-15
-281
82
-169
129
-21
73
78
-80
67
-261
-46
-379
-193
-380
-291
-268
-287
-112
-187
12
-54
53
55
16
98
-56
81
-115
35
-141
-11
-137
-45
-122
-71
-108
-101
-91
-129
-66
-146
-30
-146
6
-136
28
-129
36
-137
41
-151
56
-157
84
-139
105
-103
99
-74
55
-78
-11
-119
-67
-173
-85
-202
-64
-186
-32
-127
-20
-59
-46
-17
-95
-8
-131
-14
-129
-2
-92
45
-53
107
-42
145
-69
132
-115
65
-136
-23
-110
-87
-43
-109
28
-96
69
-76
66
-76
38
-95
11
-110
4
-100
8
-62
3
-17
-25
14
-64
19
-91
16
-83
25
-42
61
6
111
37
147
41
146
37
117
51
88
91
88
135
119
143
146
86
127
-21
34
-134
-107
-197
-242
-185
-315
-123
-312
-61
-258
-44
-206
-76
-188
-122
-201
-140
-204
-109
-169
-49
-91
-4
-4
-3
49
-39
42
-72
-2
-66
-36
-9
-30
64
21
105
76
81
87
4
28
-80
-81
-117
-186
-87
-235
-11
-213
64
-140
95
-62
65
-17
1
-16
-59
-47
-84
-76
-66
-83
-16
-61
41
-20
87
25
113
62
118
78
106
72
90
45
78
8
76
-21
88
-30
100
-18
98
5
66
16
9
5
-55
-26
-100
-59
-112
-69
-93
-46
-62
0
-45
43
-44
69
-49
70
-42
64
-6
71
45
99
92
135
113
158
102
151
74
114
52
71
49
45
60
42
62
47
38
37
-5
4
-39
-42
-40
-64
0
-37
59
44
96
147
78
225
3
240
-104
185
-192
85
-223
-15
-181
-69
-93
-68
4
-17
70
49
86
98
57
110
8
83
-35
32
-50
-21
-33
-49
10
-49
57
-23
84
12
79
33
42
25
-11
-12
-56
-65
-77
-107
-69
-119
-42
-96
-21
-49
-18
1
-36
42
-66
72
-91
97
-100
127
-101
159
-101
186
-112
191
-127
164
-136
113
-123
56
-82
11
-19
-4
45
6
89
29
98
43
73
40
29
15
-13
-19
-36
-49
-32
-52
-6
-25
30
28
58
90
67
140
59
165
45
165
39
148
51
130
78
122
104
119
107
103
82
59
37
-21
-5
-122
-19
-211
8
-263
66
-259
129
-209
171
-136
174
-69
145
-25
97
-13
50
-26
19
-57
13
-93
28
-127
61
-151
103
-157
144
-144
168
-125
158
-115
117
-127
59
-161
7
-197
-16
-205
-11
-166
2
-86
-13
-1
-76
48
-174
35
-267
-32
-309
-110
-280
-157
-188
-148
-76
-92
9
-30
45
7
43
6
38
-12
52
-18
85
9
117
57
122
103
92
126
47
120
16
115
16
133
36
182
48
241
25
274
-33
250
-97
178
-122
98
-87
53
-2
74
86
146
132
222
107
254
28
218
-54
132
-91
45
-59
6
23
34
107
114
147
201
119
247
30
223
-84
129
-174
-6
-206
-136
-175
-224
-94
-249
3
-213
74
-145
100
-76
82
-28
42
1
9
26
-1
69
4
132
1
189
-29
207
-80
162
-117
66
-101
-33
-5
-78
143
-42
284
49
354
134
320
143
214
59
107
-80
64
-197
105
-231
190
-171
245
-66
219
10
120
16
8
-33
-50
-74
-25
-48
51
55
104
184
79
263
-21
237
-143
122
-206
-19
-165
-103
-45
-91
86
-8
157
83
131
118
35
71
-66
-29
-123
-136
-110
-202
-48
-211
25
-175
81
-112
99
-49
80
-2
23
11
-54
-21
-131
-93
-177
-177
-163
-229
-88
-207
15
-110
88
25
85
129
6
153
-104
98
-173
17
-161
-24
-81
9
8
86
39
144
-11
118
-105
-1
-170
-158
-151
-281
-45
-315
91
-267
190
-186
216
-123
186
-92
144
-70
125
-20
122
66
100
157
30
199
-81
163
-185
66
-221
-36
-174
-94
-64
-91
52
-55
130
-32
168
-33
195
-43
240
-20
291
53
309
140
247
184
111
132
-49
3
-148
-139
-136
-208
-33
-158
86
-21
139
125
91
199
-23
180
-127
105
-158
43
-105
42
-19
92
46
156
61
190
44
189
31
182
42
199
64
240
57
268
6
245
-64
169
-112
74
-97
18
-28
25
35
69
41
80
-28
3
-119
-158
-149
-329
-66
-411
113
-349
296
-168
377
29
305
140
112
111
-105
-18
-238
-158
-250
-226
-173
-190
-88
-91
-62
1
-110
34
-194
-1
-257
-66
-262
-121
-209
-143
-127
-130
-42
-100
33
-57
98
2
154
78
187
167
182
241
128
272
41
251
-52
185
-115
108
-137
47
-124
9
-96
-12
-76
-32
-61
-54
-36
-66
1
-58
43
-29
75
7
78
25
58
12
33
-27
32
-65
65
-74
117
-46
161
7
168
52
127
62
55
27
-18
-33
-66
-95
-83
-133
-81
-147
-78
-148
-91
-153
-117
-170
-138
-192
-137
-207
-112
-196
-64
-156
-14
-92
21
-23
30
30
20
56
1
53
-10
34
-1
11
26
-6
64
-13
103
-17
139
-14
167
-4
189
11
197
33
185
50
150
47
95
14
40
-43
5
-104
8
-140
41
-136
81
-101
99
-60
80
-45
37
-66
3
-105
6
-122
54
-91
119
-4
160
103
145
182
70
203
-29
161
-108
85
-134
17
-102
-11
-43
-1
16
31
44
63
37
74
10
62
-25
31
-56
-13
-78
-63
-83
-110
-66
-139
-29
-139
20
-109
60
-62
77
-21
68
-8
52
-23
57
-40
96
-33
164
14
227
86
251
146
221
163
157
129
92
62
57
2
52
-33
58
-44
47
-54
12
-86
-30
-134
-54
-177
-38
-185
3
-148
43
-89
56
-37
36
-17
8
-25
-1
-35
19
-25
53
8
73
42
59
51
21
27
-23
-16
-44
-45
-42
-47
-43
-32
-70
-29
-129
-66
-190
-136
-218
-206
-186
-233
-105
-195
-17
-110
32
-23
23
20
-25
12
-71
-28
-84
-62
-62
-71
-27
-62
-8
-52
-8
-56
-16
-66
-9
-54
13
-7
30
62
7
115
-64
110
-156
42
-217
-54
-199
-112
-107
-93
13
4
90
117
78
175
-15
134
-121
15
-170
-115
-125
-183
-10
-153
112
-52
167
55
131
100
33
71
-60
-4
-95
-66
-60
-72
7
-24
54
39
47
70
-6
36
-66
-44
-81
-123
-37
-157
46
-130
122
-66
146
-9
110
2
38
-40
-23
-103
-38
-145
-1
-137
52
-78
86
-4
71
48
14
49
-52
8
-91
-39
-78
-63
-31
-47
23
-1
49
44
39
65
1
53
-40
23
-66
-9
-73
-31
-73
-48
-71
-65
-71
-88
-59
-101
-30
-87
11
-39
42
25
34
71
-16
66
-87
3
-136
-89
-123
-161
-41
-167
78
-97
177
16
210
117
164
160
64
128
-36
41
-95
-59
-95
-136
-45
-172
25
-169
91
-146
141
-107
179
-58
201
3
207
68
192
127
151
168
95
187
34
188
-20
182
-63
170
-102
146
-141
106
-170
45
-182
-21
-158
-71
-102
-89
-28
-70
40
-28
80
13
91
41
88
59
86
79
90
118
91
173
68
216
11
224
-69
181
-144
102
-177
14
-156
-47
-87
-62
-4
-42
62
-13
99
4
115
4
127
-1
146
2
168
17
180
33
167
29
135
-4
105
-54
99
-96
132
-105
185
-68
228
-10
234
37
198
49
144
19
101
-25
95
-56
127
-47
171
0
192
54
168
81
107
66
37
10
-9
-61
-11
-116
29
-137
91
-122
153
-81
197
-35
216
7
211
33
190
35
158
13
132
-21
122
-56
134
-70
161
-47
180
1
169
46
112
59
25
24
-57
-45
-95
-105
-70
-117
0
-65
68
24
91
98
54
112
-13
58
-57
-30
-38
-101
44
-107
150
-56
218
17
215
56
148
34
57
-37
-6
-111
-18
-148
8
-132
33
-81
28
-31
-13
-12
-64
-19
-97
-39
-96
-50
-68
-48
-29
-42
6
-47
38
-60
79
-65
130
-52
176
-16
190
22
156
30
81
-9
-5
-83
-60
-154
-66
-181
-35
-152
-6
-88
-11
-33
-60
-20
-123
-53
-161
-103
-144
-132
-79
-115
2
-62
53
-7
57
15
21
-8
-19
-59
-36
-103
-22
-114
4
-91
16
-49
-4
-21
-53
-16
-103
-28
-136
-36
-137
-25
-122
1
-111
23
-119
16
-141
-37
-148
-118
-116
-199
-30
-236
92
-213
209
-141
281
-54
281
4
223
11
141
-25
81
-64
63
-71
81
-29
95
42
77
104
11
115
-76
66
-142
-11
-151
-75
-100
-92
-22
-65
36
-25
46
-17
17
-54
-10
-116
3
-155
65
-129
149
-38
202
82
189
174
112
205
16
180
-47
141
-51
131
-12
164
24
212
15
222
-43
162
-116
36
-147
-111
-107
-214
-2
-237
116
-188
189
-110
182
-56
109
-52
8
-96
-73
-147
-106
-177
-95
-167
-62
-127
-30
-71
-10
-15
5
35
18
84
30
127
33
151
18
144
-6
95
-26
18
-13
-58
39
-101
125
-84
210
-18
256
71
233
136
146
146
27
91
-79
-7
-129
-103
-107
-156
-28
-148
71
-87
149
-4
187
66
180
100
153
98
132
79
129
57
142
49
163
46
174
44
173
36
165
24
156
15
146
13
132
15
107
14
69
0
25
-26
-11
-54
-31
-70
-37
-69
-42
-52
-55
-34
-83
-22
-119
-22
-151
-26
-173
-28
-182
-25
-183
-21
-177
-16
-164
-8
-136
7
-95
38
-50
81
-13
126
6
157
7
168
2
160
3
145
13
131
24
120
31
105
28
82
21
56
18
37
23
38
25
52
11
63
-28
49
-78
8
-113
-41
-108
-66
-66
-43
-15
19
3
77
-32
86
-102
30
-158
-62
-154
-133
-76
-132
32
-54
110
58
108
134
23
130
-93
53
-177
-47
-190
-116
-141
-122
-76
-85
-39
-43
-49
-29
-79
-44
-96
-59
-88
-50
-69
-20
-72
0
-116
-31
-181
-124
-221
-243
-188
-331
-79
-339
68
-262
192
-136
243
-21
218
43
150
52
91
38
70
41
82
71
98
120
96
162
69
180
35
178
15
178
14
193
24
221
20
250
-8
253
-50
224
-90
175
-105
127
-91
96
-59
84
-27
79
-3
74
14
68
33
69
59
87
80
123
78
157
42
165
-27
128
-108
44
-162
-55
-163
-129
-107
-146
-21
-93
49
-1
65
86
15
119
-80
81
-167
-9
-197
-102
-147
-146
-38
-117
76
-35
144
47
134
74
66
19
-4
-97
-28
-215
21
-283
119
-276
217
-214
263
-141
240
-100
165
-107
86
-141
42
-169
43
-158
78
-103
119
-11
146
93
145
197
115
278
61
326
-11
325
-91
269
-158
167
-183
55
-154
-34
-80
-78
6
-78
64
-71
77
-84
61
-127
54
-167
86
-159
156
-76
221
69
228
218
149
305
2
290
-148
192
-235
70
-216
-11
-112
-16
20
40
122
113
158
153
142
136
107
82
89
19
104
-21
137
-33
165
-20
165
-7
134
-10
86
-35
38
-72
11
-103
17
-105
48
-69
82
5
93
88
52
139
-35
125
-141
47
-216
-62
-219
-141
-153
-147
-52
-73
13
30
-1
98
-92
84
-206
3
-273
-90
-253
-125
-168
-74
-78
33
-51
123
-100
141
-187
81
-236
-8
-203
-49
-93
-6
29
107
93
220
63
267
-35
224
-139
116
-190
0
-170
-78
-104
-109
-35
-115
8
-122
30
-135
51
-141
79
-123
105
-83
109
-42
76
-26
21
-42
-29
-66
-47
-72
-37
-40
-24
17
-42
58
-98
53
-169
-2
-209
-79
-190
-134
-108
-135
0
-88
97
-13
155
60
173
117
163
158
136
185
84
189
13
151
-71
69
-138
-42
-155
-132
-109
-161
-20
-115
58
-19
80
69
36
105
-47
79
-113
23
-126
-15
-86
-7
-29
35
-2
73
-23
64
-71
8
-105
-68
-93
-117
-40
-115
21
-70
49
-18
28
4
-29
-13
-83
-47
-104
-69
-91
-59
-64
-31
-61
-11
-78
-30
-106
-81
-103
-140
-54
-167
33
-140
121
-71
167
3
146
36
73
8
-13
-69
-67
-154
-66
-210
-15
-211
54
-162
109
-88
128
-18
116
33
88
64
62
81
45
91
28
88
11
64
-11
15
-22
-50
-13
-110
22
-144
67
-150
99
-138
96
-136
60
-160
16
-198
-8
-225
4
-209
35
-140
58
-42
35
40
-36
67
-124
41
-186
-9
-188
-38
-134
-21
-65
30
-29
71
-45
55
-88
-22
-112
-123
-74
-192
21
-185
131
-111
197
-16
180
45
94
39
-8
-13
-78
-68
-93
-87
-74
-66
-59
-29
-74
-15
-107
-36
-128
-67
-100
-67
-37
-13
28
78
42
153
-16
168
-118
98
-212
-25
-244
-141
-198
-202
-103
-191
-11
-134
38
-71
35
-32
4
-18
-29
-8
-44
16
-53
54
-71
86
-115
89
-174
56
-218
1
-223
-40
-190
-47
-136
-18
-99
25
-98
52
-134
40
-187
-8
-226
-74
-236
-129
-212
-160
-170
-165
-127
-153
-91
-132
-62
-100
-29
-46
-1
30
7
122
-26
190
-110
198
-229
127
-337
-6
-379
-148
-325
-232
-187
-212
-19
-91
99
73
115
201
25
234
-112
169
-222
57
-246
-31
-180
-46
-76
6
3
77
18
110
-19
76
-59
-4
-49
-71
25
-80
134
-25
217
67
235
141
183
163
94
135
11
84
-37
44
-52
27
-57
23
-66
18
-74
8
-66
6
-32
35
18
95
58
170
64
224
30
235
-23
204
-66
152
-83
103
-82
64
-88
22
-111
-43
-145
-131
-162
-223
-140
-283
-74
-281
6
-218
64
-129
74
-46
42
4
-4
30
-38
49
-47
76
-48
106
-59
117
-87
92
-118
25
-122
-57
-81
-111
3
-113
101
-62
168
13
179
76
127
89
39
46
-44
-36
-88
-122
-69
-178
0
-175
95
-112
177
-8
208
92
172
148
81
135
-27
59
-103
-44
-124
-124
-91
-156
-33
-138
6
-100
6
-74
-21
-69
-53
-73
-64
-61
-57
-28
-49
13
-64
30
-98
0
-120
-58
-95
-105
-12
-93
102
-13
187
95
191
168
107
154
-21
52
-123
-86
-145
-190
-89
-213
-4
-163
47
-84
36
-37
-27
-40
-89
-76
-105
-100
-65
-81
6
-16
66
59
85
111
74
119
56
100
59
76
92
74
132
96
154
119
139
127
92
98
30
37
-23
-35
-47
-107
-45
-157
-14
-178
30
-165
74
-124
100
-70
98
-27
63
-14
9
-40
-37
-95
-53
-152
-28
-182
33
-171
103
-126
152
-65
167
-13
148
19
112
24
74
11
43
-11
29
-36
28
-55
42
-61
63
-51
76
-29
74
-12
49
-11
10
-29
-28
-54
-47
-72
-51
-64
-49
-40
-66
-23
-102
-28
-149
-62
-173
-100
-159
-118
-111
-101
-57
-62
-26
-28
-25
-26
-32
-47
-18
-56
25
-20
78
60
89
149
26
187
-103
134
-240
11
-317
-117
-293
-184
-192
-155
-80
-65
-19
24
-25
58
-62
36
-73
3
-27
9
54
70
112
140
98
155
18
81
-68
-59
-92
-190
-25
-243
99
-191
204
-77
229
28
165
71
62
59
-20
40
-41
60
-31
125
-37
192
-98
198
-199
119
-279
-15
-282
-132
-191
-170
-52
-119
59
-27
84
33
20
16
-81
-67
-148
-163
-148
-209
-82
-175
-11
-76
17
35
-24
109
-115
116
-211
73
-266
8
-261
-40
-206
-59
-125
-50
-52
-36
-1
-35
28
-64
52
-108
91
-146
152
-145
225
-95
275
-11
262
64
173
78
33
9
-105
-119
-175
-243
-149
-297
-47
-249
63
-129
109
-6
66
55
-37
31
-135
-46
-172
-115
-131
-129
-52
-81
6
-14
15
24
-21
16
-59
-18
-61
-35
-23
-16
30
40
59
100
49
133
13
132
-23
114
-35
103
-27
100
-18
98
-22
82
-27
47
-16
19
23
23
77
63
110
111
96
122
39
71
-21
-26
-34
-119
18
-158
112
-126
189
-59
196
-16
132
-40
37
-124
-28
-219
-30
-273
21
-256
80
-187
99
-113
66
-69
5
-62
-46
-67
-62
-62
-46
-37
-18
-2
6
30
27
58
49
92
72
132
78
170
47
171
-21
117
-90
20
-119
-69
-86
-96
-6
-37
64
74
63
173
-18
197
-131
142
-199
64
-170
38
-57
101
78
229
151
344
133
377
53
305
-16
177
-18
66
44
15
121
18
145
19
93
-27
-6
-125
-92
-226
-115
-270
-88
-226
-57
-119
-76
-10
-162
45
-276
34
-355
-7
-358
-31
-287
-8
-179
49
-84
107
-22
135
13
124
44
100
81
73
111
47
119
11
98
-48
63
-123
40
-183
43
-202
62
-172
68
-114
37
-66
-26
-52
-94
-70
-132
-94
-119
-93
-66
-60
-6
-6
35
38
47
60
40
54
31
31
26
4
23
-29
16
-71
8
-119
15
-158
47
-161
96
-119
142
-41
151
30
112
66
42
49
-21
-2
-49
-57
-28
-85
17
-81
57
-65
71
-58
61
-69
44
-82
36
-82
34
-58
22
-25
-11
-3
-61
-3
-107
-16
-126
-18
-110
11
-75
64
-52
122
-57
148
-84
132
-108
86
-101
43
-61
30
-7
48
23
78
4
85
-59
48
-139
-21
-202
-100
-224
-157
-211
-176
-178
-161
-149
-125
-129
-87
-117
-52
-100
-22
-76
12
-38
52
1
98
36
143
55
179
50
193
21
172
-25
107
-71
13
-85
-88
-54
-153
21
-158
110
-98
173
-1
179
86
122
127
30
114
-55
67
-101
20
-100
-4
-69
-3
-30
10
1
23
30
40
70
81
117
157
151
260
143
356
73
402
-40
377
-157
293
-226
197
-226
133
-168
120
-95
141
-47
163
-40
148
-49
100
-49
43
-17
9
35
11
78
27
78
25
37
-23
-18
-109
-41
-196
-9
-235
72
-204
158
-115
204
-15
187
49
118
54
42
13
1
-37
10
-58
47
-45
78
-16
69
-12
23
-47
-39
-118
-81
-192
-84
-237
-62
-236
-38
-203
-47
-173
-92
-170
-151
-198
-189
-232
-182
-238
-129
-194
-64
-115
-23
-32
-24
19
-57
19
-88
-10
-88
-32
-49
-21
-4
21
16
65
-15
71
-84
21
-147
-63
-163
-127
-112
-124
-23
-41
50
91
54
204
-25
244
-152
187
-263
67
-298
-55
-235
-119
-101
-100
45
-17
143
86
166
154
122
162
52
114
-4
43
-9
-12
33
-20
100
25
157
106
173
185
134
228
54
213
-36
142
-98
45
-102
-38
-52
-78
29
-69
105
-29
140
9
133
23
98
9
59
-13
31
-28
19
-30
5
-29
-19
-40
-43
-62
-49
-83
-22
-71
35
-16
91
73
107
151
72
184
-2
147
-71
66
-93
-11
-56
-49
14
-31
74
13
90
46
59
40
13
4
-13
-28
1
-24
40
24
73
93
67
148
25
169
-32
153
-74
121
-84
96
-73
82
-57
69
-44
46
-33
20
-8
6
33
25
72
72
82
124
45
140
-37
94
-120
4
-158
-93
-124
-140
-29
-110
81
-13
155
108
156
204
89
239
-12
209
-107
132
-168
37
-182
-49
-155
-112
-95
-139
-22
-126
44
-83
81
-30
78
4
40
4
-12
-29
-48
-69
-48
-86
-21
-65
6
-23
6
9
-31
6
-81
-33
-105
-74
-86
-81
-33
-36
14
34
16
85
-35
72
-110
0
-148
-93
-119
-150
-26
-135
79
-64
139
10
124
30
50
-26
-28
-139
-54
-251
-7
-312
90
-298
191
-228
250
-135
254
-57
204
-6
128
11
44
1
-24
-30
-68
-66
-78
-86
-54
-74
-13
-28
17
32
7
64
-45
36
-112
-52
-139
-160
-90
-220
37
-185
187
-57
288
114
286
245
181
291
27
244
-107
151
-175
69
-179
23
-158
-2
-145
-35
-146
-95
-133
-165
-80
-204
16
-185
126
-112
195
-28
203
22
163
25
123
6
117
12
143
66
160
148
121
194
9
149
-129
8
-218
-175
-199
-310
-68
-336
112
-247
252
-103
289
13
218
48
93
1
-17
-82
-66
-144
-59
-156
-34
-130
-25
-98
-50
-89
-92
-109
-119
-142
-114
-166
-71
-168
-13
-146
46
-112
94
-76
125
-44
136
-25
128
-27
104
-58
76
-109
67
-159
89
-178
137
-151
183
-81
196
-4
156
40
73
26
-12
-35
-57
-105
-40
-141
26
-129
105
-83
150
-34
151
-11
114
-28
71
-72
40
-118
28
-151
26
-173
27
-181
30
-177
45
-148
72
-83
103
11
116
115
94
190
40
206
-16
165
-33
97
14
45
119
37
248
75
348
128
392
156
370
133
312
63
250
-25
211
-105
194
-154
186
-170
170
-163
139
-147
101
-124
70
-88
49
-33
39
42
24
119
-11
173
-68
184
-132
143
-184
64
-199
-25
-168
-95
-105
-128
-38
-127
4
-110
2
-107
-37
-129
-89
-170
-124
-205
-122
-209
-91
-169
-55
-99
-35
-26
-40
23
-49
47
-43
60
-6
89
52
143
105
206
121
245
91
233
36
168
-6
83
-4
25
39
24
90
