-414
-54
320
-57
-385
23
-382
47
-371
69
-368
89
317
-138
-354
132
312
-171
300
-188
-315
192
276
-221
263
-240
-277
245
234
-269
-247
274
204
-292
186
-305
167
-316
148
-325
-153
332
-134
339
91
-348
73
-351
51
-356
30
-360
-30
361
-11
363
-32
-360
-53
-357
-74
-354
-95
-349
-111
-346
119
337
139
330
159
323
-188
-313
194
300
-222
-288
228
276
243
262
261
245
273
231
287
214
-306
-198
-317
-182
320
160
329
141
337
121
-350
-105
347
81
351
59
356
40
-363
-21
360
-4
357
-26
-361
44
-359
63
-356
84
342
-108
-344
125
-335
144
-326
163
-4
-3
-1
1
0
-1
-1
-1
-1
-1
-2
-1
-1
-1
-1
-1
-2
-2
-97
-349
341
-118
-136
-337
325
-158
-176
-318
-194
-308
-211
-297
226
281
240
265
-259
-255
-273
-238
-222
283
295
202
308
184
-170
317
-328
-150
334
128
110
-344
349
88
68
-357
-359
-50
-364
-30
-11
361
12
361
34
358
-358
54
351
-77
95
348
-342
117
-337
136
-158
-327
173
315
-305
192
-295
209
-283
228
-269
243
258
250
-239
274
-223
285
201
-299
-310
-185
165
-323
-150
328
-130
337
-346
-109
88
-351
68
-355
-359
-48
-1
0
-1
0
-2
-1
-1
-1
-1
-1
0
0
0
-1
0
1
-1
-1
0
-1
0
-1
-1
-2
-1
-1
-1
-1
-1
-1
-1
-1
-1
-1
-3
-2
-1
-1
-3
0
-1
0
-1
-2
-3
-1
-1
-1
-1
-3
-1
-1
-1
-1
-1
-1
-1
0
-2
0
0
-1
-1
0
-2
-1
1
-2
-1
0
-1
-1
-1
0
-1
-1
-1
-1
-2
0
-1
-2
0
-1
-1
-1
-4
0
-1
1
-2
-1
-1
-1
-4
-1
0
0
1
1
-1
1
-1
0
-1
1
-2
0
-1
0
-1
-2
-2
-2
0
-1
0
0
0
0
-2
1
0
0
-1
-1
-2
1
-1
-1
-2
0
-3
-1
-1
0
-1
0
-1
-2
-1
-2
-1
-1
0
0
-1
0
-1
0
-3
-1
-1
0
-1
-1
-1
-3
-1
-1
-1
-1
-2
-1
-2
-2
-1
-1
-1
-1
-4
-2
-3
-3
-2
-1
-3
-3
-2
-2
-1
-1
-1
-1
-4
-1
-2
0
-2
-1
-1
-1
-2
1
-1
0
-1
-1
-2
0
-3
0
-3
-1
-1
-1
-1
0
-1
-1
-2
0
-2
-1
-2
1
-2
1
0
0
-1
0
-1
-1
-1
-1
-1
0
-1
0
-1
0
-1
-1
1
-1
-1
1
-2
1
-1
-1
-2
-1
-1
0
-1
-1
-1
0
0
0
0
0
-1
0
-1
1
0
0
-1
-3
-1
-1
-1
-1
-1
0
0
0
0
-1
0
0
0
-1
-2
0
-1
-1
0
-1
1
1
0
-1
-1
-1
-1
-1
-3
-2
-1
-1
-2
-1
-1
-1
-1
-2
-3
-1
0
0
-1
-1
-3
-1
-3
-1
-1
1
-1
-1
0
-1
-1
-1
-2
-1
-3
0
-1
-2
-1
-1
0
-1
0
-1
-3
-1
-1
-1
-4
-2
-2
-2
-2
-1
-2
-3
-2
-1
0
-1
-3
-1
-1
-1
-2
-2
-2
-1
-1
-2
-1
-1
-3
-3
-1
1
-2
1
-2
-1
-1
-1
-2
-1
-3
-1
-1
-1
-2
-1
-1
-1
-2
-3
-2
-1
-2
0
-4
-1
-3
-1
-1
-2
-4
-2
-2
-1
-4
-1
-3
1
-3
-2
-3
-1
-2
-1
-1
-1
-2
1
-1
-1
-1
0
-2
0
-1
-2
-1
-2
-3
0
-2
1
0
-1
-1
-1
-1
0
-2
-1
-1
0
-2
1
-1
-1
-1
-1
-4
0
-1
2
-1
-2
-2
1
-1
-1
-2
-1
-2
-1
-2
0
-1
-1
-2
1
-1
1
-1
1
-1
0
-1
-1
-1
-1
-1
0
0
0
0
0
-1
0
0
0
-1
0
0
1
-1
0
-2
0
-1
0
-1
-1
-1
-1
-1
-1
0
0
-1
0
-1
-1
0
0
1
0
-2
0
-1
-1
-1
-1
-1
-1
-1
-1
0
2
1
0
-1
-1
-4
1
-1
1
-2
-1
-1
-1
-1
0
-1
-1
-1
1
-2
-1
-2
-1
-1
1
-1
-3
-2
-1
-1
-2
0
0
0
-1
-1
-2
0
0
-1
0
-1
0
-2
0
-1
-1
-1
0
0
-1
0
-2
0
-1
-2
-1
-1
0
-1
-1
-2
0
0
-1
-1
-1
-3
-1
0
-1
-1
0
-1
0
-1
-1
-1
0
-1
0
-2
-1
-2
-1
-2
-1
-2
-2
-3
0
-1
-1
0
0
-1
-1
-1
-1
-1
0
-3
-1
-3
-1
-1
1
0
0
-2
-1
0
0
-2
1
-3
0
-1
-2
-1
-1
-2
1
-1
-1
-3
-1
-1
0
-1
0
-3
0
-1
0
-2
-1
-1
-1
-1
1
-1
-1
-1
-1
-1
-1
-3
-1
0
-1
-2
1
-1
-2
-1
0
-4
1
-1
-1
-1
-1
-1
1
-4
0
-1
-2
-2
0
0
0
-1
0
0
-1
-1
0
0
0
0
0
-1
-2
-1
0
-1
-1
-1
-1
-1
-1
-1
1
-2
0
-1
1
0
0
-1
0
-2
0
-1
-3
-1
0
-1
-3
0
0
-1
-1
1
0
-1
1
-1
-1
0
-1
-1
-1
-2
-1
-2
-1
-1
-1
-1
-1
1
-1
-1
0
-1
-1
-1
-1
0
0
0
-1
-3
-1
-2
-1
-1
-1
-1
0
-2
-2
-1
-1
-1
0
-1
-2
-2
-2
-1
-1
-1
-1
-1
-1
0
0
-1
0
-1
0
-1
0
-1
0
-1
0
1
-1
-1
2
-1
-1
-1
-1
0
0
-1
1
0
1
0
1
-1
1
-1
0
-1
-1
-1
1
-2
1
-1
0
-1
-1
-2
0
-3
-1
-1
-1
0
0
0
-1
-1
-1
0
-1
-2
0
-1
1
0
-1
-1
0
-1
-1
0
1
-3
-1
-1
1
0
-1
-1
-1
-1
-1
-1
-1
0
-1
-1
-1
-2
0
0
-1
-1
-1
-1
-1
0
0
-2
-3
0
-1
0
-1
-1
-1
-1
-1
0
-1
-1
0
-1
0
-4
0
1
-1
-1
-1
-2
-1
-1
1
-2
-1
0
0
0
-1
-1
-1
-1
0
-2
-1
-1
-1
-1
1
-1
0
0
-1
0
-1
-1
1
-1
-1
1
1
0
-1
-1
0
0
0
-1
1
-1
-1
-2
0
-1
1
0
0
-1
1
-1
1
0
0
1
0
-3
0
-1
0
-1
-1
-1
1
-1
-1
-1
1
-1
-1
-1
-1
1
1
-1
-1
-2
-1
0
-1
-1
0
-2
-1
-2
0
-1
-1
-1
0
0
0
-1
2
-1
-1
-1
0
-1
0
-1
1
-1
-1
-1
-1
-1
0
0
-1
-1
-1
-1
0
0
0
-1
-1
-1
0
-1
0
-1
0
-1
-2
-1
0
-1
-1
-2
-1
-1
-1
-1
0
-2
1
-2
0
0
-1
-1
-1
-1
1
0
-1
-1
-1
-1
-1
-2
1
0
0
-1
0
-2
-2
-1
1
0
-1
0
0
-1
-1
-1
1
-1
1
-1
-1
-1
0
0
1
-1
-2
1
0
-1
0
-1
0
0
-1
-1
-1
-1
1
0
1
-2
-1
-1
0
-1
1
-1
-1
0
-1
-1
-1
0
1
-1
-1
0
-1
-1
-1
-2
0
-1
-2
-1
0
0
1
-1
0
-2
0
-1
-1
-1
-1
-1
1
-1
-1
0
-1
-1
-1
-2
-1
-1
1
-2
1
-2
-1
-1
0
-1
-1
-1
-1
0
0
0
2
-1
2
0
-1
1
0
-1
1
0
0
-1
0
-1
-2
-1
0
-1
-1
-1
0
-1
0
1
1
0
-2
0
0
-1
1
0
-1
-1
1
-2
1
0
-1
1
1
-1
-1
0
-1
-1
0
0
0
-1
0
-1
-1
0
0
1
1
-3
-1
0
-1
1
-1
-1
-1
-2
0
0
-1
-1
0
0
1
0
0
1
1
-1
-1
1
0
0
1
-1
0
0
1
1
1
0
-1
-1
-2
-2
0
-3
0
-1
0
-2
-1
1
0
0
-1
-2
0
-2
0
0
0
1
-1
0
1
-3
1
0
-1
0
-1
-1
-1
-1
0
-1
-1
-1
1
-1
-1
-1
-1
-1
-1
-1
-1
-1
1
-1
1
0
0
-1
1
-2
-1
-1
1
-1
1
-1
-1
-1
-1
-1
-1
-1
-1
0
-1
-1
0
0
-1
-1
-2
-3
1
-1
0
-1
-1
-1
-1
-1
0
-1
-1
0
-1
1
1
-1
-2
-1
1
-3
0
0
-1
0
-1
-1
-1
0
0
0
1
-3
1
-1
-1
-1
0
-1
1
0
-1
-1
-1
-1
0
-1
0
-1
-1
-1
1
-1
0
-1
0
-1
-1
1
1
1
1
1
1
-1
-2
-1
-1
-2
-1
-1
1
-1
0
-2
-1
-1
-1
-1
1
1
1
-1
-3
1
0
-1
0
-1
-1
1
-1
-1
-1
-1
1
-1
1
0
-1
-2
-1
1
-1
0
1
-1
1
-1
1
1
0
-1
1
0
0
0
1
-2
1
0
0
-2
0
-1
0
1
0
-1
1
-1
-1
-1
-1
-1
-1
0
-1
-1
-1
0
1
1
1
-1
1
-1
-1
-1
-1
1
0
0
1
-1
-1
-1
-1
-2
-1
1
-1
-1
0
-1
1
-1
1
-1
0
0
0
-1
-1
-1
0
0
1
1
-2
0
-2
-1
-1
1
1
-1
0
0
1
-2
-1
0
-1
-1
1
-1
1
0
1
-1
0
-1
0
-1
0
-1
-1
-2
-1
-1
1
-2
0
1
1
0
-1
-1
0
-1
-1
-1
-1
0
-1
-1
1
0
0
-1
0
0
0
-1
-1
-1
1
0
0
1
1
-1
-1
0
0
-1
-1
0
-1
-1
0
0
-2
-1
-1
0
0
-1
1
0
1
0
0
-1
1
-1
-1
0
-1
-2
0
-2
-1
-1
-1
-1
-1
-1
0
-1
0
1
1
-1
-1
0
-1
1
-1
-1
0
0
-1
1
0
-1
-1
0
0
-1
0
0
0
-1
0
-1
-1
-2
-2
-1
-1
1
0
-1
-1
-1
0
-1
1
0
-1
-1
-2
0
-1
0
-1
-1
-2
-1
-1
-1
-1
0
0
0
0
-2
-1
1
-1
-1
1
0
-1
1
-1
0
1
0
0
-2
-1
-2
1
1
1
0
0
-1
1
1
-1
1
-1
1
0
1
1
0
0
2
0
1
1
0
-1
-1
-2
0
-1
-1
-1
-1
-1
0
1
0
-1
-2
1
1
-1
0
-1
1
0
1
1
-1
-1
-1
0
0
-3
-1
0
-1
0
1
0
-1
1
-2
1
-1
0
1
-2
1
1
1
-1
-1
-1
-1
1
-1
-1
-1
1
-1
-1
-1
0
0
-1
1
0
1
-1
0
0
0
-1
-2
-1
-1
-1
-1
-1
-1
0
0
0
1
0
-1
1
0
1
-1
-1
-1
1
1
0
1
1
1
0
0
-1
1
-1
1
1
-1
0
-1
1
1
1
-2
1
0
0
-1
-2
1
1
-1
-1
-1
0
-1
2
-2
0
-1
0
0
-1
-1
-1
-1
0
-1
0
-2
0
1
-1
0
1
-1
-1
-1
-1
0
-1
1
0
-1
0
1
-1
-1
0
-1
-1
0
-1
-1
1
-1
0
-1
-1
0
-1
-1
0
0
-1
1
0
-2
-3
0
-1
-1
1
1
-1
1
0
-1
-1
0
-1
-1
1
0
-2
1
-1
0
-1
1
-1
-1
-1
0
-1
1
1
-1
-1
0
-2
-1
0
0
1
0
-2
0
0
1
-2
-1
-1
0
-1
1
-1
0
-1
-1
0
-1
0
1
-1
0
-1
-1
-1
0
-1
-1
-2
0
-1
0
-1
0
-1
0
-1
0
-1
1
-1
0
1
-1
-1
1
-1
-1
0
-1
-1
-1
1
-1
-2
-2
-1
0
-1
-1
0
1
-1
1
-1
-1
0
1
-1
0
-1
-1
-2
-1
0
1
-1
0
0
1
0
0
0
-2
1
-1
0
1
-1
0
-1
0
-1
1
-2
0
1
1
0
-1
-1
-1
1
0
0
0
-1
-2
-2
0
-1
0
1
-1
-2
-1
-1
1
-1
-1
-1
1
0
1
-1
0
0
-1
0
-1
-1
-1
-1
0
-1
1
0
1
-1
1
-1
-1
0
1
-1
0
-1
-1
-1
-1
-1
1
-2
1
-1
-1
0
0
0
1
-2
0
-1
1
0
0
0
0
1
-1
-1
2
1
0
0
-1
0
0
0
-2
-2
-1
0
0
0
-1
0
1
-1
-1
-1
0
-1
0
0
-1
-1
1
-1
-1
-1
0
-1
0
1
0
0
0
0
1
-1
-1
-1
-1
-1
0
1
-1
-1
1
-1
1
0
1
0
0
-1
0
-1
-1
-1
-1
0
-1
-1
0
-1
0
0
-1
0
-1
1
-1
-2
0
-1
1
-1
-1
1
1
0
0
0
-1
-1
0
0
0
0
-1
-1
1
-1
0
-1
1
-1
0
-2
-1
-1
-1
-3
-1
0
-1
0
0
-1
0
-1
-1
0
1
-1
0
-2
-1
1
-1
-1
-1
-1
-1
-1
1
-1
-2
1
-1
-1
1
0
0
0
-1
-1
-1
0
-1
0
-1
-1
0
1
1
-2
0
-1
0
-1
1
0
0
-1
-1
-1
1
0
1
1
0
-1
-1
0
-1
0
0
-2
1
1
1
0
-1
-1
0
-1
0
-1
1
-1
0
-1
1
0
1
-1
0
0
0
-1
2
0
-1
-1
1
-2
-1
-1
2
-1
-1
0
-1
-2
-1
0
1
0
-1
-1
0
0
1
1
0
-2
1
-2
0
0
0
0
1
-2
2
0
-2
-1
0
1
1
0
-1
-1
-1
-2
1
-1
-1
0
-1
-1
-1
-3
0
-1
0
-1
1
0
0
-1
-1
0
-1
-1
1
-1
1
-1
-1
-2
0
-1
0
-1
0
0
1
-1
0
0
0
-1
1
-1
-1
-1
1
-1
0
-1
-1
0
0
-1
1
0
-1
-1
1
0
1
-1
0
-1
0
-1
1
-1
-1
-1
-1
-3
-1
-3
0
-1
1
-1
1
-1
0
-1
-1
-2
-1
-1
-1
0
0
1
-1
-1
0
-1
-1
-1
0
0
0
-1
0
-1
-1
-1
0
1
-1
-1
-1
-1
-1
-1
-1
1
0
-1
1
-2
0
-1
0
-1
-1
-2
-1
1
-1
-1
-1
-1
0
-1
-1
0
1
-3
-1
-1
-1
-1
-1
0
0
-1
-1
-1
-1
0
0
-1
-1
-2
-1
0
-1
-2
0
0
0
-1
0
-1
1
-1
0
-1
-1
0
0
-1
0
-1
1
-1
1
-2
1
-1
0
-1
0
0
0
1
1
0
-1
-2
0
-2
0
-1
0
-1
1
-1
1
-1
1
-1
-1
-2
0
1
0
-1
0
0
1
-1
-1
-2
0
0
1
-1
0
1
-1
0
0
-1
0
1
0
0
0
-1
0
-1
-1
-2
-1
0
0
-2
0
0
-1
1
0
-1
-1
0
0
-1
-1
-2
-1
-1
-1
-1
0
-2
1
-1
0
0
-1
-1
-1
-1
-1
-1
-1
0
0
0
-1
0
-1
-1
-1
-1
-2
-2
1
-2
0
-2
-1
-1
0
0
-1
-1
-1
0
1
-2
-1
0
-1
0
1
-1
1
-2
-1
-1
0
-1
1
-1
0
-1
0
-1
1
-1
1
-1
0
-1
-1
-1
-1
-1
-2
-1
-1
-1
0
-1
-1
-1
-1
-1
-1
-1
-1
0
0
0
0
-1
0
-1
0
-1
-1
-1
0
0
-1
-1
-1
0
-1
-1
1
-1
-1
-1
1
0
0
-1
-1
-1
0
-1
-1
1
-1
0
-2
-1
-1
0
1
-1
0
-2
0
-1
-2
-1
1
-1
0
-1
-1
-1
-1
1
0
0
-1
-1
1
1
-1
-1
1
1
-1
-1
-1
-1
-1
-1
0
-1
0
0
-1
0
0
-3
-1
-1
-1
-1
1
-1
0
-1
0
-1
0
-1
0
0
0
-1
0
-1
0
-2
1
-1
-1
-2
0
-1
-1
-1
-1
1
0
-1
-1
0
0
-1
0
-1
-1
-1
0
0
-1
0
0
-1
1
-2
-1
0
-1
1
0
0
0
-1
-1
-1
0
0
-1
-2
-1
-1
-1
1
0
-2
-1
0
0
-2
-1
0
0
0
0
-1
1
-1
1
-3
-1
-2
-2
0
-1
-1
0
0
0
-1
1
1
-1
0
-1
-1
-1
1
-1
0
-1
-1
0
-1
-1
-1
-1
-1
0
-1
1
-1
-1
0
0
-1
0
-1
-3
-1
-1
-1
0
-1
-1
-2
0
-1
0
0
-1
-1
-1
0
-1
0
-1
-3
-3
-2
0
-1
-1
-3
0
-1
1
-2
-1
-1
-1
-1
-1
-1
1
-2
0
0
-1
-1
-1
-1
1
1
-1
-4
1
-1
1
-3
-1
-2
0
-2
1
-3
-1
-2
0
0
0
-1
-1
-1
0
-1
-1
-1
0
-1
-1
-2
0
-2
0
-1
-1
-1
1
-1
1
-2
1
-1
0
-1
-1
-1
0
-3
0
-1
0
-1
0
-2
-2
-2
-1
-1
0
-2
-1
-3
-1
-3
0
-1
0
-1
0
0
-1
-3
-1
-1
-1
0
0
-1
1
-1
-1
0
-1
-1
0
-1
0
-1
-1
-1
-1
-1
0
-1
1
-1
0
-1
-1
-1
1
-1
-1
0
-1
-1
1
0
0
0
0
-2
-1
-1
0
0
1
-2
1
-2
-1
-2
0
0
-1
0
0
-3
0
-3
-1
-1
1
-2
0
-1
-1
-1
1
-1
0
-1
-1
-2
0
-3
0
-1
-1
-2
-1
0
-1
-1
1
-1
-1
-1
-2
1
0
-2
0
0
0
-3
0
-2
-1
0
-1
-1
-1
-1
-1
-1
0
0
-1
-1
-1
0
-1
-1
-1
1
1
-1
-2
-1
-1
-1
0
-1
-1
-2
-1
0
-1
0
-1
-1
-1
-1
-1
-1
-1
-1
0
-1
1
0
-1
-1
0
0
1
-1
-1
-1
0
-3
0
-1
0
-1
-2
-1
0
-2
1
0
3
-2
0
-1
0
-2
-2
-3
-1
-1
-1
-1
1
-1
-1
0
-1
-1
-1
-1
0
0
-1
-2
0
-1
-2
-1
-1
-1
0
-1
0
-1
0
-1
-1
-2
-1
-3
-2
-1
0
-1
0
-1
0
-1
-1
-1
1
-1
-1
-2
1
-1
0
-1
-1
-2
-3
-1
-1
-1
1
-4
-1
-4
0
-1
0
-1
0
-1
-1
-1
-1
-2
0
-1
-1
-1
0
0
-1
-1
-1
-1
-1
-1
0
-1
-2
0
0
0
0
-1
-1
-1
-1
-2
-1
-1
0
-2
0
-2
-1
-1
-1
-1
0
0
-44
356
23
-361
361
1
18
359
37
356
-62
-358
-81
-354
-350
102
-339
119
-333
141
-161
-325
-180
-315
-303
194
212
289
230
276
262
-247
-250
262
273
233
287
216
-301
-201
310
180
322
163
-145
330
337
125
-344
-105
351
84
-64
354
42
-358
358
23
-4
361
-21
-361
-40
-361
59
354
-83
-351
102
347
338
-124
140
332
-323
160
-314
179
301
-199
289
-216
231
276
-248
-264
-248
262
-233
276
-217
288
-301
-199
180
-315
-325
-164
-332
-143
339
123
103
-344
-351
-83
-358
-66
-42
359
-22
359
360
0
20
359
-41
-359
62
354
83
350
-345
103
-124
-339
332
-144
-163
-322
182
311
-198
-301
289
-218
-276
231
-262
247
-247
261
232
-280
-290
-215
-301
-199
-179
311
163
-325
143
-334
-122
335
348
101
81
-354
356
59
43
-361
-20
358
1
360
22
357
-357
41
-355
63
-350
83
105
343
-124
-342
143
329
-322
161
-182
-315
-301
197
-288
213
233
272
260
-251
245
-267
230
-280
291
211
301
194
-314
-181
-161
322
-332
-144
121
-344
-346
-104
-351
-82
60
-357
-40
355
361
18
-363
-1
23
358
42
357
354
-66
84
351
103
344
-339
123
146
330
163
320
181
308
297
-200
216
287
-276
234
259
-250
262
245
-231
279
-216
291
-197
303
-178
314
158
-323
-140
333
119
-342
344
100
-83
352
-60
355
358
40
18
-361
360
-4
-361
23
356
-48
352
-66
-88
-351
-107
-343
338
-127
328
-146
320
-165
-311
182
-202
-300
-287
218
-236
-273
-251
-260
245
-266
-228
277
-292
-211
303
193
-315
-176
158
-325
333
137
120
-341
-349
-99
-350
-80
357
59
358
37
360
17
-359
3
25
359
46
358
-356
65
349
-89
107
344
-335
127
330
-148
-168
-322
-185
-313
-201
-303
-219
-289
273
-238
260
-253
-244
267
229
-284
293
209
-196
303
315
175
-325
-158
-136
332
-119
337
-347
-102
-78
351
-357
-60
-37
356
16
-363
-6
-363
-360
25
47
356
355
-70
350
-91
-109
-346
-339
125
147
327
319
-170
-310
182
202
296
-286
218
271
-237
-257
251
-245
265
-281
-230
209
-296
-306
-194
-317
-177
324
153
-336
-140
339
115
-349
-99
-78
349
354
54
-362
-37
-17
358
-8
-361
-28
-361
-360
47
66
353
347
-93
107
342
-338
129
327
-151
317
-171
307
-189
202
296
284
-223
-274
235
257
-255
-271
-243
225
-283
-212
294
305
192
313
172
322
155
-337
-136
115
-343
-1
-4
-2
-1
-1
-1
-2
0
0
0
0
-1
-1
-1
-2
-1
298
199
310
182
320
164
331
146
339
127
344
106
351
86
355
64
357
45
361
23
-360
-1
361
-18
358
-39
358
-60
351
-82
346
-102
-339
121
332
-141
325
-161
316
-180
-303
197
293
-215
-276
230
264
-250
-249
261
233
-278
218
-289
-199
300
-181
311
165
-325
146
-332
124
-341
-103
342
-82
349
-61
352
44
-363
-20
358
4
-365
21
358
-40
-362
-61
-360
-81
-354
-103
-349
-121
-344
-141
-334
-161
-328
181
310
199
298
-216
-293
-229
-282
-247
-268
262
245
-278
-238
288
211
298
194
310
179
320
158
330
140
338
120
342
100
349
81
-358
-66
357
38
-363
-23
