-63
-28
-8
34
69
85
148
107
208
103
233
78
218
40
163
3
76
-25
-23
-30
-113
-16
-171
4
-187
4
-180
-35
-178
-113
-210
-202
-277
-255
-344
-235
-360
-141
-283
-25
-116
56
87
47
244
-60
285
-204
209
-322
60
-341
-83
-257
-152
-109
-136
32
-57
114
32
119
93
67
116
-4
118
-71
117
-127
115
-181
107
-237
77
-283
25
-302
-33
-272
-74
-202
-81
-105
-49
-12
10
57
71
86
117
76
136
37
115
-19
58
-74
-29
-105
-124
-101
-197
-59
-228
2
-202
51
-143
64
-76
28
-35
-37
-29
-105
-46
-148
-64
-161
-63
-153
-42
-145
-18
-147
-6
-154
-8
-152
-16
-128
-11
-88
13
-43
49
-11
86
3
105
4
112
-1
109
-4
97
-8
79
-20
47
-38
-4
-54
-65
-52
-114
-30
-141
-1
-139
18
-127
11
-124
-11
-139
-24
-157
-6
-146
48
-84
111
27
144
151
120
240
37
260
-74
199
-157
91
-180
-19
-130
-91
-32
-110
71
-88
147
-52
177
-30
166
-31
136
-56
103
-90
78
-118
69
-131
65
-130
57
-120
38
-115
12
-119
-10
-129
-14
-132
4
-106
37
-52
60
18
54
75
9
90
-54
58
-100
2
-103
-41
-57
-39
13
6
64
60
71
89
41
66
8
11
13
-40
68
-45
150
1
214
71
222
120
173
116
98
63
35
-8
13
-64
25
-88
46
-86
50
-83
37
-90
25
-95
30
-82
54
-34
78
39
78
107
47
146
-2
151
-43
132
-55
116
-35
119
0
134
30
151
45
156
52
151
57
140
63
130
64
112
50
76
34
25
33
-23
58
-40
103
-9
141
54
133
107
69
114
-23
62
-95
-13
-107
-57
-59
-31
11
49
42
129
8
153
-62
110
-112
37
-91
0
-2
41
94
136
126
211
65
192
-49
61
-130
-122
-100
-260
47
-270
246
-153
391
18
407
141
305
159
161
88
66
-2
69
-28
140
37
209
156
210
257
128
281
7
230
-88
146
-117
86
-87
71
-46
91
-35
100
-71
63
-124
-16
-158
-108
-142
-173
-83
-185
-11
-149
40
-95
47
-48
19
-28
-25
-35
-62
-58
-76
-78
-58
-82
-15
-53
39
11
85
100
98
188
64
238
-11
233
-98
173
-158
91
-156
29
-97
24
-9
78
62
165
85
238
49
267
-14
244
-71
187
-92
130
-70
93
-19
81
36
86
81
92
111
93
134
88
150
82
168
78
180
76
184
78
183
84
170
91
141
91
95
76
35
37
-21
-25
-59
-90
-54
-125
-13
-111
42
-47
84
42
78
116
28
146
-43
130
-95
91
-103
69
-67
81
-18
121
10
153
-6
141
-53
70
-93
-44
-91
-157
-32
-231
64
-246
159
-223
210
-191
212
-182
181
-199
152
-214
153
-194
177
-121
197
-7
173
107
92
173
-32
169
-153
109
-223
31
-223
-21
-161
-24
-81
8
-27
41
-13
38
-30
-2
-47
-62
-34
-105
6
-102
52
-56
64
6
22
44
-68
32
-170
-24
-242
-95
-252
-144
-204
-144
-120
-98
-37
-29
19
33
40
59
42
42
48
-4
78
-57
138
-88
217
-85
289
-49
326
-2
305
28
233
16
132
-37
40
-108
-11
-160
-14
-163
6
-118
19
-50
-1
-2
-51
4
-99
-26
-105
-57
-51
-45
48
32
143
146
185
250
156
301
76
280
-8
211
-54
137
-50
91
-20
78
2
69
-4
37
-26
-27
-34
-103
1
-152
76
-151
164
-100
227
-30
240
30
205
63
140
65
71
52
8
33
-48
8
-97
-23
-131
-49
-139
-54
-117
-20
-79
54
-55
146
-68
215
-121
232
-187
194
-231
128
-224
63
-171
28
-96
14
-25
6
26
-9
65
-26
105
-25
146
1
170
43
156
67
99
49
30
-5
-13
-61
-1
-73
52
-23
98
64
86
123
8
105
-100
6
-164
-119
-138
-194
-27
-170
104
-54
176
84
144
173
23
173
-123
105
-226
25
-265
-30
-260
-50
-253
-68
-260
-116
-262
-192
-221
-251
-112
-243
32
-156
150
-30
183
59
120
52
11
-49
-63
-186
-48
-271
52
-257
168
-160
225
-43
185
23
71
11
-54
-55
-124
-120
-125
-141
-85
-112
-43
-65
-33
-28
-41
-13
-50
-1
-40
27
-25
74
-33
108
-81
100
-153
34
-207
-61
-202
-132
-124
-131
-11
-50
81
74
105
180
55
226
-32
208
-109
150
-138
93
-119
56
-72
41
-27
32
11
18
46
10
84
16
123
40
146
73
139
93
103
86
57
62
23
38
10
31
5
38
-7
38
-36
13
-63
-34
-55
-66
8
-43
113
64
206
233
229
403
150
501
-11
490
-189
385
-308
253
-329
156
-265
132
-170
163
-107
205
-95
209
-122
158
-146
78
-128
8
-64
-23
20
-10
84
20
108
40
94
35
60
12
33
-8
22
-11
20
6
13
37
-9
63
-46
76
-85
72
-115
57
-128
33
-118
8
-91
-18
-47
-41
16
-50
94
-36
175
7
240
71
266
136
240
180
163
180
52
124
-68
24
-161
-94
-206
-199
-196
-262
-146
-267
-83
-222
-39
-148
-34
-78
-73
-37
-140
-37
-209
-76
-257
-136
-268
-196
-238
-239
-171
-246
-81
-209
13
-128
87
-18
119
95
93
175
18
196
-79
156
-153
80
-172
16
-127
0
-47
39
23
110
45
164
11
166
-47
116
-91
42
-87
-8
-39
-18
23
7
60
36
59
42
39
18
30
-11
54
-8
103
40
143
110
139
170
83
181
-1
144
-74
86
-112
43
-114
29
-112
32
-132
22
-173
-19
-212
-85
-211
-136
-153
-134
-57
-74
32
24
74
110
62
145
22
121
-1
68
19
29
85
25
162
54
211
88
214
98
173
69
119
15
75
-45
53
-85
52
-93
58
-70
60
-20
47
49
12
120
-50
170
-130
182
-213
151
-270
95
-278
39
-228
18
-141
37
-51
86
8
129
31
149
25
141
17
124
16
119
13
124
-9
116
-62
74
-130
-8
-172
-103
-161
-168
-93
-169
-2
-110
66
-28
76
30
36
37
-18
5
-50
-35
-41
-48
-11
-33
6
-14
-8
-21
-43
-62
-65
-111
-51
-134
-2
-112
49
-60
69
-16
43
-13
-3
-52
-30
-104
-12
-127
41
-103
91
-49
96
-12
47
-23
-27
-83
-80
-156
-79
-192
-31
-168
25
-97
49
-18
22
32
-35
35
-89
16
-107
-3
-86
1
-42
20
1
45
31
58
49
62
68
66
88
77
100
92
92
103
62
95
18
74
-23
54
-52
45
-78
42
-103
39
-130
22
-151
-4
-146
-25
-111
-25
-57
-1
-8
25
18
28
25
-6
35
-62
75
-98
148
-91
226
-37
270
32
250
71
177
59
91
13
35
-26
30
-20
57
39
73
124
45
187
-30
199
-117
163
-183
102
-211
43
-206
-8
-193
-63
-185
-136
-170
-216
-128
-274
-55
-276
30
-220
91
-127
93
-42
33
2
-58
3
-136
-13
-170
-16
-170
5
-154
33
-141
44
-127
37
-89
36
-14
69
80
149
145
240
140
284
60
235
-47
100
-110
-59
-76
-152
44
-132
175
-10
232
130
167
199
4
150
-168
9
-263
-144
-233
-226
-107
-204
45
-97
150
33
174
129
136
169
74
161
22
129
-6
88
-13
47
-4
6
23
-18
73
-8
135
42
182
123
184
195
129
221
30
179
-71
83
-131
-25
-127
-110
-71
-146
5
-139
71
-109
110
-70
120
-30
111
11
76
47
15
58
-71
29
-164
-39
-233
-129
-249
-199
-211
-224
-141
-202
-71
-152
-30
-110
-14
-82
-4
-62
21
-28
61
34
88
110
75
168
15
173
-72
120
-148
35
-180
-49
-158
-95
-106
-103
-52
-86
-17
-61
-1
-41
6
-18
13
16
17
53
2
80
-29
76
-64
47
-74
21
-47
25
8
74
52
146
52
194
-5
187
-86
115
-142
18
-144
-55
-91
-75
-24
-49
11
-23
-10
-33
-65
-93
-110
-170
-110
-224
-59
-220
6
-166
49
-93
47
-38
12
-12
-23
4
-37
33
-33
81
-33
130
-60
148
-109
117
-147
53
-144
-4
-88
-16
-2
21
67
78
87
119
56
115
5
71
-25
21
-18
-1
16
11
47
37
54
52
41
45
33
25
49
23
92
49
135
97
151
133
129
134
83
95
46
41
39
4
54
0
63
14
35
14
-27
-20
-101
-83
-148
-144
-150
-164
-116
-134
-80
-74
-72
-22
-94
-2
-119
-8
-112
-8
-60
30
16
109
71
197
71
246
18
225
-52
141
-95
38
-78
-39
-20
-69
44
-63
69
-64
49
-99
11
-164
-6
-223
23
-235
83
-184
129
-95
120
-17
50
7
-59
-30
-150
-100
-187
-149
-167
-147
-122
-98
-103
-37
-136
-11
-207
-42
-276
-112
-301
-179
-263
-197
-183
-158
-108
-83
-76
-19
-95
1
-136
-21
-165
-61
-157
-83
-116
-66
-76
-30
-68
-5
-98
-24
-143
-83
-163
-148
-125
-173
-40
-134
59
-39
124
71
129
150
88
174
44
159
32
145
66
162
119
210
150
257
135
261
79
204
18
102
-1
0
32
-61
103
-64
166
-29
190
11
168
28
119
23
77
13
57
22
54
51
46
81
24
95
-11
81
-34
54
-30
42
0
57
25
88
21
107
-30
81
-107
6
-177
-98
-207
-191
-190
-245
-146
-256
-104
-242
-83
-226
-81
-222
-76
-220
-55
-204
-16
-169
18
-128
33
-109
28
-124
19
-170
37
-210
91
-216
162
-173
214
-99
212
-36
147
-16
43
-47
-56
-103
-111
-146
-113
-146
-78
-94
-43
-15
-29
61
-42
110
-61
131
-65
138
-42
147
-4
163
34
178
54
173
51
139
34
78
21
7
23
-52
37
-84
52
-91
51
-81
26
-71
-20
-70
-74
-78
-119
-91
-147
-98
-158
-100
-156
-106
-147
-119
-127
-140
-88
-156
-27
-153
48
-117
116
-55
151
15
136
61
76
68
-12
33
-90
-23
-134
-69
-140
-85
-122
-70
-101
-41
-92
-18
-91
-6
-84
-5
-59
6
-20
33
17
64
30
81
8
65
-38
9
-86
-74
-116
-165
-115
-232
-87
-264
-47
-258
-11
-218
13
-151
19
-69
7
18
-23
100
-69
160
-122
197
-168
209
-198
211
-208
206
-204
194
-197
164
-192
115
-181
52
-148
-6
-91
-36
-20
-32
44
-3
74
22
71
24
54
2
52
-15
87
4
148
69
199
165
206
251
151
288
58
259
-36
185
-95
105
-110
46
-98
15
-86
-8
-91
-35
-104
-69
-110
-93
-93
-93
-65
-59
-47
-21
-59
-8
-98
-41
-129
-112
-117
-184
-49
-218
66
-195
182
-125
260
-45
278
16
239
37
173
23
102
-7
45
-37
1
-62
-28
-74
-44
-69
-45
-42
-36
7
-28
66
-35
110
-57
119
-80
89
-79
38
-33
-1
54
-4
156
30
233
78
257
104
223
90
158
36
91
-35
38
-102
6
-150
-15
-180
-33
-195
-43
-196
-37
-170
-16
-107
8
-18
15
76
-13
133
-69
135
-127
88
-146
27
-110
-8
-30
-1
57
45
107
93
108
106
67
76
25
22
10
-18
38
-16
86
35
113
110
91
161
21
158
-70
95
-138
0
-145
-80
-89
-109
-1
-85
76
-28
105
16
79
16
23
-33
-18
-98
-15
-136
37
-119
101
-48
139
41
117
98
49
97
-33
42
-81
-26
-70
-68
-14
-66
49
-33
84
-4
69
-16
28
-69
-6
-138
-3
-184
35
-182
82
-132
104
-60
81
4
17
39
-66
44
-140
30
-190
9
-211
-8
-204
-18
-173
-15
-127
4
-77
35
-42
59
-35
54
-52
8
-66
-66
-51
-129
8
-139
93
-81
151
19
141
103
48
124
-94
60
-218
-49
-267
-138
-225
-154
-136
-92
-59
2
-41
67
-82
71
-137
18
-156
-45
-115
-71
-35
-49
42
-2
81
32
78
30
63
1
70
-19
112
-4
175
55
220
136
223
197
180
216
115
187
56
127
28
56
36
-7
74
-51
130
-69
189
-58
237
-22
254
21
227
47
160
34
69
-15
-13
-87
-67
-152
-86
-198
-85
-227
-78
-255
-66
-287
-33
-306
40
-283
147
-190
250
-42
300
111
260
208
146
210
11
132
-81
33
-93
-28
-43
-23
15
23
32
63
-1
64
-49
30
-74
3
-52
14
-7
71
18
131
-6
146
-62
101
-100
24
-77
-28
15
-12
131
67
205
156
204
191
141
151
76
64
62
-8
108
-21
177
25
206
80
162
88
62
21
-35
-87
-78
-180
-48
-209
22
-169
79
-91
86
-23
42
11
-18
18
-67
17
-97
19
-119
15
-148
-17
-178
-82
-185
-162
-144
-218
-51
-218
56
-167
136
-97
156
-52
127
-54
78
-91
53
-125
64
-127
93
-91
112
-37
100
4
60
23
18
28
-7
40
-14
66
-19
91
-40
89
-71
49
-90
-14
-69
-70
0
-82
95
-49
173
8
204
48
188
52
151
28
129
14
133
37
140
95
109
150
17
151
-118
74
-241
-55
-295
-178
-250
-226
-134
-176
-21
-61
29
49
-11
90
-104
45
-185
-49
-194
-123
-121
-121
-8
-42
73
66
75
136
1
124
-95
42
-148
-59
-119
-110
-23
-83
87
7
148
105
134
157
68
145
-4
91
-37
41
-25
26
11
47
32
74
20
82
-15
67
-44
48
-49
52
-41
83
-43
121
-83
122
-154
68
-220
-35
-233
-131
-165
-169
-45
-124
78
-23
138
78
117
122
37
88
-42
5
-73
-71
-34
-99
41
-62
113
13
144
91
124
143
72
162
17
158
-25
139
-47
122
-47
107
-33
104
-7
116
21
139
27
158
1
139
-54
67
-113
-56
-133
-187
-86
-273
23
-277
148
-199
230
-86
228
3
144
28
23
-9
-81
-69
-129
-108
-133
-106
-124
-75
-132
-49
-168
-52
-211
-80
-235
-116
-223
-138
-185
-133
-136
-114
-95
-86
-66
-58
-42
-26
-28
11
-24
43
-45
52
-85
28
-119
-19
-119
-51
-74
-30
-4
53
42
167
21
250
-78
252
-214
167
-315
35
-330
-69
-246
-91
-117
-30
-6
75
35
158
6
183
-58
153
-107
98
-115
51
-92
25
-64
7
-47
-23
-35
-63
-8
-95
50
-83
126
-17
185
85
189
176
127
214
19
185
-83
112
-136
38
-128
4
-78
22
-27
66
-8
103
-25
107
-59
77
-76
40
-57
25
-11
46
36
95
52
141
25
149
-32
115
-86
49
-101
-8
-72
-25
-19
6
18
55
8
81
-52
52
-126
-26
-165
-112
-137
-149
-57
-112
24
-20
47
66
-12
80
-121
1
-210
-128
-214
-231
-114
-243
33
-161
151
-37
179
48
114
40
18
-49
-33
-153
2
-201
98
-163
188
-75
214
6
156
27
56
-11
-26
-69
-57
-95
-45
-74
-30
-28
-47
-3
-101
-21
-151
-70
-160
-109
-118
-103
-57
-59
-23
-21
-42
-33
-98
-107
-141
-214
-128
-291
-57
-296
29
-235
72
-151
40
-98
-59
-103
-169
-151
-242
-197
-252
-199
-219
-153
-177
-80
-153
-11
-147
32
-136
58
-98
84
-31
130
43
187
99
234
116
245
100
208
66
126
40
17
36
-94
58
-180
103
-229
153
-226
190
-180
187
-116
131
-64
28
-56
-100
-97
-210
-170
-265
-233
-255
-260
-196
-237
-124
-180
-71
-119
-46
-75
-37
-49
-33
-32
-24
-11
-21
8
-37
9
-71
-18
-112
-66
-134
-116
-127
-141
-100
-136
-74
-119
-71
-111
-83
-129
-91
-158
-66
-167
-4
-129
67
-49
107
40
88
91
15
80
-74
15
-134
-66
-144
-123
-115
-138
-78
-127
-65
-117
-84
-135
-115
-180
-124
-227
-88
-243
-13
-208
79
-115
153
12
180
139
137
225
35
236
-96
163
-212
24
-262
-128
-217
-225
-83
-224
81
-114
207
52
229
194
134
250
-27
194
-181
69
-257
-54
-231
-111
-134
-81
-26
15
35
123
31
201
-23
230
-90
218
-147
181
-175
135
-177
89
-149
56
-99
52
-37
82
11
134
21
173
-21
168
-94
110
-158
18
-175
-52
-138
-67
-78
-27
-43
29
-66
49
-133
13
-192
-53
-197
-93
-136
-70
-51
13
-2
96
-21
120
-85
69
-129
-23
-97
-81
15
-54
151
44
234
156
222
204
136
161
46
64
17
-17
67
-24
150
44
198
135
173
190
85
184
-11
136
-67
93
-73
83
-57
98
-52
107
-71
81
-88
32
-71
-8
-8
-3
74
47
132
103
135
123
99
93
66
40
69
8
110
23
151
71
145
103
84
80
-1
4
-59
-81
-56
-124
-8
-109
40
-61
39
-32
-9
-54
-67
-113
-78
-159
-31
-144
48
-63
98
35
82
93
8
80
-68
16
-88
-36
-33
-23
61
62
128
169
123
238
49
232
-49
156
-112
56
-107
-21
-47
-51
34
-40
104
-10
148
26
173
67
177
107
160
132
115
121
55
66
11
-15
16
-78
80
-82
176
-18
250
79
253
150
182
149
74
75
-6
-30
-17
-105
36
-115
111
-69
161
-4
162
43
127
65
89
76
69
97
65
136
52
175
25
194
-16
187
-47
168
-52
161
-36
176
-24
197
-37
197
-74
158
-111
98
-119
51
-88
45
-44
74
-24
110
-50
105
-107
51
-144
-26
-125
-70
-42
-46
60
42
125
141
111
186
38
151
-42
52
-67
-46
-18
-88
77
-56
158
20
175
80
115
81
13
22
-74
-64
-109
-127
-86
-136
-37
-90
-1
-15
-2
53
-47
89
-112
80
-172
38
-197
-12
-177
-44
-115
-35
-37
12
26
83
42
137
1
144
-80
88
-161
-13
-202
-119
-187
-190
-126
-207
-59
-187
-10
-156
11
-129
22
-103
45
-54
74
27
88
119
52
173
-42
148
-159
33
-235
-127
-214
-251
-95
-276
72
-199
204
-69
234
31
162
47
42
-16
-48
-102
-66
-141
-18
-105
38
-12
49
85
-3
139
-88
144
-160
130
-188
135
-180
167
-169
205
-182
213
-216
173
-238
103
-211
49
-132
47
-35
91
30
143
32
148
-15
91
-59
-1
-47
-68
29
-54
127
42
181
164
136
232
-1
194
-161
60
-263
-101
-247
-204
-131
-199
19
-100
118
28
119
104
36
90
-65
1
-120
-100
-95
-155
-11
-138
77
-72
117
-8
95
8
34
-30
-12
-93
-6
-134
57
-119
143
-47
211
51
228
136
193
179
124
173
55
134
8
78
-11
22
-8
-24
14
-58
44
-72
81
-60
112
-25
125
16
109
46
66
49
17
29
-10
7
1
13
41
60
84
136
96
202
64
224
1
188
-52
116
-57
50
-10
30
66
62
124
124
124
166
64
157
-25
100
-103
21
-134
-40
-124
-59
-95
-45
-75
-24
-76
-16
-83
-18
-71
-11
-30
28
23
102
50
180
30
218
-40
188
-121
98
-165
-7
-142
-76
-66
-74
22
-18
72
58
59
105
-5
104
-78
73
-118
46
-116
57
-90
103
-79
152
-110
165
-169
119
-226
27
-236
-69
-186
-127
-93
-132
-1
-99
50
-67
42
-69
-5
-117
-54
-189
-78
-256
-65
-289
-31
-286
2
-257
21
-223
23
-192
23
-158
25
-122
35
-79
42
-39
41
-16
34
-12
32
-22
50
-25
88
-5
129
38
151
88
139
121
94
124
34
95
-15
62
-37
38
-36
33
-30
39
-30
36
-31
19
-20
-2
23
-1
93
40
172
117
216
196
199
230
131
191
49
84
6
-37
38
-112
139
-96
256
6
320
141
294
243
180
265
31
211
-81
129
-110
86
-60
119
22
225
71
349
49
427
-43
419
-158
324
-238
182
-246
47
-181
-47
-80
-95
19
-115
88
-129
126
-147
142
-162
150
-159
150
-140
132
-115
91
-98
35
-97
-14
-98
-34
-79
-21
-25
6
59
14
141
-11
181
-62
160
-103
89
-96
6
-23
-41
100
-31
226
29
310
97
322
139
275
127
197
74
125
1
83
-57
74
-83
84
-76
99
-37
103
23
92
86
61
137
12
161
-45
145
-91
100
-106
45
-82
7
-24
-1
37
13
74
28
74
18
49
-16
25
-52
24
-59
46
-16
61
65
36
143
-39
180
-144
161
-236
109
-273
61
-252
43
-197
51
-145
54
-117
23
-95
-47
-50
-118
37
-146
155
-107
253
-21
281
58
215
78
88
25
-40
-71
-107
-149
-104
-161
-52
-100
-8
-5
-6
74
-46
106
-93
91
-103
62
-63
51
16
63
99
87
157
97
185
81
196
42
204
-1
214
-30
216
-42
200
-45
161
-43
96
-42
16
-42
-76
-50
-171
-75
-264
-123
-338
-186
-364
-240
-333
-252
-252
-198
-159
-91
-101
28
-112
105
-185
108
-281
40
-344
-60
-344
-141
-278
-166
-181
-133
-95
-68
-49
-8
-47
27
-69
27
-87
4
-86
-25
-59
-46
-11
-53
49
-40
108
-12
151
23
163
51
145
51
103
16
59
-42
36
-96
44
-129
76
-129
110
-107
129
-82
127
-72
122
-69
131
-55
154
-19
179
37
180
83
140
96
69
61
-2
-8
-45
-77
-46
-123
-21
-136
8
-134
26
-127
42
-115
76
-71
130
21
185
156
197
293
136
367
10
337
-127
209
-199
51
-164
-57
-33
-68
121
8
214
95
202
115
107
37
8
-103
-16
-222
59
-243
192
-144
299
18
306
158
203
203
44
144
-86
32
-122
-54
-63
-65
38
-7
111
70
110
104
48
62
-22
-33
-47
-128
-6
-169
81
-139
158
-65
182
4
137
25
57
-8
-14
-75
-36
-132
-6
-148
50
-125
98
-85
112
-62
98
-69
71
-95
59
-122
74
-123
102
-88
122
-33
113
28
72
74
6
93
-62
90
-117
76
-148
52
-151
30
-127
18
-76
21
-8
45
62
86
114
129
130
153
107
139
59
84
11
9
-19
-60
-23
-102
-14
-110
-15
-99
-34
-86
-69
-86
-102
-93
-108
-91
-81
