72
35
53
82
54
114
62
119
63
96
45
54
7
4
-51
-42
-119
-70
-186
-77
-228
-57
-231
-35
-192
-28
-132
-65
-86
-143
-86
-234
-136
-293
-199
-283
-225
-199
-171
-93
-32
-18
136
-31
260
-135
271
-269
170
-368
6
-363
-144
-251
-213
-69
-190
107
-99
222
1
254
76
226
107
167
113
104
110
42
101
-27
81
-106
36
-178
-30
-224
-102
-223
-153
-176
-163
-96
-130
-14
-62
54
13
89
79
93
119
73
122
40
86
11
16
5
-65
34
-132
95
-158
174
-136
237
-85
260
-30
231
-1
170
-9
106
-40
66
-69
58
-78
69
-66
78
-49
76
-43
63
-51
56
-64
63
-66
81
-48
94
-16
88
18
57
40
12
54
-38
64
-84
74
-127
83
-169
86
-206
74
-227
54
-219
42
-181
51
-124
76
-71
99
-37
96
-19
59
6
2
55
-41
132
-45
209
-11
244
38
211
54
110
8
-24
-100
-137
-240
-191
-359
-172
-419
-101
-404
-20
-332
42
-236
64
-143
52
-74
27
-35
4
-16
-6
-6
2
-1
15
1
24
-6
23
-33
13
-79
6
-137
16
-186
47
-204
92
-182
129
-133
132
-84
94
-62
39
-76
-8
-103
-11
-113
28
-78
85
-3
115
79
100
122
43
106
-20
46
-44
-16
-16
-40
42
-16
88
30
88
60
38
44
-32
-16
-79
-86
-80
-132
-43
-139
5
-118
37
-94
51
-79
60
-68
81
-42
113
11
139
83
135
147
94
177
31
172
-26
144
-53
124
-47
124
-23
146
-2
174
8
195
13
209
21
218
29
225
33
219
28
188
16
130
18
66
46
25
95
21
137
46
135
59
79
24
-4
-62
-62
-160
-58
-217
11
-192
100
-103
149
-1
132
55
73
46
29
8
47
4
124
71
202
182
203
263
107
238
-47
91
-172
-118
-184
-286
-75
-327
92
-240
211
-94
216
13
113
22
-21
-51
-95
-132
-62
-143
47
-60
161
76
207
191
170
226
91
177
33
89
34
16
83
-14
139
-13
152
-23
112
-72
45
-158
-4
-245
-11
-294
23
-278
68
-206
91
-108
73
-13
20
54
-47
87
-102
96
-129
92
-120
91
-81
106
-25
141
27
188
49
225
28
221
-33
161
-100
52
-143
-69
-125
-157
-51
-175
48
-117
129
-15
156
87
124
151
56
165
-8
148
-37
124
-28
113
8
119
49
130
78
134
91
127
97
110
99
91
100
75
99
66
91
66
78
78
56
97
20
115
-30
118
-91
95
-145
47
-173
-9
-157
-45
-99
-45
-21
-2
42
55
62
93
35
84
-14
31
-50
-37
-44
-81
-3
-76
45
-26
64
30
32
57
-33
37
-94
-17
-112
-70
-71
-86
13
-49
102
14
158
68
170
81
159
49
158
1
186
-27
243
-11
291
40
292
91
227
100
112
52
-13
-42
-95
-134
-115
-181
-78
-163
-30
-93
-3
-9
-16
49
-54
73
-82
77
-74
95
-28
150
28
238
57
330
31
384
-44
376
-137
313
-208
224
-229
148
-202
116
-148
127
-106
161
-96
185
-120
175
-163
124
-193
47
-187
-36
-136
-92
-48
-112
48
-96
123
-69
155
-57
143
-83
104
-150
74
-231
75
-288
112
-301
161
-258
185
-194
161
-146
92
-140
13
-170
-31
-199
-19
-184
38
-107
95
10
106
119
55
172
-39
154
-128
88
-170
20
-160
-21
-119
-30
-88
-31
-86
-58
-104
-115
-111
-185
-80
-228
-9
-223
75
-168
136
-95
156
-34
132
-1
89
1
49
-13
23
-35
9
-59
5
-90
15
-118
47
-124
98
-90
153
-16
182
73
159
141
83
157
-22
118
-112
49
-161
-16
-161
-54
-137
-68
-112
-74
-97
-84
-83
-93
-54
-83
-18
-47
14
6
14
40
-23
35
-74
-11
-98
-59
-67
-69
-2
-22
53
58
51
106
-22
74
-120
-42
-175
-187
-135
-279
-3
-268
156
-164
259
-30
262
58
178
65
66
10
-8
-53
-28
-84
-15
-81
-13
-76
-40
-101
-75
-158
-78
-202
-25
-185
61
-93
119
33
94
118
-19
105
-167
-4
-268
-145
-267
-235
-169
-223
-45
-123
31
1
16
78
-71
78
-166
26
-212
-25
-192
-34
-134
5
-81
56
-62
91
-64
98
-66
96
-49
107
-22
129
-13
137
-40
99
-86
5
-110
-119
-73
-215
35
-233
177
-170
293
-59
333
42
292
88
203
75
118
26
71
-18
66
-37
83
-34
98
-24
103
-17
107
-6
116
18
128
57
127
99
99
122
45
115
-18
81
-68
42
-96
12
-116
-6
-144
-37
-185
-96
-222
-178
-221
-245
-158
-250
-51
-166
53
-11
93
153
37
256
-96
260
-244
180
-331
78
-324
18
-233
33
-121
106
-47
185
-33
220
-64
197
-98
133
-95
72
-50
44
15
51
63
71
74
78
54
61
23
26
4
-3
6
-11
22
8
34
45
28
81
6
104
-26
112
-58
108
-79
93
-89
71
-88
43
-74
12
-43
-10
4
-12
56
9
99
52
115
96
88
121
21
106
-69
41
-158
-62
-212
-179
-217
-279
-164
-331
-74
-322
23
-262
94
-175
116
-92
87
-40
20
-32
-56
-65
-118
-119
-147
-177
-136
-216
-88
-220
-15
-180
67
-93
134
23
161
143
137
228
64
250
-28
210
-96
131
-109
57
-62
25
18
47
84
95
100
123
55
100
-20
28
-80
-62
-93
-127
-62
-139
-20
-107
2
-63
-10
-36
-38
-30
-54
-21
-30
17
21
99
66
200
73
282
31
310
-38
278
-95
214
-115
156
-103
121
-86
98
-95
60
-132
-10
-172
-99
-176
-169
-133
-180
-57
-122
6
-18
17
78
-29
130
-105
127
-163
95
-173
74
-132
85
-73
124
-32
161
-28
168
-54
129
-88
58
-104
-20
-91
-80
-53
-108
-7
-100
34
-62
54
-1
48
67
8
122
-59
143
-136
124
-194
81
-207
42
-170
34
-95
67
-18
123
28
173
38
196
24
190
8
175
1
167
-6
170
-35
163
-91
122
-163
45
-212
-44
-209
-99
-153
-90
-71
-19
-13
74
-12
145
-60
161
-117
134
-148
99
-136
86
-100
98
-73
110
-74
93
-95
43
-106
-19
-81
-57
-25
-49
30
-8
49
25
20
18
-31
-27
-66
-81
-57
-104
-8
-74
39
-15
42
36
0
39
-64
-5
-102
-58
-83
-76
-14
-34
64
54
109
147
100
205
58
214
17
190
6
163
33
152
77
153
116
151
143
136
158
109
173
81
191
63
201
52
192
40
162
18
117
-12
71
-33
32
-39
-4
-30
-49
-20
-100
-20
-148
-28
-177
-32
-177
-14
-157
21
-140
55
-139
60
-151
23
-150
-36
-110
-82
-23
-85
76
-44
148
12
165
40
129
21
81
-30
59
-73
85
-64
133
2
160
98
136
173
57
204
-45
186
-129
148
-177
114
-192
88
-197
59
-200
13
-190
-42
-148
-77
-67
-63
37
8
117
108
141
194
104
229
35
216
-28
175
-54
141
-51
124
-41
110
-43
76
-49
23
-37
-22
10
-28
75
17
113
83
86
110
-10
54
-126
-79
-192
-226
-153
-301
-25
-255
119
-106
191
65
140
162
-8
140
-171
22
-262
-113
-233
-182
-110
-153
31
-42
123
86
136
178
83
212
11
199
-47
160
-76
114
-76
67
-52
25
-2
-1
73
9
165
61
247
146
283
222
260
252
187
216
105
125
59
22
64
-54
115
-83
175
-69
217
-30
223
15
201
64
155
111
84
149
-11
161
-124
129
-239
50
-320
-49
-343
-134
-301
-177
-221
-173
-135
-141
-74
-112
-34
-98
0
-85
51
-52
109
17
153
106
151
182
99
212
13
187
-68
132
-107
80
-97
58
-58
73
-19
105
-1
136
-2
154
-8
168
-11
184
-20
200
-42
199
-78
168
-115
112
-125
62
-94
47
-33
86
20
150
30
203
-13
204
-79
147
-122
71
-107
19
-41
22
39
69
81
113
65
113
10
59
-42
-23
-51
-86
-16
-102
31
-72
52
-30
28
-9
-28
-18
-83
-36
-110
-41
-115
-23
-119
-1
-144
-6
-183
-52
-210
-126
-192
-188
-119
-201
-19
-161
60
-96
86
-51
53
-49
-4
-88
-51
-132
-64
-152
-57
-139
-56
-112
-76
-95
-117
-103
-146
-119
-144
-116
-105
-82
-56
-23
-25
28
-23
46
-37
26
-38
-8
-7
-28
47
-15
92
10
99
21
64
-13
10
-81
-23
-152
-16
-188
23
-177
56
-138
61
-108
33
-106
4
-127
4
-136
51
-98
123
-11
173
91
169
159
108
163
28
110
-25
35
-23
-13
20
-17
64
7
71
17
37
-13
-15
-80
-38
-146
-13
-170
49
-132
107
-56
112
11
58
29
-28
-9
-98
-75
-115
-115
-78
-98
-22
-31
4
49
-26
92
-102
75
-180
16
-215
-45
-188
-62
-119
-26
-48
38
-16
93
-30
103
-64
70
-80
23
-54
-1
6
14
62
54
81
83
57
69
10
15
-20
-52
-1
-83
58
-58
124
17
153
98
122
140
44
126
-32
74
-66
23
-49
10
-5
37
26
74
16
85
-28
43
-75
-30
-83
-94
-41
-110
35
-69
98
9
116
83
83
126
20
132
-38
120
-71
114
-83
117
-95
116
-112
95
-134
47
-132
-6
-95
-35
-26
-24
43
21
80
66
70
79
26
51
-21
-1
-39
-45
-23
-55
6
-32
23
1
6
17
-35
6
-80
-25
-105
-52
-112
-69
-115
-84
-130
-119
-155
-182
-170
-262
-150
-325
-83
-337
10
-288
91
-197
120
-107
87
-56
16
-59
-54
-94
-85
-124
-65
-123
-17
-83
29
-28
46
14
34
24
11
5
-1
-23
9
-41
36
-40
59
-25
64
-15
42
-18
7
-35
-23
-49
-39
-50
-40
-24
-38
23
-52
78
-83
122
-132
141
-184
139
-224
119
-241
93
-239
65
-221
30
-193
-11
-153
-59
-96
-94
-18
-103
72
-72
152
-9
196
66
185
119
126
132
38
98
-40
42
-87
-12
-95
-41
-76
-44
-53
-32
-39
-24
-30
-25
-13
-26
23
-6
76
37
125
98
150
155
140
185
100
177
59
139
33
89
33
49
57
30
90
33
116
50
132
78
127
107
107
133
67
150
15
148
-42
127
-92
99
-120
74
-127
64
-119
63
-107
64
-96
57
-80
44
-46
40
11
60
78
106
133
162
152
199
132
193
96
148
76
92
89
59
129
69
165
109
161
142
104
137
13
80
-71
-5
-113
-80
-102
-118
-62
-115
-20
-94
4
-73
16
-59
29
-40
52
-2
76
54
76
107
33
119
-45
76
-126
-13
-171
-109
-158
-167
-98
-165
-24
-115
20
-45
19
11
-22
35
-74
33
-114
17
-128
4
-117
-2
-92
-1
-52
12
-6
41
42
85
71
130
71
158
37
144
-11
88
-49
16
-51
-43
-13
-58
42
-30
81
20
76
57
33
61
-28
32
-74
-12
-88
-49
-74
-69
-39
-75
1
-71
46
-61
98
-29
156
29
203
107
216
182
182
218
109
197
27
126
-21
44
-12
-11
45
-15
117
23
164
69
170
86
146
64
128
22
145
-6
207
13
284
81
335
167
330
229
263
231
165
171
81
76
47
-8
70
-45
124
-28
165
17
164
49
115
39
45
-18
-2
-91
4
-134
64
-117
144
-48
194
42
186
101
124
105
46
54
-8
-10
-9
-49
29
-45
69
-12
79
12
42
-3
-18
-62
-65
-138
-67
-193
-28
-199
29
-156
65
-91
59
-33
11
2
-57
8
-125
-1
-178
-13
-211
-20
-227
-16
-226
4
-216
40
-204
87
-206
126
-229
136
-265
100
-286
35
-264
-25
-181
-38
-59
13
50
103
98
175
64
177
-18
94
-88
-33
-95
-140
-25
-173
78
-127
151
-43
149
18
76
19
-24
-28
-93
-81
-104
-94
-74
-54
-42
10
-42
62
-73
76
-107
63
-108
52
-66
74
2
132
58
206
71
258
39
264
-19
220
-74
144
-104
57
-101
-15
-71
-64
-25
-79
24
-56
61
-5
69
62
37
117
-34
138
-121
122
-199
83
-243
46
-252
21
-240
1
-221
-27
-194
-71
-147
-112
-59
-118
62
-63
180
43
245
155
223
210
127
177
10
69
-63
-51
-56
-127
8
-127
78
-79
105
-31
74
-20
21
-42
-13
-61
-9
-42
14
13
13
70
-41
75
-130
14
-202
-81
-209
-151
-144
-151
-50
-83
9
1
-1
39
-65
11
-127
-55
-129
-101
-65
-78
26
6
81
101
65
145
-4
114
-71
34
-86
-38
-28
-53
64
-6
137
70
156
132
120
158
61
154
4
142
-37
134
-76
122
-127
86
-178
17
-209
-64
-186
-122
-111
-125
-13
-77
68
-16
96
18
85
1
61
-52
68
-104
117
-126
185
-107
243
-69
262
-37
247
-25
219
-21
196
-6
176
26
146
59
91
68
14
37
-56
-21
-86
-74
-66
-90
-13
-63
33
-16
45
12
24
4
-1
-30
1
-51
42
-29
94
36
115
104
76
127
-8
78
-86
-21
-100
-109
-29
-123
100
-43
220
96
262
225
207
273
88
228
-22
126
-66
38
-29
19
46
74
91
161
59
209
-48
177
-172
81
-250
-29
-240
-86
-156
-62
-56
29
2
125
-7
177
-62
163
-115
104
-126
47
-81
20
-13
28
44
43
68
42
64
21
61
-1
76
4
95
42
93
90
43
105
-45
62
-135
-29
-176
-121
-138
-160
-43
-127
58
-45
106
30
81
37
10
-34
-53
-154
-57
-269
13
-325
124
-312
230
-245
288
-163
292
-93
251
-43
196
-7
144
22
102
52
71
83
54
119
48
161
43
202
25
224
-16
197
-76
105
-130
-42
-134
-204
-62
-320
77
-346
235
-282
347
-170
372
-69
307
-17
197
-15
92
-23
31
-6
8
52
-7
136
-47
209
-111
243
-184
235
-231
202
-238
169
-210
146
-166
127
-123
107
-88
82
-57
59
-34
46
-26
32
-43
4
-83
-47
-121
-113
-127
-153
-87
-133
-23
-41
22
85
6
183
-83
202
-197
132
-274
16
-254
-77
-136
-91
31
-22
176
88
244
175
231
202
173
170
117
115
86
67
74
39
58
16
23
-19
-22
-67
-49
-105
-40
-99
-4
-37
26
62
16
153
-48
195
-139
175
-216
112
-233
52
-182
35
-88
65
5
122
64
168
78
173
68
141
66
93
87
60
130
59
166
81
167
100
120
84
44
31
-30
-45
-64
-103
-51
-108
-12
-56
14
28
-5
97
-72
115
-152
86
-195
47
-173
51
-95
122
-18
233
6
325
-51
334
-156
240
-236
86
-228
-49
-113
-93
55
-40
195
60
246
129
206
114
134
28
105
-68
158
-102
267
-49
369
57
398
149
340
173
235
127
141
54
94
2
88
-8
79
1
34
-11
-47
-60
-126
-134
-162
-183
-145
-175
-107
-114
-91
-45
-124
-15
-185
-41
-226
-94
-202
-122
-111
-87
4
4
83
100
89
147
35
116
-33
25
-66
-77
-42
-146
16
-171
71
-169
95
-165
89
-173
72
-185
70
-178
89
-136
107
-65
105
8
64
59
-5
64
-83
28
-142
-37
-168
-109
-153
-166
-104
-193
-35
-178
27
-130
58
-69
38
-25
-28
-26
-123
-76
-205
-156
-238
-224
-214
-250
-147
-223
-74
-159
-27
-88
-11
-35
-14
0
-19
24
-20
47
-24
65
-44
62
-81
27
-119
-35
-137
-95
-124
-134
-91
-141
-59
-134
-48
-135
-54
-158
-57
-193
-26
-202
40
-165
115
-83
158
7
144
62
73
55
-13
-3
-74
-75
-86
-121
-60
-121
-33
-89
-32
-57
-67
-51
-115
-69
-144
-88
-129
-83
-74
-27
3
78
63
211
78
332
35
404
-64
391
-187
287
-291
109
-325
-84
-262
-223
-115
-260
64
-185
197
-45
222
81
128
128
-40
73
-206
-44
-292
-152
-274
-191
-185
-142
-81
-30
-16
90
-10
177
-44
207
-90
192
-118
149
-115
93
-83
37
-29
-4
44
-13
119
17
175
74
185
122
134
131
45
86
-40
12
-80
-47
-62
-54
-21
-11
3
40
-26
49
-92
-5
-144
-95
-137
-161
-63
-162
34
-102
90
-35
74
-18
4
-72
-52
-156
-43
-202
40
-156
140
-35
187
98
139
165
22
135
-91
42
-132
-42
-83
-61
11
-14
80
53
85
81
35
47
-21
-22
-38
-78
-11
-94
35
-74
55
-53
44
-56
21
-75
25
-82
65
-45
119
33
145
111
118
144
55
117
-1
56
-12
7
18
0
54
19
50
23
-4
-26
-84
-120
-134
-219
-125
-268
-74
-247
-24
-187
-24
-142
-75
-144
-132
-181
-146
-208
-98
-179
-15
-92
42
8
35
59
-25
34
-88
-46
-95
-111
-30
-111
69
-34
137
74
126
152
38
163
-76
111
-165
42
-187
0
-155
3
-98
43
-50
96
-19
146
-1
190
5
221
-5
229
-33
192
-71
104
-94
-12
-67
-110
15
-144
124
-103
202
-21
203
43
122
41
-3
-25
-105
-117
-140
-177
-109
-174
-52
-117
-13
-46
-16
-1
-40
14
-59
11
-51
16
-18
35
16
54
33
56
39
35
51
7
82
-1
126
18
156
47
151
57
110
31
58
-18
30
-60
34
-65
49
-40
36
-16
-21
-36
-103
-110
-163
-206
-163
-269
-93
-257
4
-175
66
-74
55
-16
-13
-29
-81
-97
-97
-155
-33
-155
80
-80
177
36
210
130
168
161
83
119
13
42
-6
-25
29
-45
90
-18
134
35
139
80
97
91
29
59
-33
-1
-65
-65
-48
-106
8
-105
83
-58
145
11
162
67
125
70
52
11
-19
-93
-49
-204
-22
-279
47
-301
120
-280
172
-245
190
-209
192
-166
199
-95
211
13
200
139
137
228
16
236
-128
151
-227
18
-226
-87
-118
-105
45
-29
177
89
216
169
160
158
59
63
-9
-59
-4
-134
64
-131
140
-66
167
6
124
41
44
34
-30
13
-64
11
-69
40
-71
76
-100
79
-154
34
-192
-42
-182
-103
-117
-112
-30
-72
28
-21
25
-13
-23
-62
-66
-139
-50
-182
30
-140
135
-13
193
142
154
243
23
235
-137
126
-238
-19
-226
-117
-115
-113
25
-26
111
82
97
135
-4
93
-125
-22
-199
-146
-192
-221
-126
-213
-49
-148
-18
-76
-45
-43
-102
-59
-139
-95
-119
-107
-37
-64
75
31
168
149
212
245
200
293
153
288
98
240
59
173
38
103
34
40
36
-6
41
-28
45
-26
42
6
15
45
-40
75
-119
78
-199
55
-255
28
-264
24
-236
53
-197
105
-181
144
-203
131
-247
59
-277
-51
-255
-152
-177
-204
-69
-195
23
-152
57
-118
32
-124
-28
-172
-74
-231
-80
-265
-47
-253
1
-204
32
-148
37
-105
32
-75
38
-40
67
23
101
117
107
208
59
256
-41
230
-151
141
-225
31
-229
-45
-173
-57
-98
-12
-53
47
-65
77
-118
54
-171
4
-189
-42
-155
-47
-99
-13
-58
30
-59
46
-97
11
-137
-61
-142
-127
-92
-145
-9
-101
63
-15
88
74
52
127
-27
133
-109
107
-158
78
-167
70
-146
84
-117
110
-95
129
-81
134
-62
128
-34
121
6
114
40
105
66
84
81
46
97
3
123
-24
163
-22
198
13
207
58
174
92
104
97
19
71
-56
36
-102
9
-122
-5
-130
-13
-137
-35
-144
-76
-131
-120
-83
-144
-4
-125
81
-68
131
-1
119
25
52
-17
-35
-117
-84
-228
-61
-288
28
-256
134
-138
192
13
161
128
49
158
-91
107
-187
26
-195
-23
-117
4
-6
101
75
218
81
293
12
285
-85
194
-158
67
-169
-52
-116
-122
-37
-142
33
-132
69
-113
72
-100
57
-87
40
-62
22
-27
-5
8
-45
24
-89
18
-117
4
-111
3
-69
35
-15
94
20
151
11
171
-33
131
-78
45
-87
-43
-37
-92
52
-76
144
-8
192
74
173
129
103
135
11
98
-61
42
-90
-4
-73
-21
-28
-6
26
36
74
95
105
156
108
202
84
218
40
196
-6
141
-35
76
-34
26
-8
8
17
12
18
15
-13
-4
-60
-50
-94
-99
-91
-117
-52
-85
-11
-17
2
52
-32
81
-95
59
-149
5
-159
-42
-121
-56
-64
-40
-25
-29
-23
-49
-40
-106
-40
-165
0
-185
71
-139
129
-49
126
30
44
47
-87
-15
-205
-122
-252
-216
-216
-245
-132
-202
-53
-125
-22
-62
-40
-42
-75
-65
-89
-98
-65
-107
-13
-88
34
-52
52
-23
39
-16
12
-27
-8
-37
-15
-34
-13
-11
-16
23
-29
60
-52
93
-81
124
-114
144
-148
139
-182
107
-198
50
-177
-7
-106
-27
2
6
112
83
175
165
163
200
80
153
-34
33
-117
-119
-141
-250
-100
-318
-30
-320
28
-283
44
-236
16
-204
-39
-194
-93
-197
-127
-197
-137
-186
-125
-155
-98
-105
-72
-43
-56
21
-62
69
-91
81
-139
52
-178
-10
-190
-75
-162
-119
-108
-132
-49
-123
-5
-107
20
-100
37
-94
64
-71
102
-21
136
50
141
116
104
143
35
117
-37
52
-76
-26
-76
-89
-47
-129
-12
-161
14
-193
39
-223
81
-220
142
-161
202
-51
214
75
149
151
16
136
-132
37
-218
-80
-198
-141
-81
-101
59
22
141
150
119
200
21
140
-77
2
-97
-128
-14
-172
132
-107
250
18
269
119
177
130
25
47
-98
-78
-131
-162
-73
-156
25
-66
92
52
86
134
15
143
-64
97
-98
41
-64
28
15
71
86
141
100
192
49
182
-40
107
-120
-4
-151
-104
-128
-160
-77
-165
-30
-143
-16
-121
-28
-116
-45
-121
-42
-115
-9
-80
42
-12
86
74
101
155
83
206
40
218
-13
194
-57
148
-83
84
-87
20
-70
-33
-31
-62
23
-59
79
-22
118
35
123
89
95
122
46
126
3
115
-16
110
-8
125
16
163
33
203
28
221
3
207
-22
167
-30
113
-8
