198
-309
-312
-276
-310
-243
-235
278
168
-322
-340
-185
304
138
-156
324
330
105
334
85
-368
-80
-373
-58
-46
353
-376
-15
-28
-364
-45
-363
-369
52
-88
-356
-363
93
101
340
-146
-335
315
-154
306
-170
179
308
197
295
273
-223
228
271
247
257
230
-269
214
-280
-306
-204
-197
312
-324
-171
-332
-151
-342
-132
-117
343
342
93
66
-356
352
52
-365
-30
-12
361
-17
-361
-37
-361
353
-55
71
353
344
-95
-119
-342
-339
136
151
326
313
-174
-194
-305
290
-209
-286
225
264
-240
252
-257
235
-272
281
221
293
204
-312
-188
317
168
-331
-150
-340
-131
-115
343
347
91
352
69
50
-360
28
-361
7
-363
13
358
-33
-361
355
-57
-76
-354
-96
-349
-344
114
-136
-337
-328
154
-318
173
-192
-308
292
-211
279
-228
-269
240
252
-260
269
236
284
218
202
-298
307
184
318
165
-331
-151
334
127
110
-345
-92
349
66
-356
47
-360
359
27
-8
361
358
-16
356
-35
354
-57
-354
76
95
347
-119
-341
332
-138
-327
156
314
-176
301
-192
292
-211
-282
227
-245
-269
-253
257
-274
-237
-221
286
-206
298
-310
-185
318
166
-151
329
338
127
-345
-110
-352
-88
-71
354
-358
-49
-2
-1
-1
0
0
0
-1
-2
-1
0
-1
-1
-1
-1
0
-1
-2
-2
-2
-1
-1
-2
-2
-1
-1
-1
-2
-1
0
0
-1
-1
0
-1
-1
-2
-1
-1
0
0
-1
-1
-1
-1
-1
1
-1
-1
-2
-1
-3
0
-1
0
-2
-2
-2
-1
0
0
-1
0
-1
-1
0
-1
-2
-1
-2
-1
-2
-1
-3
0
-1
1
-3
-1
-1
0
-2
-1
-1
-1
0
0
-1
-1
0
-1
-1
-1
0
-1
-1
-1
-1
-1
1
0
-1
-1
0
0
-2
-1
-2
1
-1
0
-1
-3
-1
-1
-1
-1
-1
-1
-1
0
-1
-1
-1
-1
-1
-1
-1
-1
0
1
-2
-1
-2
-1
-2
-1
-2
1
-1
-1
-2
-1
-1
0
1
-2
-2
-1
-1
-1
-2
1
-1
0
0
-1
0
-1
-1
1
-1
-1
-3
-1
-2
-2
-4
-1
-1
1
-2
-3
-1
-2
-2
-1
-3
-1
-1
-1
-3
-1
-1
-2
-2
-2
-2
-1
-4
0
-1
-1
-2
-1
-1
-1
-2
1
-1
-1
-1
-1
-2
-1
-4
-1
-2
1
-1
1
-2
1
-2
1
-1
0
-3
1
0
0
-3
0
-1
1
-4
0
-1
2
-2
1
-1
1
-1
1
-1
1
-3
-1
0
1
-2
0
-3
2
-4
-1
-1
0
-1
-1
-1
-1
-1
1
-1
0
0
-1
1
1
0
1
0
0
-4
-1
1
1
0
0
-1
1
0
-1
1
1
0
-1
-1
-2
-2
-1
0
-1
-1
0
-1
-1
-1
1
-1
0
0
-1
0
-2
0
-1
0
-1
-1
-1
-1
-1
0
-1
-1
-1
-1
-1
-2
-1
-1
-1
0
-1
-1
-2
-1
-2
-1
-2
-1
-1
-2
-2
-1
-1
-1
-1
-1
-1
0
-1
-1
-2
-1
-1
0
-1
-1
-1
-2
-1
0
-1
0
-1
-1
-2
0
-3
-2
-1
-2
-3
-1
-3
-1
-1
-1
-1
-3
-2
-3
0
0
-2
-2
-1
-1
-1
-1
1
-2
-1
-4
-1
-3
-2
-4
-3
-2
-1
-2
-1
-2
0
-3
0
-2
0
-4
-1
-4
-3
-2
0
-2
-1
0
0
0
-1
-1
-1
-1
-1
-1
0
-3
-1
-2
-1
-1
0
-1
-3
-2
-1
-1
-2
-2
-1
-1
0
-1
1
-2
-1
-3
-1
-1
-1
0
0
-2
1
0
0
1
-1
-1
1
-1
-1
-1
-1
-1
-1
-1
-1
-1
-1
-1
0
-1
-1
0
-1
-1
2
-1
0
-2
0
-1
0
-1
0
-1
-1
-2
0
-1
-1
-1
-1
-1
0
-1
0
-1
0
0
0
0
0
-1
0
0
0
-2
0
0
-1
-1
-1
0
-1
-1
1
-1
-1
-1
0
-2
1
0
0
-1
0
-1
0
0
-1
0
-1
-1
-2
0
0
-1
-1
-1
-1
-1
0
-3
-1
-1
-1
-1
0
0
-1
-1
-1
-1
0
-1
-1
1
-3
-1
-1
-1
-1
-1
1
-1
-1
0
-1
-1
-1
-1
-2
-1
-1
-3
-1
-1
-1
-2
-1
-1
-1
-1
-1
-1
1
-1
-1
-4
-1
-1
-1
0
-1
-2
-1
-2
-1
-1
1
-1
0
-1
1
0
1
-3
-1
-3
1
-1
-1
-1
-1
-1
-1
-2
-1
-2
-1
-3
0
-1
1
-1
-1
0
-1
-1
-1
-2
-1
-1
-1
-1
-1
-2
1
-1
1
-1
-1
-1
0
-2
-1
-2
1
-1
-1
0
0
-2
1
-2
-1
-2
1
-1
0
0
-1
-1
-1
-3
1
0
0
-1
-1
-1
-1
-2
-3
-1
-1
-1
-1
-2
0
-1
1
-1
-1
-1
-1
-2
1
-1
1
-1
-1
-1
1
-2
-1
0
1
-1
-1
-3
1
-1
1
0
0
0
1
0
-1
0
-1
-1
0
-1
0
-2
-1
-1
-1
1
0
-1
-1
0
-1
-1
-1
1
0
-1
0
1
-1
0
0
-2
-1
-2
0
-1
1
-1
-2
-3
-1
-1
-1
-1
-1
-1
1
-1
1
-1
-1
-1
0
-3
-1
-1
-1
-2
-1
-1
0
-1
0
-1
0
-3
-1
-1
-1
0
-1
-1
-1
-1
-1
0
1
-1
-1
0
-1
-1
1
0
0
0
0
-1
-1
1
-2
1
-1
-1
0
-1
0
-1
0
-1
1
-1
2
-1
-1
0
-2
-1
-1
-1
-1
1
0
-1
-1
-1
1
-2
-1
0
-1
-1
-1
-1
-1
0
-1
-1
-1
0
-1
0
0
-1
-1
0
-1
-1
-1
-1
-1
-1
0
-1
0
-1
-1
-1
-1
0
-1
-1
-1
-1
-1
-1
-1
0
-1
-2
0
-1
-1
-1
-2
-1
1
0
-1
-1
-1
-1
-1
0
-1
-1
1
-1
1
-1
-1
0
-1
-1
-1
-3
-1
-2
-1
-1
-1
-1
0
-2
0
-1
-1
-3
-2
-1
1
0
-2
-1
-1
-1
-1
-1
-1
0
-1
-1
0
-2
0
0
-1
-1
1
0
-1
-1
0
-1
-1
-1
0
-1
0
0
-1
-1
1
0
0
-1
0
-2
-1
0
1
-3
-1
-1
-1
0
-1
-1
1
-1
1
-1
1
-1
0
-2
2
-1
-1
-1
0
0
0
-1
0
-1
0
-1
0
-1
0
-2
1
-1
0
-1
-2
-1
1
-1
-1
-1
1
1
0
-2
1
-1
-1
-1
1
-3
0
1
1
-1
1
-1
-1
-1
-1
-2
1
0
0
0
-1
-1
0
-1
-1
-1
1
0
-1
-1
-1
0
-1
0
-1
-2
2
-1
-2
-1
0
0
-1
-2
-1
-1
1
0
-1
-1
-1
-1
-1
-1
0
-1
0
-2
1
0
0
0
-2
-1
-1
-1
-1
-1
0
1
-1
0
0
-1
1
0
0
0
0
0
-1
0
-1
0
-1
-1
1
-1
-1
-1
0
-1
0
-2
-1
-1
0
-1
0
-1
0
-1
-1
0
0
-2
-1
-1
-1
-1
0
-1
-1
-1
-1
0
0
-1
-1
0
-1
-1
0
-1
0
1
-1
0
-1
-1
1
-1
-1
-2
1
-1
1
-2
-1
0
2
-1
0
-1
0
0
-3
-1
1
-1
0
-1
0
-1
-1
-1
0
0
0
-1
-1
-1
-1
-1
0
1
1
-1
-1
1
0
0
1
-1
-1
-1
1
-1
-1
-1
0
-2
-1
-1
-1
-1
0
-1
1
1
-1
-1
0
-1
-1
-1
-1
-1
0
1
0
-1
0
-3
1
0
0
-1
0
0
-1
1
0
-3
1
-1
-1
1
0
0
0
0
-1
-1
0
0
-1
-1
-1
-1
-1
0
-1
-1
1
-1
-1
-1
-1
-1
-1
0
-2
-1
0
-1
1
0
-1
-2
-1
-1
-1
-1
3
0
0
-1
1
-1
-1
1
-1
1
-1
-1
-1
1
-1
-1
-1
-1
1
-1
-3
-1
0
-1
-1
0
-1
-1
0
-1
0
-1
-1
1
1
-2
-1
0
-1
1
-1
-1
-1
-1
0
-1
-1
0
-2
-1
1
-1
-2
0
1
-2
-1
-1
1
0
1
-1
0
0
-1
1
0
0
-1
-1
1
-1
1
-3
-1
-4
1
-1
0
1
-1
0
-1
-1
1
-2
-1
-1
0
-1
1
1
1
-1
-1
-1
-1
-3
0
-2
-1
0
-2
-1
-1
-2
0
1
0
0
-1
-1
0
0
-1
-1
2
-1
-1
-1
1
-3
0
1
0
-1
-1
0
1
0
1
-4
-2
1
0
-1
-1
-1
-1
-1
-1
0
-1
-1
0
-1
0
-1
-1
0
-1
1
1
-1
0
-1
-1
0
-1
-1
0
0
-1
-1
-1
-1
0
0
-1
-1
-1
-1
0
1
-1
-1
0
-1
-1
-1
-1
0
-1
0
1
-1
-2
-1
0
1
-1
-3
0
1
0
-1
-2
0
-1
-2
0
1
1
-1
0
-1
0
1
0
1
0
0
0
-1
-1
-2
-1
1
-1
1
0
-2
-1
0
0
0
-1
0
-1
-1
0
0
-2
1
1
0
-1
-1
-1
-1
1
-1
0
0
-1
1
-1
0
0
-1
-1
0
0
0
-2
-1
-1
-2
-1
-1
1
-1
-1
-1
-1
-1
0
-1
-1
-1
0
-1
0
-1
-1
-1
-3
0
-1
-2
0
-3
1
1
2
-1
-1
1
1
-2
-1
-2
0
1
0
-1
1
-1
0
0
0
0
1
-2
-1
-1
1
0
-1
-1
-1
-1
0
-1
0
-2
1
-1
1
-1
-2
-1
-1
1
1
0
0
-2
0
-1
0
0
1
-1
-2
-2
0
-1
-2
-1
2
-1
0
0
-1
0
1
0
1
-1
0
-1
1
0
1
-1
0
-1
0
1
-1
-1
-1
1
-1
0
-1
-1
1
0
-1
-1
0
-1
0
0
1
-1
-2
1
-1
0
-1
0
2
0
-1
1
0
-1
-1
-1
-1
-1
-1
0
1
0
0
0
-1
-2
0
-1
-2
-1
0
-1
-1
-1
1
1
-1
0
-1
0
-1
-1
1
0
0
-1
-1
-1
0
-1
0
-1
0
-1
-1
-1
-1
-1
1
-1
0
-1
1
-1
0
-1
-1
-1
0
0
-1
0
1
1
0
0
-2
-1
0
-1
-2
-1
-1
-1
0
-1
-2
-1
-1
0
-1
-2
0
-2
-1
-1
-1
-1
-1
-1
1
0
-1
0
-1
1
-1
0
0
0
-1
0
-1
-1
0
-1
-1
0
0
-1
1
-1
-1
-1
0
0
-1
-1
0
1
2
-1
-1
-1
1
0
0
1
1
1
0
1
0
-1
1
1
0
0
1
-1
0
1
-1
0
-1
-1
1
0
-1
1
2
-1
1
0
-1
0
0
1
1
-1
-1
-1
1
0
-1
3
-1
-1
-1
1
-1
2
-1
0
0
-3
0
-1
-1
-1
-1
-1
0
1
1
0
1
-1
1
-1
0
-1
-1
0
1
-1
0
1
0
-1
-1
0
-1
1
0
-1
-2
2
0
0
1
1
1
1
1
-1
-1
-2
0
0
-1
-1
-1
-1
3
-1
0
-1
0
0
-1
-2
-1
-1
1
0
1
0
-1
1
-3
-2
-2
-1
0
0
-1
0
-1
1
-1
0
0
-1
-1
-1
-1
1
-1
1
1
0
-3
-1
0
-1
1
1
0
1
-1
-1
-1
-1
0
-1
-1
-1
1
0
-1
-1
-1
1
-1
0
0
-1
-1
-1
-2
-1
1
-1
-1
-1
1
-1
-1
-1
-1
-1
-2
1
-1
1
0
0
1
0
0
1
-1
0
-1
-1
-1
-1
-1
-1
-1
0
0
1
-1
1
-1
0
-1
0
0
-1
-1
-1
-3
-1
-1
0
-1
0
-1
-1
1
-1
-1
1
-1
-1
-1
-1
-1
1
0
-2
-1
-1
1
-1
0
1
-1
1
-1
-1
-1
1
-1
0
-1
0
-2
-1
1
1
-1
1
-1
-1
-1
-1
-1
-1
-2
1
-1
0
-1
-1
0
1
-1
-1
-1
1
-1
0
0
1
0
-1
-1
-1
0
-1
-1
-1
0
-1
0
-1
0
-1
0
-1
0
-1
-2
1
1
0
0
-1
-1
-1
0
-2
-1
-1
0
-1
-1
0
0
1
-1
-1
1
-1
0
-1
0
-1
0
1
0
1
-1
1
-1
0
-1
-1
0
0
1
1
-1
-1
-1
0
0
1
0
1
-1
0
-1
0
-1
-1
-1
1
0
-1
-1
0
0
0
-2
-1
-1
-1
-2
-1
0
1
-1
0
-1
1
-1
-1
-2
1
0
1
0
-1
-1
0
-1
0
1
-1
-2
-1
0
-1
1
1
1
0
-1
0
0
0
0
1
0
-1
-2
-1
-2
-1
-2
1
-1
0
-1
-1
-1
-1
-1
1
-1
-1
0
0
-1
-1
-1
-1
-1
0
0
0
0
0
-1
-1
1
1
0
-1
-1
1
1
-1
-1
1
0
0
1
-1
-1
-1
0
-1
-1
-1
1
0
0
-1
0
0
0
-1
0
0
-1
1
0
0
-1
0
-1
0
-1
-1
-1
-1
0
1
1
0
0
0
-1
1
-1
-1
1
-1
0
0
1
-1
1
-1
-1
1
-1
1
0
0
-1
-1
-1
0
-2
0
-1
-1
-1
-1
-1
-1
-2
-1
-1
-1
0
1
-1
0
-1
-1
-1
-1
0
1
1
0
-1
0
-1
1
0
1
1
1
-1
-1
0
0
1
0
-1
-1
-1
-1
0
-1
-1
-1
0
1
-1
1
0
0
1
1
-1
1
-1
-1
1
1
0
2
-1
0
-1
0
-1
0
-1
0
-3
-1
-2
0
0
-1
-1
-1
-2
0
0
1
-1
-1
0
0
-3
1
-1
-1
-1
1
-1
-1
-2
-1
0
2
0
-1
0
-1
-1
2
-3
1
-1
-1
-1
1
-1
-1
-1
-1
-1
0
-1
1
-2
0
-1
0
-1
1
-1
0
-1
1
0
0
-1
1
0
-1
-1
0
0
1
-1
0
-1
1
-1
0
-1
0
0
-1
-2
1
0
1
-2
1
-2
-1
-1
1
0
-1
-2
1
-1
0
-2
1
-1
1
-1
-1
-1
-1
-1
-1
0
-1
-2
-1
-1
-1
-1
1
1
1
0
1
-1
0
-1
-1
0
-1
-1
0
1
1
-1
1
-1
-1
-1
0
-1
1
-1
0
-2
0
-1
0
-1
0
0
-1
-1
-1
-1
-1
-1
1
-2
2
-1
0
-1
1
-1
1
-1
1
-1
1
0
1
0
1
-1
0
0
-1
-1
2
-1
0
-2
1
-1
0
-1
0
0
0
-1
-1
-1
0
-1
-1
-1
0
-1
2
-1
-1
-1
-1
0
-2
0
0
-1
-1
0
1
-1
0
-1
0
-1
-2
-2
1
-1
0
-2
0
1
-1
-1
-1
-1
0
-1
-1
0
1
-1
-1
-2
-1
-1
0
0
0
-1
0
-1
1
-1
0
-1
0
0
1
-2
-1
-1
-1
-1
0
0
0
-1
1
-2
-1
0
1
-1
0
-3
0
0
-1
-1
-1
0
-1
-1
-1
-2
-1
-1
-1
-2
-1
1
-1
-2
0
-1
-1
0
-1
-1
-1
-1
-1
0
-1
-1
-1
-1
1
-1
-1
-1
-1
0
-1
-1
-1
-2
1
-1
-1
-1
1
-1
0
0
-1
-1
0
-1
0
-1
-1
-1
1
1
0
-2
-1
0
-2
-1
1
-1
-1
-1
-1
-2
-1
-1
-1
-1
0
0
0
-2
0
-1
0
1
0
-1
-2
-2
-1
-1
-1
0
-1
-1
-1
0
-1
-1
-1
-1
-1
-1
0
-1
-1
-1
-1
0
2
-1
0
-1
-1
-1
-1
-1
1
-1
0
0
0
-1
1
-1
-1
-1
0
-1
-1
-1
1
-2
0
0
-1
-1
1
-1
0
1
-1
-1
-1
-1
1
-1
0
-1
1
-1
1
1
1
0
-1
0
1
-2
1
-1
0
-1
-1
-3
1
-1
1
-1
1
-1
-1
-2
-1
0
0
-1
0
-1
-1
-1
1
-2
1
-1
-1
0
0
-2
-1
0
1
0
1
-1
0
-1
0
-2
0
-3
-1
-2
0
0
0
-2
0
-3
1
-3
-1
-1
-1
-3
-1
-1
-2
-3
-1
-3
-1
-1
0
1
-1
0
0
0
-1
-2
-1
-2
-1
-1
-1
-1
-1
-1
-1
-1
0
-1
-1
-3
-1
-1
1
-1
-1
1
-1
-1
-1
-1
1
-2
-1
-2
0
-1
0
0
-1
-1
1
-1
0
-1
-1
-1
0
-1
1
-1
-1
0
0
-2
-1
-1
-1
-2
0
1
-1
-1
1
-1
0
-1
-1
-1
1
0
-1
-1
1
-2
1
-1
0
-1
-1
-2
-1
-1
0
-1
-1
-1
0
-2
0
-2
-1
-2
-1
-1
-1
-1
-1
-3
-1
-2
-1
0
-1
-1
-1
-2
0
-2
1
-2
-1
-2
1
-1
1
-2
-1
-1
-1
0
0
-1
-1
-1
1
-1
-1
-1
0
-1
-2
-1
1
-1
1
-3
-1
-2
-1
-1
0
-2
1
-1
1
-1
0
-3
1
-1
-1
-1
-1
-1
-1
-1
0
-1
-1
-1
0
-2
1
-2
-1
-3
0
-1
-1
-1
1
-1
-1
-2
0
-2
0
-1
0
0
0
0
0
-2
1
-1
1
-1
-1
-1
-1
-1
-1
-1
-1
-1
1
-1
-1
-1
-1
0
0
-1
-1
0
-1
-4
0
0
-1
-2
-1
0
1
-2
-1
-2
0
-1
-1
-1
1
-1
-1
-3
0
-1
0
-3
1
-1
0
-1
-1
-1
-1
-1
-1
-2
1
-1
-1
-1
-1
-1
-1
-1
-1
-1
1
-2
-2
-1
-1
-2
-1
-1
-1
-2
0
-1
-2
0
-1
-1
-1
-1
-1
-1
1
-1
-1
-4
-1
-1
0
-1
0
-3
-1
-1
-1
-1
-1
-1
-1
-1
1
-2
-1
-2
0
0
-1
0
-1
-1
0
-1
0
-2
-1
-1
0
0
0
-1
0
0
-1
-2
-1
-1
-1
-1
-2
0
0
-1
0
0
-1
-1
0
-2
0
-1
-1
-2
0
-2
0
-1
-1
-1
-1
-2
-1
-1
0
-1
0
-2
-1
0
1
0
-1
-1
-1
-1
-1
-2
-2
-1
0
-2
0
-1
0
-1
-1
-3
-1
-1
0
-1
-1
-1
0
-2
-1
-1
0
-1
1
-1
-1
-1
0
-1
0
-2
-1
-1
-1
-1
1
-2
1
-2
-1
-1
0
-2
-1
-1
0
-2
-2
-1
-1
-2
-2
-1
-1
-1
1
-1
-1
-1
-1
-1
-1
-2
-1
-1
0
-1
-1
-1
1
-1
-1
0
1
0
-1
-1
0
-2
-1
-2
1
-2
-1
-1
1
-1
-358
-46
21
-362
-3
360
-361
16
-361
38
355
-62
351
-83
-349
100
119
339
333
-141
324
-163
179
313
-199
-303
-291
213
-279
231
244
263
-250
259
233
-276
-218
289
-200
300
180
-311
321
161
143
-331
-127
337
-107
343
-352
-85
-356
-65
44
-358
-359
-22
361
-1
20
360
-361
41
-62
-356
351
-83
-103
-349
-123
-340
141
331
-161
-323
311
-180
199
303
214
290
231
276
262
-246
247
-263
231
-277
216
-289
-199
302
182
-313
322
161
143
-332
-127
339
-103
345
-82
351
-63
356
-42
357
21
-361
359
-1
-21
-362
-41
-359
-356
61
84
349
-344
103
-122
-339
332
-144
322
-164
-313
178
-198
-304
-214
-291
-231
-277
-262
247
-264
-247
-277
-234
-289
-216
-301
-198
182
-314
324
160
-331
-145
124
-342
-103
344
-350
-84
62
-358
358
38
361
17
1
358
-360
19
361
-45
-354
61
-351
83
104
342
-339
123
-144
-334
-165
-327
-181
-314
199
297
289
-218
-233
-278
-261
245
-245
262
-278
-233
289
211
-304
-199
-317
-182
161
-326
332
139
-122
337
-100
344
81
-354
-357
-62
-41
356
-20
358
-4
-363
360
-25
-45
-358
-67
-356
84
349
104
344
-126
-339
-332
144
164
321
-312
180
199
298
216
287
233
274
-263
250
243
-266
-231
278
-215
289
194
-303
177
-315
-162
323
331
139
341
117
100
-346
79
-350
355
57
358
39
358
17
-5
-362
25
358
358
-45
65
354
-88
-352
-107
-344
-339
127
329
-148
165
321
-184
-311
200
301
-218
-288
274
-234
260
-250
-245
264
-229
276
212
-293
-303
-196
-315
-177
158
-325
-332
-141
-119
340
98
-347
78
-352
-356
-60
-360
-40
-17
360
4
359
27
358
-358
46
66
353
-351
85
109
343
338
-128
146
327
-320
165
-309
185
202
297
-286
217
-236
-274
-258
248
-266
-246
-279
-228
-292
-214
-195
303
315
174
-324
-157
137
-335
117
-344
-346
-101
354
76
-357
-59
-37
356
-15
359
361
-8
24
358
-358
42
68
351
-351
87
110
344
337
-132
330
-151
167
318
-186
-312
-204
-302
-222
-289
-274
233
-259
249
-245
264
-228
279
210
-297
-308
-194
-318
-176
-158
323
332
134
-118
339
346
95
-78
350
-59
354
32
-361
-15
358
-363
6
359
-30
47
356
353
-72
88
347
-112
-345
-338
128
327
-151
-321
166
306
-188
203
296
-286
218
235
269
-260
253
-243
266
281
226
209
-296
304
192
-317
-173
322
156
-137
337
114
-341
-350
-96
75
-354
355
54
358
35
-16
362
-363
8
-30
-360
49
356
352
-69
-93
-349
110
344
130
337
-150
-328
319
-169
187
308
-206
-296
284
-221
239
271
-253
-254
241
-267
227
-280
-209
296
190
-305
-317
-173
-154
326
336
135
343
115
97
-346
354
74
55
-356
-358
-33
-11
360
-8
-362
30
360
53
358
355
-73
350
-93
115
341
-334
129
153
326
173
315
309
-192
209
295
-282
221
272
-243
-252
-260
-267
-244
226
-286
-207
290
-304
-195
173
-322
-326
-156
-132
331
-343
-119
349
90
353
71
-358
-57
-31
355
361
6
363
-16
357
-37
49
353
351
-79
90
344
340
-119
129
330
-156
-331
-321
168
-308
184
295
-211
-287
219
-273
235
