-310
199
198
-307
197
-303
268
188
-328
-204
-342
-185
129
-341
-156
324
101
-350
-362
-101
-368
-79
346
45
345
23
-23
356
-4
358
18
356
-66
-358
341
-76
-361
93
103
342
-347
134
-338
152
161
317
296
-192
284
-209
272
-224
-252
-269
-266
259
-249
273
276
226
288
208
299
192
312
170
144
-328
-342
-132
105
-346
-98
349
-360
-71
45
-359
356
29
-363
-8
8
361
29
359
354
-54
70
353
-100
-349
110
341
332
-136
-331
154
-179
-317
303
-193
206
293
-285
223
238
268
-258
257
-276
-240
220
-286
202
-301
-313
-190
317
168
327
148
-135
335
-347
-112
86
-350
351
69
47
-360
359
28
-361
-8
-361
13
358
-37
55
355
-77
-356
346
-99
116
339
136
332
-156
-327
173
315
191
303
-295
209
281
-228
-244
-269
251
-260
270
236
-223
286
-301
-206
-312
-188
-170
318
-331
-151
127
-338
-346
-112
-352
-91
351
69
356
48
26
-362
359
5
14
360
35
357
-358
56
75
353
346
-96
339
-118
-139
-334
-327
157
175
315
-197
-308
-214
-295
226
281
265
-245
-253
259
-239
272
-221
286
-301
-205
-187
310
319
168
146
-330
335
128
-110
344
87
-350
-356
-71
-359
-49
-1
-1
0
-1
-1
0
-1
0
0
-1
-1
-3
-1
0
1
-1
0
-1
-2
-1
-2
-1
-1
1
-2
-1
-1
0
-2
-1
-2
-1
-1
-1
0
0
-1
-1
-1
-1
1
-1
-2
-1
-1
-1
-4
-3
-1
-1
-1
-1
-1
-1
-1
-3
-1
0
0
-1
-3
-1
-1
-1
-1
-2
-1
0
-1
0
-1
-1
-2
-1
-1
-1
-3
1
-1
0
0
0
-1
1
-2
-1
-1
-1
0
0
-1
0
0
-1
-1
-1
-1
0
-1
-1
-1
0
-1
-1
-2
1
-1
-1
-3
0
-1
-1
-1
-1
-1
0
0
0
-1
0
-3
-2
-1
0
-2
0
-2
-1
0
-1
-1
-1
-1
0
-1
-1
-1
-3
-1
-1
-1
-1
-1
-1
-1
-1
-1
-2
-1
-2
0
0
-1
-1
-1
0
-1
0
-2
-1
-1
-2
-2
-1
-4
-1
-1
0
-2
-1
-2
-1
-1
-1
-1
-1
-1
-1
-3
-1
-1
-1
-1
0
-1
-2
-2
1
-1
-1
-1
-1
-2
0
-2
-1
-4
0
-2
0
-1
-1
-2
0
-1
1
-2
0
-4
1
-2
-1
-2
0
-2
1
-1
1
-2
1
-2
0
-3
1
-3
1
0
-1
-2
1
-4
0
-2
-1
0
0
-1
-1
-1
1
-1
0
0
0
-2
2
-1
1
-1
-1
-1
0
-1
0
-1
-1
-1
1
-2
1
0
0
0
0
-1
0
-2
-2
-1
0
-1
-1
-1
-1
0
-1
-1
1
-1
0
-1
0
-1
-1
1
-1
0
0
-1
0
-1
-1
0
0
-1
-1
-2
-2
-1
-1
-1
0
1
-1
-1
-1
1
-1
-1
-1
-1
-1
-1
-3
-1
-1
-1
-1
-1
-1
-1
-1
-3
-2
-2
-1
-3
-2
-1
-2
-1
-1
-1
-1
-2
-1
-1
-1
-1
-2
-4
-2
-3
-2
-3
-1
-3
-1
-1
-2
-1
-2
-1
-1
-1
-2
-1
-2
-2
-2
-1
-1
0
1
-3
-2
-3
-2
-4
0
-3
-1
-2
-3
-1
-1
-1
-1
-3
-1
-3
-1
-1
-1
-2
0
-2
0
-2
0
-4
-1
-2
0
-2
-1
-1
-1
-4
-1
-1
0
-1
-1
-4
-2
-1
1
-3
-1
-2
0
-1
0
-2
-1
-4
-1
-3
-1
-1
-1
-4
-1
-1
0
-2
1
-1
-1
-1
-1
-1
-1
-1
0
-2
-1
-2
0
-3
-1
-1
2
-1
-1
-1
-1
-2
-1
-1
-2
-1
1
-2
-1
-1
-1
0
1
-1
0
0
-1
-1
-1
0
-1
0
0
-1
0
-1
-1
-1
0
-1
0
-1
-1
-2
-1
0
0
-1
0
1
-1
0
-1
-1
0
-1
-1
0
-1
0
0
0
-1
-1
0
-1
-1
-1
0
-1
-1
0
0
-1
1
0
0
-1
-1
1
-1
1
-2
-1
0
-2
-1
-1
-1
-1
-1
-1
-1
-1
0
0
0
-1
0
0
-1
0
0
-2
-1
0
-3
-3
0
-1
-3
-4
0
-1
0
-1
1
-1
-2
-1
-1
-2
0
-2
-2
-2
-1
-2
-1
-3
-1
-1
0
-1
-1
0
-1
0
0
-1
-1
-1
0
-2
0
-1
-1
-3
1
-2
0
0
0
-3
0
-1
-1
-2
1
-1
0
-1
-1
0
1
-2
0
0
-1
-2
-1
-1
0
-1
-1
-1
0
-1
-1
-2
0
-2
0
-3
-1
-1
-1
-2
-1
-2
0
-1
0
-3
1
-1
-1
0
1
-1
-1
0
0
-1
-1
-2
1
0
-1
-1
-1
0
0
-2
0
-1
-1
0
-1
-1
0
-1
-1
-2
-1
-1
-1
-1
1
-1
-1
0
2
1
1
-1
-1
-2
-1
-1
-1
-1
0
-3
0
0
0
0
-1
-1
-1
0
0
0
1
0
-1
-1
-1
-1
0
1
-1
0
0
-1
-1
-1
0
-1
-1
-2
1
0
1
0
-1
-2
-1
-2
-1
-1
-1
-1
-1
-3
0
-1
-1
-1
-1
-3
-1
1
-1
-1
-1
-2
-1
0
1
1
-1
-1
0
-1
-1
-1
0
-1
1
-1
-2
-2
0
0
0
-3
1
-2
0
-3
-1
-1
0
0
0
0
-1
-1
0
-1
-1
-2
0
-1
-1
1
-1
-1
-1
-1
-1
-1
-1
-1
-2
-1
0
-1
1
-1
-1
1
-1
-1
1
0
-1
-1
-1
0
-2
-1
0
-2
-1
-2
-1
0
-1
-1
0
-1
0
0
0
-1
-1
0
0
1
-1
-1
1
-1
0
0
-1
0
0
-1
-1
-1
-1
0
-1
-1
-2
-1
0
0
0
-1
0
-1
-1
-1
1
-2
1
0
-1
-1
-1
-1
-1
0
1
-1
-2
0
-1
-1
-1
-1
-1
-3
-1
-1
-1
-1
0
0
-1
-1
-1
-1
0
-1
-1
-3
-1
-1
-1
-1
0
-1
-1
-1
-1
-1
-1
-1
-1
-2
-1
-1
-1
0
-1
-1
-1
-1
-1
-1
1
-1
-1
0
-1
-2
0
-3
-2
-1
1
0
-1
-2
-1
0
-1
0
-1
-1
1
-1
1
-1
0
-1
-1
-1
-1
1
0
0
0
-1
0
-1
-1
-1
2
-1
1
0
-1
-1
0
-1
-1
0
-1
0
-1
1
-1
-1
1
-1
-1
-1
-1
-2
0
-1
1
-2
-1
-1
-2
0
0
-1
0
0
-1
0
-1
-1
-1
-1
0
0
-1
-1
1
0
0
-1
-1
-1
-1
0
-1
-1
0
-1
-1
-1
0
-1
1
0
-1
-1
1
-1
-1
0
0
-1
0
-2
-1
-2
0
-1
-1
0
0
0
0
0
0
0
0
-1
0
-1
0
-1
0
0
0
-1
-1
-1
-1
-1
1
-1
0
-2
-1
0
0
-1
1
-1
-1
-1
-1
-1
-1
-3
1
-1
1
-1
0
0
0
-1
0
-2
-1
0
1
-1
-1
-2
0
0
-1
-2
1
-2
-1
-1
-1
-1
-1
-1
1
-1
-1
0
-1
-1
1
0
0
-1
-1
0
0
0
0
1
1
-1
-1
0
0
-1
-1
-1
1
-1
-1
-1
1
1
-1
-1
-2
0
-1
-1
-1
-2
0
-1
-1
-1
-1
-2
-1
-1
-1
1
-1
-1
0
-1
1
1
0
-1
0
0
-1
-1
0
1
1
-1
1
-1
-1
-1
-1
-1
-1
-1
0
0
-1
1
1
1
0
1
-1
0
0
0
0
0
-2
-2
-1
-1
-1
0
-1
-1
1
-1
1
-2
-1
-1
0
-1
1
-1
-1
1
0
0
0
0
1
0
0
-1
0
0
-2
-3
0
-1
1
-1
-1
1
-1
-1
0
0
1
-2
-1
0
-1
-1
-1
0
-1
-1
0
-2
0
1
-1
-1
0
0
-1
-1
-1
-1
-1
-1
1
-1
-1
0
-1
-1
0
-1
0
0
-2
-1
-1
1
0
-1
0
-1
-2
-1
-2
1
1
-1
0
-1
0
0
-1
0
0
0
0
0
-1
-2
-1
-2
0
-1
0
-1
0
-1
-1
-1
-1
-1
-1
-1
1
0
-1
-1
0
-1
0
-1
-1
-1
1
-1
-1
-2
1
0
1
-1
1
-1
-1
-1
0
0
0
-1
0
-1
-1
0
1
-3
-1
-1
1
-4
-1
-1
-1
-1
1
-1
0
0
-1
-2
-1
-1
-2
0
-1
0
-1
-1
0
-2
-1
0
0
-1
-1
-2
-1
-1
-1
-2
0
-1
1
-3
0
-1
-1
1
-2
1
0
0
1
0
0
-2
-1
-4
0
-1
-2
-1
0
-1
-1
-2
-3
-1
-1
1
1
1
-1
-1
1
1
-1
-1
-1
1
-1
-1
-2
-2
0
1
1
0
0
0
0
-1
0
-1
-1
0
-2
-1
-1
0
0
-1
0
-1
0
0
-1
-1
-4
-1
-1
0
-2
0
-1
0
1
0
-1
-1
-1
-1
0
-1
1
0
0
0
1
-1
1
-1
1
0
0
-2
-1
0
1
-1
0
0
-1
1
-1
-2
-1
-1
-1
-1
-1
1
0
0
-1
-1
0
-2
-1
-1
-1
0
1
-1
-1
-1
1
-1
-1
-1
-1
0
-1
-2
-1
-1
0
-1
1
0
-1
-3
0
-1
1
-1
-1
-1
-2
0
0
-1
0
0
0
-1
-1
-1
1
-1
0
-1
-2
0
0
-1
0
-1
-1
-1
-1
-1
1
1
1
1
-1
-1
0
-1
-1
0
0
-1
1
-3
0
-1
0
-1
0
1
1
-1
1
-1
-1
-3
0
-1
-2
-1
1
0
-1
-1
-1
0
1
-2
0
-1
-1
-1
1
-1
-1
-1
0
0
0
-1
1
-2
-1
-2
1
-1
-1
-1
-1
0
-1
1
1
0
1
-1
1
1
0
-1
-1
0
-1
-1
0
0
-1
0
0
-1
0
-1
0
-1
0
-1
-1
-1
-1
-1
-1
-2
0
0
-1
0
0
0
-1
-1
0
-1
-1
1
0
-1
-1
1
-1
1
0
0
0
-1
1
0
-1
-1
-1
-1
0
-3
0
1
0
1
-1
-1
-1
-1
-2
0
0
-1
-1
-3
0
-1
1
-2
-2
-1
1
-1
1
-1
-1
1
1
-1
0
-1
0
1
1
-1
0
0
-1
1
0
1
0
-2
1
-1
-1
0
-1
1
0
-1
-1
0
0
0
0
-1
-1
0
-1
-1
-1
-2
-1
-1
-1
-1
-1
1
1
1
0
-1
-1
-1
0
-2
-1
-1
-1
-1
-1
-1
1
1
1
-1
0
0
-1
1
0
-3
-1
0
1
-2
-1
0
-1
0
-1
-1
-1
0
-3
0
1
-1
1
-1
-1
0
-1
-1
1
-1
1
-1
1
1
0
0
-1
-2
-1
0
0
0
0
-1
-1
1
1
1
1
-1
-1
1
0
0
1
1
1
-1
-1
-1
0
-1
-1
-1
0
0
0
0
-1
1
-2
1
-1
-1
1
0
0
0
-1
1
-1
0
0
-1
-1
1
0
-1
-1
-1
-1
1
1
0
-1
-1
0
0
-1
0
1
-2
1
0
-1
1
-1
0
1
-1
1
-1
0
-1
-1
-1
0
-1
0
-1
0
-1
0
-2
-1
-1
0
-1
0
-1
-1
-1
-1
-1
1
-1
0
0
-1
0
-1
-1
-2
-1
-2
-1
-1
1
-1
0
-1
0
-1
0
-1
-1
0
-1
-1
0
0
-1
1
0
-1
-1
-1
-1
0
-2
-1
-1
-1
-1
-1
0
0
-1
-1
1
-1
0
-2
-1
-1
0
-3
0
-1
0
-1
-1
-1
1
-2
-1
1
0
-1
0
-1
0
-1
-1
-1
-1
-1
0
-1
1
0
-1
1
0
-3
0
-1
1
-1
-1
1
-1
-1
-1
-1
-1
-1
-1
1
-1
-1
1
0
0
0
-1
0
0
-1
1
-1
-1
-1
2
1
-1
0
-1
-1
-1
-1
-1
-1
-1
-1
-1
-1
-1
-2
0
-1
0
-1
0
-1
1
-1
-1
-1
0
-1
1
-1
1
-1
-1
-1
-1
0
1
-1
-1
-1
-1
-1
1
0
-1
0
0
0
0
-2
1
-1
-1
-1
-3
0
1
-1
-3
-1
0
0
-1
0
-1
0
1
-1
1
1
0
-1
1
1
1
-1
1
0
-1
0
0
-2
0
-1
1
-2
-1
0
-1
-1
0
-1
0
0
0
0
-1
0
0
1
0
-1
0
-1
0
-1
-1
0
-1
-1
0
-1
1
-2
0
1
0
-1
-1
0
0
-2
-1
-1
0
1
1
-1
-2
-1
-1
-1
1
1
-1
0
1
0
-1
0
-1
0
-1
0
1
0
1
-1
-1
-1
1
0
-1
0
1
-1
-1
-1
0
-1
1
-1
0
0
0
-1
-1
0
0
-1
-1
1
0
0
-1
2
1
0
0
-1
-2
0
1
-1
-2
-1
0
-1
0
-1
0
0
-1
1
-1
0
-1
-1
0
-2
-1
0
0
-1
-1
0
1
-2
-1
-1
1
-1
-1
-1
1
-1
-1
-2
0
0
-1
-1
0
-1
0
0
1
1
-1
0
-1
-1
0
1
1
-1
0
1
0
-1
1
-2
-1
0
0
-1
-1
-2
-1
1
1
-1
1
-2
-1
-1
-1
-4
1
0
0
-1
-1
-2
0
-1
0
1
1
1
0
-1
0
-2
-1
-1
0
-2
-2
0
-2
0
0
-1
-1
-1
-1
-1
0
-1
-1
0
0
-1
1
-1
1
-1
1
0
1
0
0
-1
0
1
1
0
1
1
1
-1
2
-2
1
1
0
0
1
0
1
-1
-1
-1
-1
-1
-1
0
1
-1
1
-1
1
0
0
0
1
-1
-1
1
0
-1
-1
-1
0
-1
-1
-1
0
-1
0
-2
0
1
0
-1
1
-1
0
-1
0
0
-1
1
1
1
1
-1
-1
-1
0
0
-1
-1
1
-1
0
-1
0
-1
1
-1
0
-2
-1
-2
-1
-2
-1
-1
0
0
0
-2
-1
-1
1
-1
1
-2
1
0
-1
-3
-1
-1
-1
0
1
-1
-1
-1
-1
-1
0
-1
-2
0
1
-2
1
-1
-1
-3
-2
1
0
-1
-1
-1
-1
0
0
0
-1
-2
-1
-1
1
-1
1
-1
0
-1
-1
-3
0
-1
-1
-1
1
-1
-1
-2
1
-2
-1
-1
1
-1
0
-2
-1
-1
-1
-2
0
-1
0
-2
-1
1
0
0
1
-2
0
-1
0
-1
-1
-3
1
0
0
-1
0
-1
-1
-1
0
-1
1
-1
-1
-1
1
0
-1
0
0
0
-1
-1
1
1
0
0
-1
0
-1
-1
0
-1
1
-1
0
-1
1
-3
-1
0
1
0
-1
0
-1
0
0
-1
-1
-1
-1
-1
1
-1
0
-1
-1
-1
-1
-1
0
0
0
-1
-1
-1
1
1
1
-1
-1
0
0
0
1
-2
-1
-1
0
-2
1
-1
-1
-2
0
-1
1
-1
0
0
1
-2
0
-1
-1
-1
-1
0
-1
-1
-1
-2
1
0
0
0
0
-1
-1
0
0
-1
-1
-1
0
-1
-1
-1
1
-2
0
1
1
-1
-1
-2
1
-1
0
-1
0
0
0
-1
-1
-2
1
-1
-1
-2
0
-1
1
-1
-1
0
1
0
-1
-1
0
-1
0
1
-1
-1
0
0
-1
-1
-1
0
-1
1
0
-1
-1
-1
-1
1
-1
0
0
-2
1
-1
-1
-1
0
-1
0
0
-1
-1
-1
-1
-1
-1
-1
-1
-1
0
-1
-1
1
-2
0
-1
0
0
-1
0
-1
-1
-1
0
-1
-2
1
-2
1
-1
-1
-1
0
0
0
-1
0
-1
0
1
-1
0
-1
-1
-1
0
-1
0
0
0
1
-2
0
-1
-1
0
-1
-1
0
0
-1
-2
1
-1
-1
-1
1
-1
1
-1
1
-3
0
-1
0
0
0
-1
-1
-1
0
-1
0
-1
-1
-1
1
-1
0
-1
-1
-1
2
-1
0
-1
-1
-1
0
0
-1
-1
1
-1
1
-1
-1
-1
-1
-1
-1
-2
1
-1
1
-1
0
-2
-1
-1
-1
-3
1
-1
0
-2
0
-1
0
-1
-1
-1
1
-2
0
0
-1
-1
-1
-1
-1
-1
0
0
0
-2
-1
0
-1
-1
0
-1
1
-1
-1
0
-1
-2
0
0
-1
-1
0
0
-1
0
-1
-1
1
-1
0
-1
0
0
0
-1
1
-1
-1
-1
0
-1
-1
0
0
0
-1
-1
-1
-1
0
-1
-1
0
-1
-1
0
-2
-1
-1
0
1
0
-2
-1
-1
0
-2
2
-1
0
-1
1
0
0
-1
1
-1
-1
-1
-1
-2
-1
-1
-1
-1
0
0
-1
-1
0
-1
0
-2
-1
-1
1
-2
0
-4
0
-1
0
-1
-1
-1
-1
-4
-1
-1
-1
-1
0
-1
0
-1
0
-2
0
-1
-1
-1
0
-3
1
-3
-1
-1
-1
-2
1
1
1
-3
1
-1
0
-1
-1
-2
0
-1
-1
-1
-1
-2
-1
-1
1
-1
0
-3
-1
-1
0
-1
0
0
-3
-2
1
0
0
-1
0
-1
1
-3
0
-1
-1
-1
-1
0
-1
-3
0
-1
0
-1
1
-1
0
-3
1
-1
0
0
-2
-3
-1
-1
0
-1
0
-2
-1
0
1
-1
-2
-2
0
-1
-1
-1
1
-1
-1
-2
1
-1
1
-2
-1
-1
0
-1
1
0
-1
-1
-1
0
0
-1
-1
-1
1
-1
0
-1
0
-2
0
-1
0
-2
-1
-1
-1
-1
-2
-1
1
-3
-1
-1
-1
-1
-1
0
1
-1
0
-3
-1
-2
1
0
1
-2
-1
0
-1
-1
0
-1
-3
-2
0
-1
-1
-1
-1
-1
-2
-1
-1
-1
-1
-2
-1
-1
0
-1
0
-1
0
0
0
0
-2
-1
0
0
0
-2
-1
-2
-1
-1
0
0
-1
-1
-1
-1
0
-3
0
-2
0
-1
0
0
1
-1
0
-1
-1
-1
0
-2
-1
-1
-1
-1
-1
0
-1
-1
-1
-1
-1
-2
-2
-1
1
0
1
-2
-1
-1
-1
-2
0
-1
-1
-1
-1
-1
-1
0
1
0
0
-1
-1
-3
0
0
0
-1
-1
-1
1
-1
0
-2
-1
-3
1
-1
-1
-1
0
-1
0
0
0
-1
-3
-1
-1
-1
-1
-2
-1
-1
1
-1
-2
0
-1
-1
0
-3
-1
-1
0
-1
-1
0
-1
-1
0
-1
-1
-1
-2
-1
-1
0
-1
-1
1
-1
0
-3
0
-1
0
-3
-1
-1
0
-1
-1
-1
1
-2
1
-1
-1
-1
0
0
1
-1
-1
-1
-1
-1
1
0
-1
-1
1
-1
-1
-2
1
-2
-43
356
-362
-24
-361
-5
-361
18
358
-41
-62
-357
81
351
344
-103
122
339
-141
-334
158
323
-314
178
301
-199
-216
-293
-279
231
-265
245
249
-263
231
-279
-291
-218
-201
299
311
179
-165
322
-145
330
338
124
104
-346
-85
351
354
62
40
-359
-24
358
-362
-2
-361
20
-42
-358
-62
-357
354
-84
-104
-348
339
-123
141
331
322
-162
-313
179
-199
-301
291
-216
276
-233
-250
-263
-263
-249
-232
275
-291
-216
-199
301
-181
311
163
-324
143
-333
122
-339
-347
-105
84
-354
-356
-64
358
41
-21
359
-1
-359
-21
-363
40
358
64
355
83
351
346
-107
339
-125
-144
-332
-320
163
182
311
-197
-304
216
288
-232
-276
249
260
247
-263
231
-279
216
-290
198
-305
182
-317
162
-325
330
140
-341
-125
-345
-103
351
80
356
61
-358
-42
-18
360
-362
-1
-361
20
43
356
64
354
-352
85
105
342
125
337
333
-148
322
-165
-311
182
-199
-303
-290
216
275
-235
-250
-264
264
245
279
228
-293
-216
-197
301
-315
-182
-323
-163
334
139
339
119
346
101
-82
351
357
59
357
36
-361
-21
-362
-1
360
-25
-359
42
-66
-358
-352
83
-345
104
125
337
-146
-331
-164
-324
310
-185
-202
-301
-291
215
-235
-276
-249
-262
-266
-245
-280
-231
211
-293
194
-304
-181
312
-161
322
333
138
341
120
346
101
-83
351
356
59
37
-360
-361
-18
2
361
359
-25
358
-46
64
354
350
-88
-346
106
-337
126
145
330
-168
-322
310
-184
-299
200
-220
-288
235
274
-260
249
-247
265
277
229
-293
-212
-196
303
-176
314
325
157
139
-337
342
118
-348
-100
351
77
-59
356
-37
358
18
-363
2
361
-360
25
47
357
-354
66
-349
88
109
343
336
-129
-148
-333
168
319
-186
-313
-299
202
286
-221
-272
234
-254
-261
-268
-245
279
226
-293
-213
195
-306
-175
315
157
-327
136
-335
-343
-121
-348
-100
-77
351
-355
-60
35
-361
360
13
8
359
-363
26
358
-50
-69
-356
-352
88
-110
-345
336
-133
-147
-330
-320
166
-187
-313
-298
202
-221
-290
272
-238
252
256
243
-267
-229
278
-213
293
-194
303
-177
315
-327
-159
333
134
-343
-119
-349
-99
-77
352
-358
-59
-37
356
-363
-16
361
-9
361
-30
-358
47
354
-73
88
348
-112
-346
334
-132
-330
148
168
319
-312
184
-204
-300
282
-223
-238
-274
252
257
-270
-243
-229
281
293
209
-308
-193
173
-317
-327
-156
332
134
-344
-117
94
-349
351
74
-57
356
358
34
-361
-13
-9
-363
359
-30
47
357
-354
71
348
-90
342
-112
337
-131
-331
151
-319
169
-309
189
204
297
284
-221
-272
240
-254
-254
240
-269
-281
-226
-294
-208
307
192
-316
-173
325
153
-134
334
-343
-115
95
-350
-354
-74
-55
356
-361
-33
14
-362
11
359
-30
-361
52
356
355
-73
94
348
346
-114
-130
-338
-151
-329
173
315
-306
187
-295
203
224
281
272
-243
257
255
271
237
227
-287
-206
293
308
188
318
169
329
150
-335
-137
-343
-118
-350
-97
-71
349
52
-362
33
-366
-361
-14
-10
-367
357
-35
355
-59
-356
69
-96
-353
340
-117
334
-138
149
323
315
-175
-192
-310
-300
205
-286
221
268
-243
