-311
199
-313
-278
259
204
178
-315
-327
-205
296
156
307
138
-156
325
100
-349
-361
-101
342
66
39
-363
345
25
-376
-14
346
-16
-375
29
-66
-358
62
353
82
347
-356
113
-348
134
-337
152
-182
-318
180
308
283
-209
-236
-280
259
-240
247
258
-249
273
-233
286
-214
298
-317
-185
312
170
-157
328
126
-338
-350
-112
-98
349
349
72
-55
358
-34
360
-365
-9
-18
-363
-40
-360
354
-55
71
354
-100
-349
337
-117
330
-136
-331
153
169
316
-194
-308
206
293
-286
225
-246
-269
250
-259
-276
-239
218
-286
-209
296
-313
-189
165
-321
325
148
334
129
339
110
345
90
351
69
-49
355
29
-363
-362
-7
-361
11
358
-35
356
-57
-354
76
345
-99
-120
-344
334
-136
154
325
173
314
304
-194
-295
209
222
281
-244
-269
252
-260
237
-273
284
221
-301
-206
-190
309
-170
318
325
148
127
-338
-347
-112
89
-351
352
69
354
47
-363
-29
4
-363
-363
13
33
359
356
-57
-79
-352
346
-99
339
-118
-139
-335
-327
156
-177
-317
-195
-308
-212
-293
-281
228
-245
-267
-254
259
235
-273
218
-288
-300
-204
-188
310
-320
-168
-150
328
338
129
-110
344
350
88
68
-356
-361
-47
-1
0
-1
1
-3
0
-1
1
0
0
-1
-2
-2
-1
-1
-1
-1
-1
0
0
-1
-1
-1
-1
-3
-2
-1
0
-1
-1
-1
-2
-1
-1
0
-1
-1
0
0
0
0
0
-2
-1
-2
-1
0
0
-1
-1
1
-1
-1
-1
-1
0
-1
0
-1
-1
-1
-2
-1
0
-2
-1
-2
-1
-1
0
-1
0
-1
-1
-1
-1
-1
-1
-1
0
0
0
-2
-1
-1
-1
-4
1
1
-1
0
-1
-1
-1
-1
-1
0
0
-2
-1
-1
-1
-2
1
-1
-1
-1
0
-1
0
-1
1
-1
-1
-1
0
-1
-1
-1
-1
-2
-1
-2
-3
-1
0
-1
-1
1
-1
-1
-1
0
-1
-1
-1
-1
-2
-1
-1
2
0
-1
1
-1
-3
-1
-1
-1
-1
-1
-1
-1
-1
-1
-1
-1
0
-2
-1
-1
-2
-2
-1
-1
0
-1
-2
-2
-1
-1
-1
-2
-1
-2
-3
0
-1
-1
-1
-2
0
-2
-1
-2
0
-1
0
-2
-2
-3
2
-3
-1
-1
-1
-4
0
-2
1
-2
1
-3
1
-1
-1
-1
0
-1
2
-2
-1
-1
-1
-2
0
0
0
1
1
-2
1
-3
1
-4
-1
-3
-1
0
1
-1
1
-2
1
-2
-1
-2
0
-2
1
-1
1
-1
-1
-2
0
-1
0
-1
0
-1
0
-2
-1
0
-1
-1
1
0
0
-1
-1
-1
0
-1
-1
0
-1
-1
0
-1
0
-1
0
-1
-1
0
-1
-3
0
-1
-1
-1
-1
-1
-2
1
-1
-3
-1
-1
0
0
-1
0
-1
-1
-1
0
-1
-1
-1
0
-1
0
0
-1
-2
-1
-1
-2
-1
-3
-1
-3
-1
-1
-1
0
-1
-1
-1
0
-1
-3
-3
-1
-1
-1
-1
-1
-2
-1
0
-2
-1
-1
-4
-2
0
-1
-1
-1
-1
-1
-2
-1
-1
-1
-1
-1
-2
-2
-2
-2
-1
-1
-1
-2
-1
0
-1
-2
-2
-1
-2
-1
0
-3
1
-1
-3
-3
-1
-2
-1
-3
-1
-3
0
0
-1
-2
-1
-2
0
-3
-1
-1
-1
-3
0
-1
0
-2
0
-3
1
-2
-1
-2
1
-2
-1
-2
-2
-1
-1
-1
-1
-1
0
-2
0
-1
-1
-2
0
-1
-1
-1
0
-2
0
-1
1
-2
0
-1
0
-1
-1
-2
-1
-1
1
-1
0
-1
1
-3
0
0
0
-3
0
-1
-1
0
1
-1
0
0
0
-1
-1
-1
-1
-1
-1
1
0
-3
-1
-1
1
-2
1
1
0
-1
1
-1
-1
-1
-1
-1
-1
-1
-1
-1
-1
0
-2
0
-1
-2
1
0
-1
1
1
-1
-1
0
0
0
-1
-1
1
-1
-1
-1
0
-2
-1
-1
-1
0
-1
-1
0
0
-1
-1
-2
-1
-1
0
-1
-1
0
-1
0
-1
-1
-1
-2
-1
0
-3
1
0
-1
-1
-1
-1
0
-1
-1
-1
-1
-1
-1
-2
-1
0
-1
0
-1
-1
-1
-1
1
0
-1
-1
-2
-1
1
-4
0
-1
-1
-1
1
-2
-1
0
0
-1
-1
0
-1
0
-1
-2
1
-3
0
-1
0
0
0
-1
1
-1
-1
0
1
-1
-1
-1
1
-2
1
-1
-1
-2
-1
-1
0
-2
-1
-1
0
0
0
0
0
0
1
-1
-1
-4
1
-1
1
0
0
-1
-1
-1
0
-1
-1
-1
-1
0
0
-2
-1
0
1
-1
0
0
0
-3
0
-1
-2
-2
-1
-2
-1
-3
0
0
0
-1
0
0
1
-1
1
-1
0
-2
1
-1
-1
0
-1
-2
0
-1
-1
-3
0
-2
0
-3
-1
0
0
0
0
-3
1
-1
-1
-1
1
-1
-1
0
0
-1
-4
0
-1
-1
1
-1
-1
-1
0
-1
0
-1
1
-2
-1
-1
-1
-1
-1
-2
0
-1
-1
-1
0
-1
0
-2
-1
-1
-1
-1
-1
0
-1
-1
-2
-1
-1
-2
-1
-1
-2
-1
-1
0
0
-1
1
-1
-1
1
-1
-1
0
-1
1
-1
-1
-1
0
-2
-1
-2
1
-1
-1
-1
-1
-1
-1
-1
-1
-3
0
-1
-1
0
0
-1
-1
0
0
-1
0
0
-1
-1
-1
-1
-1
-1
-1
-1
-1
-1
0
-1
1
-1
0
-1
-1
-1
1
-1
-1
-1
-1
-2
-1
-1
0
1
0
0
-1
-1
0
0
-1
-1
-1
-1
-1
-2
-1
-1
-1
-1
0
0
-1
-2
-1
-1
0
1
-1
-1
-1
-1
-1
-1
-1
1
-1
-1
1
-2
0
-1
1
1
-2
0
-1
-3
0
0
-1
-1
1
-1
-1
-2
1
1
-1
-2
1
0
-1
-1
-1
-1
-1
-1
-1
-1
0
-1
-1
-1
-1
0
-1
-1
0
0
0
-2
-1
-2
-2
-1
-1
0
0
-1
0
-2
-1
-1
0
-1
-1
-1
0
-1
0
-2
-1
-1
-1
-1
-2
0
0
-3
-1
-1
-1
-1
0
-1
0
-1
0
0
-1
0
-1
0
-1
0
0
0
-1
-1
1
-1
-1
-1
0
-3
1
-1
0
-1
-1
-1
1
-1
1
-1
0
-1
0
-1
0
0
1
1
-1
-1
0
0
-1
-1
1
-1
0
1
0
-1
-1
-1
1
0
-1
-1
1
-1
0
-1
-1
-3
0
-2
-1
-1
-1
-1
-1
-1
-1
-1
-1
-1
0
1
-1
1
-1
0
0
-1
0
-2
-1
0
1
-1
0
-2
0
-1
-1
-1
-1
-4
-1
-1
1
0
-1
-1
0
0
0
0
0
-1
0
-1
-1
-4
-1
1
-1
-1
0
1
-1
-1
0
-1
-1
-3
-1
-1
0
0
0
-1
0
-1
-1
0
-1
-1
-1
-1
0
0
0
0
-1
-2
1
-3
-1
-1
-1
-1
-1
-3
-1
0
-1
-2
1
0
-1
-1
2
-1
0
-1
0
-1
-1
-1
0
-1
-1
-1
-1
-1
-1
-1
0
-1
1
-1
1
0
-1
-2
-1
0
1
-1
1
0
-1
-1
1
-1
-1
1
1
-1
1
-1
-1
-1
-1
-1
-1
-2
-1
-4
0
-1
0
0
0
-1
0
-2
0
-1
0
-3
-1
-2
0
-1
1
0
-1
-1
-1
-1
-1
-1
-1
1
-1
-1
-1
0
-1
1
0
0
0
0
3
-1
0
0
0
0
0
-1
1
0
-1
-1
-1
0
0
0
-1
-1
-1
-1
0
-1
0
-1
-1
-1
0
-1
0
0
-1
-1
-1
-1
-2
-1
0
-1
-1
0
-3
-1
-1
-1
-1
1
-1
-1
1
-1
-1
-1
1
1
0
-1
1
-1
1
-1
-1
-1
-1
-1
-1
1
0
0
-1
-2
0
1
0
-2
-1
0
-1
0
-1
-2
-1
-1
0
-1
1
-1
0
-1
-2
0
0
0
0
-1
-1
0
-1
-1
1
-1
-1
-1
0
0
-1
-1
-1
-1
0
-1
0
-1
-1
0
1
1
0
-1
1
1
-1
-1
1
-1
0
-1
1
-1
1
0
0
-1
1
-2
-1
-1
1
0
-1
-1
-1
-1
0
-1
1
0
0
0
-1
1
1
-3
-1
0
0
-1
2
-1
-1
-1
-1
-1
-1
-1
0
0
-1
-1
-1
-1
-1
-3
0
-1
0
1
-1
-1
1
-1
-1
-1
-2
-1
1
-1
-1
-1
1
0
1
1
1
-1
0
-1
0
-1
1
-3
0
-1
1
-1
1
1
-1
-1
0
-1
-1
-2
-2
-3
0
-1
-1
-1
-1
1
-1
-1
0
-1
0
-1
-1
-1
-1
-1
-1
-2
-1
1
-1
1
0
-1
-1
0
-2
-1
-1
-2
0
-2
-1
1
-1
0
-1
0
-1
-1
0
1
-3
-1
0
-1
-1
-1
-3
-1
-1
0
1
-1
1
-1
-1
-1
-1
-1
-1
-1
-2
-1
-1
0
-2
1
0
-2
0
0
0
1
0
-1
1
-2
-1
0
0
-1
-1
-2
-1
-1
0
1
-1
-1
0
-1
0
1
-1
-4
0
-1
-1
1
0
0
-1
-1
-1
0
1
-1
0
-1
0
0
-1
-1
0
-1
1
-1
0
-2
1
-1
-1
1
0
0
-1
-1
0
-3
-2
-1
1
-1
1
-1
0
-2
-1
-1
-1
-1
1
-1
0
-2
0
-1
-2
1
2
0
0
0
-3
1
-1
-1
-2
-1
1
-1
-1
-1
1
-1
-1
0
-1
0
-1
-1
1
-1
-1
-1
0
-1
-2
-1
0
1
-1
0
0
-1
-1
-1
-1
-1
-2
0
0
0
0
-1
-1
0
-1
1
1
0
0
1
-1
-1
-1
-1
0
-1
2
-1
-1
-2
0
-1
-3
-1
-1
-1
1
-2
0
0
-1
1
-1
-1
1
-1
-1
-1
-1
1
-1
0
-2
1
0
0
-2
-1
0
0
-1
-2
1
-1
0
1
-1
-1
-1
0
0
-1
-1
1
0
1
0
-3
0
-1
1
0
-1
1
-1
-1
-1
-1
-1
0
-2
0
-1
0
-1
1
0
-1
0
-2
-1
-1
-1
-1
-1
-1
-1
-1
1
-1
-1
-1
-1
-1
0
0
-1
-1
-1
-2
-1
-1
0
-1
-1
-1
1
-1
-1
-1
0
0
0
0
1
-1
-1
-1
-1
0
-1
1
1
1
0
-1
0
0
1
-1
1
1
1
-1
-1
1
0
1
-1
-1
0
-2
0
-1
-1
-1
0
0
0
0
-1
1
1
-2
-1
-1
-1
-1
1
-3
-1
1
0
0
-1
1
-1
-1
1
0
-1
0
-1
-1
-1
-1
0
0
1
-1
0
-1
1
0
-1
0
0
-1
-1
1
0
0
-1
-1
0
0
-1
-1
2
0
1
-1
1
-1
1
1
-1
-1
0
-1
-1
-1
-2
0
-1
0
0
-1
-1
1
1
-1
-1
0
-1
0
-2
1
-1
-1
1
-1
0
-2
-1
2
-1
-1
0
-1
-1
0
0
-1
-1
0
1
-1
-1
-1
-1
-1
1
0
1
-1
0
-2
-1
-1
1
0
0
1
0
1
-1
1
0
-1
1
-1
-1
1
0
-1
-2
1
-1
-1
0
-1
-1
-1
0
-1
0
-1
-2
1
-1
0
-1
0
-2
0
-1
-1
-1
-1
-1
-1
-1
0
0
-1
1
-1
-1
-1
-1
-1
0
1
-1
1
0
-1
-1
0
-2
0
-1
0
-1
-1
0
-1
-1
0
-1
0
0
-1
0
-1
-1
-1
-1
-1
-2
-1
-2
1
-1
0
-1
-1
0
-2
-1
-1
-2
-1
-1
1
-2
1
-1
0
-1
-1
1
-1
-1
1
-1
-1
1
-1
-1
-1
-1
-1
-1
-1
1
-1
0
-1
-1
1
0
-1
-1
-1
-1
-1
-1
-1
-1
1
-1
-1
-1
0
1
0
1
-1
-1
1
0
-1
2
-1
1
0
-1
0
-1
-1
0
1
0
-1
-1
1
0
0
1
-1
-2
0
-1
1
0
-1
-1
1
-1
-1
0
-1
-1
0
-1
1
-1
1
0
2
-1
-1
-1
0
-1
1
-1
-1
-1
1
0
1
-1
-1
-1
0
-1
-1
1
1
-1
-1
-2
-1
-2
-1
0
1
0
-1
-1
-1
-1
-2
-1
-1
-1
-1
-1
0
-1
0
-1
-1
0
0
-1
0
0
-1
-1
-1
-1
1
0
-1
0
0
0
-1
0
0
1
1
1
0
-2
1
-2
0
0
0
-1
-1
-1
0
0
0
-1
1
-2
-1
-1
0
-1
1
1
-1
-1
-3
-3
1
1
0
0
0
-1
-1
-1
-1
0
-1
-1
-1
-1
-1
-1
0
-1
0
0
-1
-1
0
-1
-1
0
0
-1
0
-1
1
1
-1
-1
0
0
0
0
0
-1
0
-1
-1
-1
0
-1
0
-1
0
0
1
0
-1
0
-1
-1
0
-1
-1
0
-3
-1
-1
0
-1
-1
1
-1
-1
-1
-1
0
-1
-1
-1
1
-1
1
0
-2
1
-1
1
-1
1
-1
1
1
0
0
0
-1
1
-3
-1
-1
0
-3
0
-1
0
-1
0
-1
-1
-3
-1
-1
1
-1
0
1
-1
1
1
0
0
-1
-1
-1
-1
0
1
-1
0
-1
-1
-3
-2
-1
1
-2
1
-1
0
-1
0
-1
0
-1
1
-1
-1
-3
-2
-1
-1
-1
0
-1
-1
0
-1
-1
-1
-1
0
0
0
-1
1
0
0
0
-1
0
1
0
1
-1
1
0
0
1
0
-2
0
-1
1
-1
0
0
1
-1
-1
-1
-1
0
-1
0
0
-1
-1
-1
1
-1
0
0
1
-1
1
-2
1
1
0
-1
0
-2
-1
-2
-1
0
0
0
2
1
-1
-1
-1
0
2
-2
1
0
1
-1
1
-1
1
-2
0
-1
0
-1
-1
-1
0
-1
-1
-1
1
-1
0
0
0
-1
1
-1
-1
-2
1
-1
-1
-1
-1
0
0
-1
-1
-1
0
-1
-1
-1
-1
0
1
-1
-1
-3
1
-1
0
-1
-1
0
1
-1
-1
-1
-1
1
-1
-1
-1
-1
-1
-1
-1
-1
0
0
1
-1
-1
-1
-1
-1
0
-1
0
0
-1
-1
-1
-1
-1
-1
-1
-2
1
0
0
-2
1
-1
-1
-1
0
-1
0
-1
0
-2
-1
-2
0
-1
-1
-1
-1
0
0
-2
-1
-1
1
0
0
-1
0
-1
-1
-1
1
-1
-1
-1
1
-2
0
-1
0
0
0
-1
-1
1
1
-1
0
-1
0
0
0
-2
1
-1
0
0
1
0
-2
-1
0
-1
1
-1
-1
-1
1
-1
-1
1
-1
0
-1
-1
0
-1
0
0
0
1
-1
-1
-1
-1
0
-1
-1
-1
0
-1
-1
-4
0
-1
-1
-1
0
-1
-1
-1
1
0
0
-3
1
-1
1
0
0
-1
0
-1
0
-1
-1
-1
-1
0
-1
-2
1
-1
1
-1
0
0
-1
0
-1
0
-1
-1
-2
-1
1
-2
0
-1
0
0
-2
0
0
-1
1
-1
-1
0
-1
-1
1
0
-1
0
-1
-1
-1
-1
0
1
-1
-1
0
0
-1
-1
0
-1
0
-1
-1
-1
0
-1
-1
-1
1
-1
-1
-1
-1
-1
0
-1
0
-1
-1
-1
-1
-1
-1
0
0
0
1
-1
0
-1
-2
-1
-1
0
-1
-1
-1
0
0
0
-1
-1
-1
-1
-1
-2
-1
-2
-2
-1
0
-1
-1
-1
0
-1
0
-1
0
-2
-1
0
1
-1
0
0
-1
-1
-1
-1
0
-1
1
-1
0
0
1
-1
-1
0
-1
-1
1
-1
-1
-1
0
-1
0
1
-1
0
0
0
1
-1
0
-1
-1
0
0
0
-1
-1
0
0
-2
-1
-1
-2
-2
-1
1
-1
-1
0
-1
-1
0
-1
0
-1
0
-1
1
-2
1
-2
1
-1
0
0
-1
-2
1
-1
-1
0
-1
-2
1
-1
1
-1
-1
-1
0
-1
-1
-1
0
-1
1
-1
1
-1
1
-1
0
-1
1
-1
0
-1
0
-1
1
-1
-1
-1
-1
-1
0
-1
-1
-1
-1
-1
-1
0
-3
-1
0
-1
0
-1
1
0
0
-1
0
0
-1
1
-1
-2
0
-1
0
-2
-1
0
-1
-1
1
-1
0
-1
0
-1
-1
0
0
-1
0
0
-1
-1
-1
-1
0
1
1
-1
-1
-1
-1
-1
-1
-1
0
-1
0
-1
-1
1
0
-1
-1
-2
-1
-1
-1
-1
-1
-2
-1
-1
1
-3
-1
-4
0
0
-1
-1
1
-1
-1
-2
-2
-1
-1
-1
-1
-1
-1
-1
0
-1
0
-1
-1
-1
-1
-1
0
-1
1
0
-1
-1
0
-1
-1
-3
1
0
-1
-1
-1
-2
0
-1
0
-2
-1
-1
0
-1
-1
-2
-1
-2
0
-1
-2
-1
0
-2
0
-1
-1
-1
-1
-3
-1
1
0
-3
1
-1
-1
-1
0
-1
-1
-1
0
-1
1
-4
1
-1
0
0
0
-2
1
-3
-1
-1
0
0
-1
0
0
-2
0
-2
-1
-1
1
-2
0
-1
0
-1
-1
-1
0
-3
-1
-1
1
-1
-1
-2
-1
-1
0
-2
-1
0
-1
-2
0
-1
0
-1
-1
-1
-1
-4
0
-1
0
-1
0
-2
-1
-1
-1
-1
-1
-4
0
-1
-1
-2
-1
-1
0
-2
-1
-1
-1
-1
-1
-2
-1
-1
1
-2
0
0
0
-2
-1
-2
-1
-1
-1
-1
0
-1
0
-1
0
-2
1
-1
-2
-2
0
-3
-1
-1
-1
0
-1
-1
1
-2
0
-1
0
-1
0
-1
-1
-1
-1
0
1
0
-1
0
-1
0
-1
-1
-2
0
-2
-1
-1
0
-2
-1
-1
-2
-2
-2
1
-1
1
-2
-1
-1
-1
0
0
-1
-1
1
-1
-1
0
-3
-1
-1
-1
-1
1
0
-1
-2
1
-4
-1
-2
-1
0
-1
-3
1
-1
-1
-1
-1
-1
0
-1
-1
-1
2
0
-1
-1
-1
-1
-2
-1
-1
-1
0
-1
0
-1
-1
-1
-1
-1
1
-2
-1
-2
-1
-2
-1
-3
0
-3
-1
-1
1
-1
-1
-3
0
-1
0
-1
-1
-2
-1
-1
-1
-1
0
-1
-1
-1
-1
-1
0
-3
-1
-2
-1
-1
1
-1
-1
-1
0
-1
0
-1
-1
-1
-1
-1
0
-2
1
-1
0
1
-1
0
0
1
-3
-1
0
-1
1
-1
0
-1
-1
-1
-1
-1
1
0
-1
-1
-1
-1
0
0
-1
-2
1
-2
1
-1
-1
-4
0
-2
1
-1
-1
1
-1
-1
0
-1
-1
-1
-2
-1
1
-2
-3
-3
-45
357
-361
-26
-363
-4
-362
16
358
-41
-62
-357
80
351
345
-104
120
339
-142
-332
158
322
-315
177
301
-199
-216
-292
-279
228
-267
246
247
-263
232
-277
-290
-218
-201
301
311
179
-165
320
-144
330
338
125
103
-345
-86
351
354
63
41
-359
-23
358
-362
-1
-361
19
-42
-359
-63
-357
350
-84
-103
-347
339
-123
143
331
322
-163
-315
179
-202
-303
288
-216
278
-234
-251
-262
-264
-249
-233
275
-292
-218
-199
301
-181
311
163
-324
142
-333
123
-339
-346
-103
84
-353
-358
-64
358
40
-20
361
0
-361
-22
-362
41
357
63
354
83
350
346
-105
339
-126
-145
-333
-320
162
181
310
-199
-303
219
288
-233
-276
249
261
248
-267
233
-277
215
-291
200
-305
181
-316
163
-322
330
139
-342
-125
-347
-105
351
81
356
61
-360
-42
-19
358
-361
0
-361
21
44
357
64
354
-350
81
105
342
126
335
331
-146
320
-166
-312
181
-201
-303
-289
216
276
-235
-250
-264
266
245
277
227
-292
-217
-198
301
-314
-180
-323
-163
331
139
339
119
348
100
-81
350
357
58
358
36
-361
-21
-362
1
360
-25
-358
42
-67
-357
-352
84
-346
104
124
336
-146
-334
-164
-323
313
-185
-200
-301
-290
218
-235
-276
-251
-262
-266
-245
-279
-231
211
-293
194
-304
-178
313
-160
323
333
138
341
119
345
101
-82
351
356
59
37
-360
-362
-19
3
361
358
-25
358
-47
65
354
351
-88
-345
107
-339
127
146
329
-166
-322
310
-184
-299
200
-218
-288
235
274
-261
250
-246
267
279
229
-292
-211
-195
304
-177
313
325
156
138
-336
341
118
-347
-100
352
77
-60
355
-37
358
17
-363
5
359
-361
24
47
357
-354
67
-350
86
106
342
339
-128
-148
-332
167
320
-185
-313
-299
202
286
-222
-272
235
-253
-260
-265
-246
281
226
-293
-214
195
-305
-175
313
158
-327
137
-334
-343
-120
-347
-98
-78
351
-356
-59
35
-362
361
12
6
358
-362
27
-358
47
66
352
-351
87
-110
-346
-339
129
-150
-332
-321
165
-185
-311
202
296
-288
218
272
-238
252
255
267
241
-228
280
293
209
-195
304
-175
315
-158
325
334
136
-343
-120
95
-349
-356
-78
-56
356
-36
357
-363
-17
-363
4
359
-31
-359
47
-356
67
89
347
110
342
335
-132
-330
146
-321
167
-189
-311
-205
-299
-286
220
270
-240
257
-256
-269
-244
224
-283
293
209
-196
305
171
-318
-329
-157
134
-335
-343
-117
94
-348
352
76
-359
-54
33
-358
-361
-14
-11
-361
28
361
356
-52
-356
72
-93
-349
-114
-344
130
337
-329
151
319
-170
-190
-309
-208
-298
284
-223
270
-238
-255
-255
-269
-241
-281
-224
-211
294
-191
307
175
-319
327
154
335
134
-113
342
351
94
-353
-75
53
-358
361
32
-361
-13
10
358
-359
31
-49
-359
356
-72
94
346
113
342
-129
-337
153
325
173
317
309
-192
298
-209
286
-227
272
-243
257
-260
270
237
-224
280
-206
292
-189
303
319
168
-151
323
-336
-137
342
110
94
-354
-353
-79
53
-361
-32
356
362
5
-363
6
358
-35
-358
48
-76
-359
-97
-355
340
-119
130
333
151
323
169
314
-193
-310
293
-211
281
-227
-272
237
