-414
-54
321
-58
-384
22
-383
45
-371
70
-368
90
317
-137
-354
131
311
-171
301
-189
-315
192
276
-223
264
-238
-277
243
235
-267
-246
275
202
-292
185
-305
168
-316
149
-327
-152
330
-134
339
91
-349
73
-354
51
-356
30
-360
-30
363
-8
362
-30
-360
-53
-357
-72
-354
-95
-350
-111
-346
120
341
138
330
158
322
-188
-313
194
301
-222
-290
229
275
242
260
261
245
273
231
287
214
-306
-198
-318
-181
322
159
328
140
337
120
-352
-103
347
81
353
59
354
40
-366
-19
359
-3
357
-23
-362
43
-358
63
-354
86
342
-107
-343
124
-336
144
-327
164
-5
-1
-1
1
-1
-1
-2
-2
-1
-2
-1
-2
-1
-1
-2
-1
-1
-2
-95
-349
117
339
334
-139
325
-158
-176
-319
192
304
-296
206
225
278
240
266
257
250
-238
269
220
-288
297
203
308
185
317
167
148
-331
334
129
-110
342
88
-352
-356
-71
-361
-50
-363
-30
358
6
-361
13
34
357
-358
54
351
-79
347
-98
-342
117
330
-139
-159
-325
-317
173
-305
194
-294
209
-282
226
242
266
257
252
-274
-238
-222
286
-301
-204
-311
-185
317
165
146
-330
-132
336
-346
-110
87
-351
354
68
-47
358
-1
-1
-1
0
-1
1
0
-1
-1
0
0
-1
0
0
-1
-1
0
-2
-1
-1
-1
-2
-2
0
-1
-1
-1
-2
-1
-1
-1
-1
-1
-1
-1
-1
-1
1
0
-1
0
-1
-4
-1
-1
0
0
0
-2
0
-2
1
-1
-1
-1
0
-2
-1
-1
-1
-1
-1
-2
-1
-2
-1
-1
1
-2
-1
-1
-1
-1
1
-1
-1
-1
1
-3
0
-1
-1
-1
-1
-1
-1
-1
-1
-1
-1
-1
-1
-1
-2
-1
-1
-1
0
-1
0
0
-1
-1
-1
-1
0
0
-1
-1
-1
-1
-1
-1
0
-2
-1
-1
0
-1
-1
-2
1
-1
-1
0
-1
-2
-1
-1
-2
-1
-3
-1
-1
-1
0
-1
-1
-2
-1
-1
-1
-1
-1
0
0
0
0
-1
-1
-1
-1
-1
-1
-1
-2
-1
-2
-1
-3
-1
-1
-2
-1
-1
-3
-1
-1
-1
-1
-2
-2
-3
-1
-3
-1
-2
-4
-1
-2
-3
-1
-1
-2
-3
-1
-1
-2
-4
-1
-1
-1
-1
0
-1
0
-2
0
-1
-2
-3
-1
-3
0
-2
-1
-4
0
-3
-1
-2
0
-2
0
-4
-1
-2
0
-1
0
-3
-1
-2
-1
-1
0
-3
0
-1
-1
-2
-1
-2
0
0
0
-2
1
-1
0
-1
-1
-1
1
-4
0
-2
-1
-1
0
0
-1
-2
-1
-1
0
-1
1
-1
-1
0
0
-1
-1
0
0
-1
-1
-1
-1
-1
1
-2
0
0
-2
-2
-2
0
-1
0
-2
1
0
-1
0
-4
0
-1
0
-2
-1
0
-1
1
-2
-1
0
-1
-1
-2
-1
1
-1
-1
-1
-1
-1
-2
0
-2
-1
0
1
0
-1
-1
0
-1
0
-1
-1
0
0
-3
-1
-1
0
-1
-1
-3
0
-1
-1
-1
-1
-3
-2
-2
-1
-1
-1
-3
-3
-1
-1
-4
0
-2
-1
-1
-1
-1
0
-1
-1
-3
-1
-2
-2
-1
-1
-1
-1
-2
-1
-3
-1
-1
-1
-3
0
-1
-1
-4
-1
-2
-2
-1
-2
-3
-1
-2
-1
-2
0
-2
1
-3
-2
-1
-2
-2
-1
-2
-1
-2
-2
-2
-1
-3
-1
-4
0
-1
0
-1
-1
-1
-1
-2
0
-2
0
-1
-1
-1
-2
-1
-1
-1
-1
-1
1
-1
0
-3
-1
-2
-1
-1
0
-2
-1
-1
0
-2
0
-1
0
1
1
-1
-1
-2
1
-3
0
-2
1
-1
-1
-1
1
-2
-1
-3
-1
0
0
-1
-1
-1
0
-3
-1
-4
0
-1
-1
-1
1
0
-1
0
2
0
-1
-3
1
-1
1
0
1
-1
1
-1
-1
-1
0
0
-1
0
0
-1
-1
-1
0
-1
-2
-1
0
-1
1
-1
0
0
0
0
-1
-1
-1
-1
-1
0
1
0
0
-1
1
-1
-1
-1
-1
0
0
1
-1
-1
-2
-1
1
0
0
-2
1
-3
-1
1
-2
-1
-1
-2
0
-1
-1
-1
-1
-2
-1
-3
-1
-1
-1
-1
-1
-1
-3
-4
0
-1
-1
-2
-2
-1
-1
-1
1
0
0
-2
-1
-1
-1
-1
-1
-2
0
-1
-2
0
0
-2
-1
0
-1
-1
1
-1
-1
-1
-1
-1
-1
-1
-2
-1
-1
0
0
-2
-1
-1
0
-1
0
0
0
-1
-1
-2
0
-2
0
0
0
-1
0
-1
0
-2
0
-3
-1
-1
0
-1
0
-1
0
-2
-1
-2
0
-1
0
-1
0
-1
-1
-2
0
-1
-1
-1
-1
-1
0
-1
1
0
-3
0
-2
0
-1
-3
-1
-1
-1
-2
0
-1
-1
0
-1
-1
-1
-1
0
-1
0
-1
-1
-1
-1
0
0
-1
-3
-1
1
0
-1
-1
1
-1
-2
-1
0
-1
0
0
0
-1
0
-1
-2
0
-1
-1
1
-1
1
1
-1
-1
-1
-1
-1
-2
0
-2
-1
-1
-1
-2
0
-2
1
-1
-1
-1
-1
-3
-1
-1
-1
-1
-1
-1
-1
-1
1
-2
0
-1
-4
-1
-1
-2
-1
-2
-1
-1
-1
-1
-1
-1
1
0
0
-1
-1
-1
1
-1
0
-2
0
-1
-2
-2
0
0
0
-1
-1
-1
-1
0
-1
-1
-2
-1
-1
-4
-1
0
-1
-1
-1
-1
-1
0
-1
-1
1
-2
-1
-1
-1
0
-1
0
0
0
0
0
-1
-1
1
0
1
-1
0
1
-1
0
0
1
-1
-1
-1
-1
0
-1
-1
-1
0
-1
1
-1
-1
-2
0
0
0
0
-2
-1
1
0
0
-1
-1
1
-1
0
1
-1
-1
0
1
-1
-1
-1
1
-1
-1
-1
0
-3
-1
-3
-1
-1
-1
-1
-1
-1
-1
-1
0
-1
-1
-1
1
-1
0
-1
-1
-3
-1
-2
-1
-1
-1
-1
-1
0
-1
-1
-1
-1
0
-1
-2
-1
0
-1
0
-1
1
-2
1
-1
-1
-2
-1
-1
-1
-1
-1
-2
-1
-2
-1
-3
1
-1
0
-2
-1
-1
2
-1
-1
-1
0
1
-1
-1
-3
0
-1
0
-1
-1
-1
0
-1
-3
-1
-1
0
-1
1
-1
1
0
-1
-1
1
-1
1
-1
-1
-1
0
-2
0
-1
-1
-1
-1
-1
-1
-1
0
-2
-1
-1
0
-1
0
-1
1
-1
-1
-1
-1
-1
1
-1
0
-1
0
0
-1
-1
0
-1
0
-4
-1
0
-1
-1
0
1
-1
0
1
-1
-1
-1
1
0
-1
-1
-1
-1
0
-1
-1
-1
0
-1
0
-2
1
-1
-1
0
1
-1
0
-1
1
-2
-1
-1
-1
0
0
0
-1
-1
1
0
-1
0
0
-1
-1
-1
-1
-1
0
-1
-2
0
-1
-1
0
-1
1
-1
0
2
0
0
-1
-2
0
0
1
0
-1
-1
0
-1
0
-1
0
-1
-1
-1
0
-1
0
-1
1
0
0
-3
-1
-1
-1
-1
-1
-2
-1
-1
0
1
0
-1
-1
0
0
-1
-1
-2
0
-2
1
1
0
-1
-1
-1
1
-1
1
-1
0
0
1
0
0
-1
0
-1
-1
-1
1
1
-1
-1
1
-1
0
-1
1
-1
0
-1
1
-1
0
-1
0
0
-1
-1
0
1
-1
-1
-1
-1
-1
-2
-1
-1
1
1
1
-1
-2
-1
1
-1
-1
-1
0
-2
1
-2
0
-1
0
1
-1
-1
0
0
-1
-1
0
-2
0
-2
0
-1
0
-1
-1
-1
0
-1
0
0
-1
-1
1
1
-1
-1
-1
0
1
-1
0
-1
-1
-2
-1
-1
1
-1
-1
-1
0
-1
0
0
-2
-1
1
1
0
0
0
0
0
1
0
1
1
0
-1
0
-1
-1
1
-1
0
-1
-1
-1
1
-1
0
1
-1
-1
-1
-1
1
-1
-1
-1
1
1
0
-1
-1
0
-1
-1
-1
-1
-1
0
0
-1
0
-1
1
-1
1
-1
1
-1
1
-1
0
0
1
-1
0
-1
0
-1
-1
-2
-1
-1
-1
-1
-1
-2
-1
-3
0
-2
-1
-1
-1
-1
1
-1
0
0
0
0
0
-1
-1
0
0
-1
1
-1
-1
-2
-1
0
-1
0
1
1
0
-1
1
1
0
-1
-1
-2
-1
-1
1
-1
0
-1
-1
-1
0
-2
1
-1
-2
0
1
-2
0
-1
-1
-1
-1
2
0
-1
0
0
1
-3
1
-1
0
0
-1
-1
-1
0
1
0
1
-1
-1
-1
1
-1
0
0
-1
-1
0
-1
0
0
-1
0
-1
0
-2
-1
-1
1
1
0
0
-1
-1
-2
-1
-1
-1
-1
0
-1
0
0
0
-1
-1
-1
0
-1
0
-1
-1
1
-1
-1
-1
1
-1
0
-1
-1
-1
-2
-1
-1
-1
0
-1
-1
-1
2
-1
-1
-1
0
1
1
0
1
-1
-1
-1
0
0
-2
1
-3
-1
1
0
-1
-1
-1
0
0
0
0
-1
-2
0
1
-1
-1
-1
2
-1
1
-1
0
-1
1
1
0
-1
1
1
0
0
-1
-1
-1
-1
-1
-1
-1
-1
-1
0
1
-1
-1
1
-1
-1
0
-1
-1
0
-1
-1
0
0
0
0
1
-1
-1
-1
-2
-1
-1
-1
1
0
-1
1
-1
0
-2
-1
-1
1
-1
1
-2
-1
-1
1
0
0
-1
-1
1
0
-1
-2
-1
-1
-1
-2
1
0
-1
2
1
-1
0
1
0
-1
-1
-1
1
-2
1
-1
-1
0
-1
0
-1
0
1
-2
-1
1
-2
-1
1
2
-1
1
0
-1
-1
0
-2
1
-1
1
0
-1
-1
-1
-1
-1
1
1
0
1
1
-1
-1
-1
0
-1
-1
0
-1
-1
-1
0
-1
0
1
-1
-1
-2
1
1
-2
0
0
1
-1
0
-1
-1
-1
-1
0
0
-1
-1
-1
-1
0
1
-1
0
1
-1
-1
0
0
-1
-1
1
-1
1
-1
0
-1
0
1
-1
0
0
-1
0
-1
-1
-1
-1
0
0
0
-1
0
-1
-2
0
-1
0
-3
-1
-1
-1
1
-2
-1
-1
-1
0
0
1
-1
0
0
-1
0
1
1
-1
1
1
0
0
-1
1
-1
-1
1
0
0
-1
0
-1
0
1
-1
0
1
-1
1
-1
1
-1
1
0
-1
-1
0
0
-1
0
-1
1
-1
1
1
-1
0
1
0
-1
-1
-1
0
-1
-2
0
-1
0
-1
0
-1
-1
-1
0
-1
-1
-1
0
-1
0
1
-1
0
-1
-1
-1
-1
1
0
-1
1
1
-1
1
0
-1
0
-1
0
0
-1
-1
1
-1
-1
-1
-1
1
-2
-1
-1
-2
1
1
1
1
1
-1
0
0
1
-1
0
1
-1
0
-1
-1
-1
0
1
-2
0
0
1
-1
1
-1
0
-1
0
1
-1
-1
0
-2
-1
1
-1
0
-1
-1
-1
-1
-1
-2
-1
0
0
0
0
-1
1
0
-1
1
-1
-1
1
-1
0
1
0
0
1
-1
-2
1
-1
-1
-1
-1
1
0
0
-1
0
-1
0
-1
1
1
-1
-1
0
-1
1
-1
1
0
-1
0
1
-1
-1
0
0
-3
-1
-1
1
-1
0
-1
-1
-1
0
0
-1
-1
1
-3
1
-1
-1
-1
-2
1
2
-1
-1
0
1
-1
1
1
0
-1
1
-1
-1
-1
-1
1
-1
1
-1
-1
0
-1
0
1
0
-2
-1
-1
-1
-1
1
-1
-1
-1
0
0
-1
-1
-1
-3
1
1
0
-2
-2
-2
0
0
0
-1
2
-1
0
0
1
0
0
0
-1
-1
0
-1
-1
-1
0
-1
-1
1
1
-1
-1
-1
-1
-1
0
-1
-1
-1
-1
0
0
-1
-1
-1
-1
0
0
-1
1
-1
-1
-2
0
-1
-1
-1
0
0
-1
-1
1
-1
-2
0
0
-1
-1
1
-1
-1
-1
-1
-1
-3
-1
-1
-1
-1
0
-1
-2
-1
0
-2
0
-1
-1
-1
-1
-1
-1
-1
1
0
-1
-1
0
0
0
-1
-1
0
1
-1
1
-1
0
0
1
1
0
-1
1
0
1
0
-1
-1
0
0
1
0
1
-1
0
-1
0
-1
-1
0
0
-1
1
-2
0
-1
-1
0
-1
-1
-1
-1
0
1
0
0
1
0
-1
-1
0
-1
0
0
-1
0
-1
-1
0
-1
0
-1
0
-1
-1
-1
0
0
-1
-1
0
0
0
-1
-1
1
1
0
-1
-1
-1
-1
0
0
0
0
1
0
0
-1
-1
-1
0
-1
-1
-1
-1
-1
2
-1
0
-1
0
-1
-1
-1
1
-1
-1
-1
0
-1
0
-1
0
-1
0
-1
-1
-1
1
-1
-1
-1
-1
0
0
-1
-1
-1
-1
-1
1
1
1
-1
0
-1
-1
-1
-1
0
-1
-1
-1
1
0
-1
1
-1
1
-1
0
0
-1
-2
0
0
0
1
-1
-1
1
1
1
-2
1
-1
1
-1
1
0
-1
0
1
0
1
1
1
-1
-1
-1
0
1
-1
1
-1
-1
0
-1
0
0
1
-2
-1
-1
0
-1
1
0
2
1
0
-1
-1
-1
-2
1
-1
1
0
0
-1
-1
-1
1
-1
1
1
0
-1
1
1
1
-1
0
-1
1
1
-1
0
-2
0
1
0
-1
0
1
-1
-2
1
0
0
0
-1
0
1
-1
0
0
0
1
0
1
0
0
-1
-2
0
-1
-1
-1
0
-1
0
-1
1
-1
-1
-1
-1
-1
0
0
-1
-1
0
-1
0
-1
-1
-1
1
1
-1
-1
0
-1
-1
-1
-1
-1
0
0
-1
-1
0
0
0
-1
1
0
0
-2
0
-1
0
-1
1
-1
1
-1
0
-1
-1
0
1
-1
1
-1
0
-2
0
0
0
-1
1
-1
-1
-1
1
-1
-1
-1
0
-1
-1
0
-1
-4
-1
0
0
0
-2
-2
0
-1
-2
-2
1
-1
-1
0
-1
-1
1
-1
-2
-1
1
-2
-1
-1
1
-2
-1
-1
0
-2
-1
-4
-1
-1
-1
-1
-1
-1
-1
-1
-1
2
-1
-2
-1
-1
-1
-2
-1
-1
-1
-2
0
-2
1
0
0
0
0
0
1
-1
1
-2
0
-1
0
-1
1
0
-1
-1
-1
-1
1
-1
-1
-1
0
-3
-1
-1
1
-2
1
-1
0
0
1
-1
0
-1
-1
-1
-1
-1
-1
0
1
-1
1
-1
1
-1
-1
-1
-1
-3
-1
0
1
-1
-1
0
1
-1
0
-2
-1
0
1
-1
-1
-1
-1
0
1
-1
0
0
0
1
-1
-2
0
-2
-1
-3
-1
-1
2
-1
1
-1
-1
-1
0
-1
-1
0
1
-1
1
-1
1
-3
1
-1
-1
-1
1
-1
-1
-3
-1
-1
-1
-1
-1
0
-1
-3
0
0
-1
-1
-1
0
0
0
-1
-1
-1
-3
1
-1
1
-1
-1
-1
0
-1
-1
-1
-1
-1
-2
-2
1
0
-1
-1
-1
-1
0
0
0
-1
-1
0
-1
0
0
0
-1
-1
-1
-1
0
-1
0
-1
1
-2
1
-1
1
0
1
-1
-2
-1
0
-2
1
-2
0
-1
-2
-2
1
-2
0
-1
1
-2
1
0
0
0
-1
-1
0
0
-1
-1
0
-1
-1
0
1
-2
0
0
-2
0
-1
-1
-1
-1
0
-1
0
-1
-1
-1
-1
-1
0
0
-1
-1
-1
0
-1
1
-1
-1
-1
-1
-1
1
0
-2
1
-2
-1
-2
1
-1
-1
-1
-1
-1
1
1
-1
-2
-1
-1
0
-1
0
-2
0
1
-2
-1
-1
0
-1
1
0
-1
-1
-1
1
-1
-1
-1
1
-1
1
0
-2
0
1
-2
-1
-1
0
-1
0
-1
-1
-1
0
-1
0
-1
-1
-2
1
-1
-1
-1
-1
-2
1
-2
-1
-1
0
-1
1
0
0
-3
0
-1
3
-1
0
0
-1
0
-2
-1
1
-1
1
-1
0
0
0
-3
-2
-1
0
0
0
-2
0
-1
1
-1
0
-1
0
0
-1
-1
-1
-1
1
-1
0
-1
-1
-1
0
-1
-1
-1
-1
-1
0
-1
1
1
1
-1
0
-1
0
-3
-1
-1
0
-1
1
-1
-1
-1
-1
-1
-1
0
0
-1
-1
-1
0
-1
1
-1
1
-1
0
-1
-2
-1
0
-1
0
-1
-1
-1
0
-1
0
-1
0
0
-1
-1
0
-1
-1
-2
0
-1
0
-1
1
-1
-1
-2
-2
-1
0
-3
-1
-1
-2
-1
1
-3
-1
-1
-1
-1
0
-1
-1
-1
0
-1
-1
-1
0
-1
-1
-1
-1
-2
1
-1
1
-1
-1
0
0
0
0
-1
-1
-1
1
-4
-2
-1
-1
-1
-1
-1
1
-1
-2
-1
0
-1
-1
-2
1
-2
0
-1
1
-1
1
-1
-1
-1
0
-1
-1
-1
0
-2
-1
-1
-2
-2
1
0
0
-2
0
-2
-1
-1
1
-3
1
-2
1
-1
0
-2
-1
-1
-1
-1
0
-1
0
-2
-1
-3
-1
-3
1
-2
0
-1
0
-1
-1
-1
-1
-2
0
0
-1
-1
1
-1
-1
-2
-1
-3
1
-1
-1
-1
0
-1
-1
-1
-1
-2
-1
-1
-1
-1
0
0
1
-3
-1
-2
0
-1
1
1
-1
0
-1
0
-1
-2
-1
-1
0
-1
-1
-1
1
-2
0
-1
0
-1
0
-1
0
-1
0
-1
-1
-1
0
-1
-1
-2
0
-1
-2
-1
-1
-2
0
-1
0
-1
0
-1
-1
-2
-1
-1
-1
-1
-1
-2
-1
-3
0
-1
0
-2
0
-1
1
-1
-1
-2
-1
-2
-1
-1
-1
-1
-1
-1
-1
-1
-1
-3
0
0
-1
-1
0
0
1
-2
-1
-2
-1
-1
1
-2
0
-1
0
-1
1
-1
0
-1
-1
-1
-1
0
1
-1
-1
-1
0
-1
0
-1
-1
-2
-2
-1
0
-1
-1
-1
0
-1
0
-2
-1
-1
1
-2
0
-1
-1
-1
-1
-1
1
-1
0
-2
-1
-1
0
-1
-1
-1
0
-1
-1
0
-1
-1
-1
-1
-1
-2
-1
-1
-1
-1
-1
-1
-1
-1
0
-1
0
-1
-1
-3
0
0
1
1
0
-1
0
-4
0
-1
-1
-1
-1
0
-1
0
0
-1
-1
-1
-1
0
-1
-2
-1
-1
-1
-2
-3
0
0
-1
-1
-1
-1
-1
-2
0
0
0
-1
-2
-1
-2
1
0
-1
-2
-1
-1
0
-2
-1
-1
-2
-1
-1
0
0
-1
-1
0
0
-2
0
-2
-1
0
-2
-1
-1
-1
-1
-1
-45
356
23
-362
359
0
16
358
39
356
-60
-357
-83
-354
-348
101
-340
119
-334
140
-162
-323
-180
-316
-303
195
212
290
231
276
261
-250
-248
261
276
231
287
216
-303
-202
310
180
320
163
-145
330
335
124
-344
-106
349
81
-65
356
42
-360
358
21
-3
359
-20
-361
-42
-360
61
355
-83
-353
102
346
339
-124
141
332
-324
161
-313
178
303
-199
288
-215
232
275
-247
-265
-248
262
-232
275
-217
289
-302
-199
181
-314
-322
-164
-333
-145
339
122
104
-346
-351
-83
-358
-63
-42
358
-22
360
360
0
21
360
-42
-358
63
354
83
350
-346
103
-124
-342
332
-144
-163
-322
182
312
-198
-301
290
-218
-275
229
-263
246
-247
260
232
-278
-289
-216
-301
-200
-180
313
162
-324
142
-334
-123
336
346
101
81
-354
355
59
40
-361
-19
358
2
359
23
358
-358
41
-356
63
-351
82
105
344
-124
-342
144
330
-322
161
-182
-314
-301
199
-288
214
233
273
261
-251
245
-266
229
-279
289
212
301
193
-314
-181
-160
322
-333
-144
122
-340
-346
-104
-351
-83
60
-358
-40
354
361
18
-362
-1
23
359
42
356
354
-66
84
351
107
344
-338
124
146
329
163
319
182
310
297
-200
215
287
-276
233
259
-250
263
246
-233
279
-214
291
-198
303
-179
313
157
-325
-141
331
119
-340
346
100
-81
351
-62
356
358
39
18
-359
359
-2
-362
24
358
-47
352
-66
-88
-351
-109
-345
336
-127
329
-147
321
-166
-310
184
-202
-301
-288
217
-235
-276
-250
-260
244
-266
-228
277
-292
-211
303
195
-313
-179
158
-325
330
139
119
-343
-348
-102
-353
-79
356
57
359
37
359
16
-359
3
27
359
47
358
-354
66
349
-89
108
344
-337
127
330
-148
-165
-322
-185
-313
-204
-300
-219
-289
273
-238
259
-253
-244
263
227
-281
293
211
-195
303
316
176
-325
-158
-136
330
-120
339
-349
-100
-78
351
-356
-60
-37
358
14
-362
-6
-363
-360
25
-48
-360
69
352
-90
-350
-110
-347
337
-129
328
-150
-168
-321
-311
181
-206
-301
-286
218
-237
-275
-258
250
243
-268
-282
-230
-294
-211
-306
-194
173
-317
-158
323
332
134
339
115
-349
-100
352
75
-358
-59
-361
-37
-16
357
360
-8
-362
26
-361
47
354
-70
347
-91
107
341
-337
127
148
329
-320
168
308
-188
202
295
219
284
-274
235
-260
251
-269
-244
-284
-227
-295
-211
304
192
314
173
-159
325
-139
334
115
-342
-1
-1
-1
0
-1
-1
-1
-1
-1
-1
-2
-1
-2
0
-1
-1
299
198
313
184
320
163
330
146
339
127
344
107
350
85
354
63
357
44
361
23
-362
-3
361
-18
359
-40
357
-60
354
-81
346
-103
-339
122
334
-141
325
-161
315
-180
-303
197
292
-216
-277
231
264
-247
-249
261
235
-278
218
-291
-199
300
-181
312
163
-325
146
-333
127
-342
-103
344
-85
348
-64
352
45
-362
-20
356
2
-364
22
358
-39
-363
-61
-359
-81
-356
-102
-350
-122
-344
-143
-335
-161
-327
180
308
198
298
-215
-292
-231
-281
-249
-267
264
243
-277
-237
287
211
298
194
310
178
319
159
328
139
337
122
343
103
349
81
-358
-66
357
38
-363
-23
