-414
-56
320
-57
-384
23
-383
46
-373
69
-368
87
317
-136
-356
130
311
-170
301
-189
-315
192
276
-223
264
-239
-277
245
235
-266
-247
274
203
-292
188
-306
168
-315
148
-325
-152
332
-132
338
91
-346
72
-352
51
-356
29
-358
-31
363
-9
363
-32
-361
-51
-358
-75
-354
-95
-348
-111
-345
120
338
137
331
161
322
-189
-314
195
301
-221
-291
227
276
243
260
260
247
272
231
286
214
-307
-199
-317
-182
321
160
329
141
336
122
-351
-103
348
81
352
59
355
39
-366
-21
358
-4
357
-25
-363
44
-359
64
-357
84
344
-108
-344
124
-334
145
-327
164
-5
-1
-1
1
0
-4
-1
-2
-3
-1
-1
-2
-1
-3
-3
-2
-1
-1
-98
-349
343
-119
-137
-338
325
-157
-175
-318
192
304
-212
-296
280
-228
240
266
252
-260
-273
-240
220
-287
296
202
185
-312
319
167
327
147
333
129
-111
344
349
90
67
-356
-359
-49
-362
-30
360
6
-363
12
33
358
354
-58
-356
76
346
-98
-342
119
-335
134
323
-156
174
314
-307
193
-294
209
-282
225
-269
243
257
251
235
-272
-223
285
-299
-206
-310
-185
317
165
-151
328
-339
-131
-346
-110
-351
-90
-70
354
357
48
-1
-1
-3
-2
-3
0
-1
-1
-3
-1
-1
-1
-1
-1
-2
0
-1
-2
-1
-1
-1
-1
-1
-1
-1
0
-2
-1
-1
1
-2
-1
-1
-1
0
-1
-3
0
-2
-1
-1
-1
-1
0
-1
1
-1
0
0
-1
-3
-1
-1
-1
0
0
-3
-1
-1
-1
-2
-1
-1
-1
-3
1
-2
-1
-2
1
-1
0
0
0
-2
-1
-1
-1
-1
-1
-1
1
-1
1
0
-1
-2
-1
-2
-1
-1
0
-1
0
0
0
0
-1
-1
-1
-2
-1
-1
0
0
0
-1
-1
-1
-1
0
0
-1
-1
-1
0
-4
-1
-1
0
-2
-1
-1
-1
-1
-1
0
-1
-2
-1
1
-1
-1
-1
0
-1
-1
0
-1
-1
-1
-2
-1
-1
1
0
-1
0
-2
-1
-1
-1
-1
-1
-1
-1
0
-1
-3
0
-1
-1
-1
-1
-1
-2
-1
-1
-1
-1
-2
-2
-2
-2
-1
-1
-1
-2
-1
-1
-3
-1
-1
-1
-2
-1
-4
0
-2
0
-2
0
-4
1
-1
-1
-1
-1
-1
0
-3
-1
-2
-1
-4
-1
0
-1
-1
0
-1
0
-1
1
-1
1
-2
2
0
0
-2
0
-3
-1
-1
0
-3
-2
-1
-1
-1
-1
-1
0
-1
0
-1
-1
-1
0
-1
-1
-1
-1
-1
0
0
1
0
0
-1
0
-1
1
-1
1
-1
0
0
-1
-1
0
-2
0
0
-1
-3
0
0
-3
-1
0
-1
1
0
0
-1
-1
-1
-1
0
0
-2
-1
0
0
-1
-1
0
-1
-1
-1
-1
-1
-1
0
-1
-1
-1
0
-1
-1
-1
1
-1
-1
-2
0
-1
-1
0
-1
-1
0
0
-1
-2
-1
-2
-1
-1
-1
-1
-3
-2
-1
-1
-2
-1
-1
0
-1
-2
-1
-2
0
-1
0
-2
-3
-1
-1
0
-1
-1
-1
-1
0
-2
-2
-2
-1
-2
-1
-1
-1
-2
-1
-1
-1
-1
0
-3
-2
-1
-1
-1
-1
-2
-1
-2
1
-2
1
-1
-1
-1
-2
-4
-1
-4
0
-2
-1
-3
-1
-1
-1
-4
-2
0
0
-3
-1
-3
-2
-2
-1
-2
-1
-3
-1
-2
0
-1
1
-2
0
-2
-1
-1
0
-4
0
-2
0
-3
-1
-1
1
-3
-2
0
0
-1
0
-1
1
-2
1
-2
-1
-3
-1
-1
1
-1
-1
-1
0
0
1
-1
0
-1
-1
-2
1
-3
1
-1
0
-1
1
-1
-1
-3
0
-1
2
1
1
-2
-1
-1
1
-3
0
-2
-1
0
0
0
1
-1
-1
0
-1
0
1
0
0
0
0
0
-1
-1
1
-1
0
0
0
-1
0
-1
1
-1
0
0
-1
-1
-1
-1
1
-1
-1
0
0
1
-1
-2
-1
-1
-2
1
0
-1
1
-1
0
-2
0
0
-1
0
0
0
-2
-1
-1
-1
0
-1
-1
-1
-3
-1
0
-1
0
-1
0
-1
1
-1
0
-1
-1
-2
-1
-1
-1
-1
-1
-1
-1
-1
-1
0
0
-1
-2
-1
-3
0
-1
0
0
1
0
0
-1
-1
-3
-1
-4
-2
0
-2
-2
-1
-1
-3
-3
-1
-1
-1
-1
-1
0
-1
0
-1
0
-1
-1
-1
-1
-1
-3
-2
-1
-1
-1
-1
-1
-1
0
-3
-2
-1
2
0
-1
-1
0
-2
-1
-3
0
-2
1
0
-2
-1
-2
-2
0
-2
1
-1
0
-1
-1
-1
-2
-1
0
-1
-1
-2
-1
-1
-1
-2
-1
-1
1
-1
-1
-2
-1
-1
0
-1
-1
0
0
-1
-1
-2
-1
0
0
-1
-2
-1
0
-1
-1
-1
-1
-3
1
-1
-1
-1
-1
-1
-1
-1
-1
-1
-2
-1
1
-1
-1
-1
0
1
-1
0
0
0
0
-2
0
-1
0
0
0
-1
-1
0
-1
-3
-1
-2
0
-1
0
0
-1
0
2
-1
0
0
1
-2
-1
-1
-1
0
-1
0
-1
-1
-2
0
-1
-1
-1
-1
-1
-1
-1
-2
-1
-1
-1
-1
0
-1
0
1
0
0
-1
-1
-1
-1
-1
-1
-1
-1
-1
-2
-1
-1
-1
-1
-1
-1
-1
-1
0
-1
-1
-1
-1
-4
0
-1
-1
-1
-1
-1
-1
-3
-1
-2
-2
-2
0
-2
-1
1
-1
0
0
-1
-1
0
-1
-1
0
0
0
-1
-1
-1
1
-1
0
-3
-1
0
0
-1
0
-1
-2
-1
1
-1
0
-2
1
0
-2
-1
-1
-1
0
-1
0
0
0
-1
-1
1
0
-3
-2
-2
-1
-1
-1
-1
-1
-1
0
-1
-1
-1
-1
-1
-1
-1
1
-1
-1
-2
-1
-1
1
0
-1
-1
0
-1
-1
-1
-1
-2
-1
-1
0
-1
0
-4
-2
-1
0
-1
-1
-1
1
-1
-1
0
0
-1
1
-1
-1
-2
-1
0
-1
-3
-1
0
0
-1
-1
-1
0
-3
-1
-1
1
-1
-1
-1
-1
0
-1
0
0
-1
-1
-1
0
-1
0
-1
0
0
-1
-2
-1
-3
-1
0
1
-3
-1
-1
-1
0
0
-1
1
-1
0
-1
-1
-1
-1
-1
-1
-1
0
0
1
-1
-1
-1
0
-1
-1
-1
1
0
-1
0
0
-1
1
-2
0
-1
0
-1
1
-1
0
0
1
1
0
1
1
-1
0
0
-3
-1
-1
-1
-1
-1
0
-1
0
-1
-1
-1
0
-1
1
-1
-1
-1
1
-1
0
-1
1
0
-1
-1
-2
-1
-1
1
0
-1
0
0
-1
-2
1
-1
0
-1
-1
-1
0
-1
-1
-1
0
-2
-1
-1
1
-1
1
-1
-1
-2
-1
-1
0
-1
1
0
0
-1
-1
-1
1
0
0
-1
1
0
0
-1
-1
-1
1
-1
0
0
0
0
-1
-1
2
-1
-1
0
-1
0
-1
0
0
-2
1
-1
-1
0
-1
1
0
0
-1
-1
1
-2
0
-2
0
-1
0
-2
-1
-1
0
-2
1
-1
0
-1
-2
-1
-1
-1
0
0
1
-2
0
0
0
0
1
-1
-1
-1
-1
-1
-1
-1
0
-1
0
-1
-1
-1
0
-1
-1
-1
-1
-1
1
-1
-1
0
-1
-1
-1
1
0
-1
1
-1
1
-1
-1
-1
-1
1
0
-2
-1
0
0
-1
0
-1
0
-1
2
0
1
-1
0
0
-1
-1
1
-1
0
-1
-1
0
-1
-2
-1
-1
-1
-1
-1
-1
-1
0
-1
0
1
-1
-1
-1
0
-2
0
-1
0
-1
-1
-1
1
-1
1
-1
0
-1
0
-2
-1
-1
-1
1
-1
0
1
-1
-1
0
0
0
0
-1
0
1
-1
-1
0
0
0
-1
1
0
-1
-1
0
1
0
-1
0
-1
-1
-1
-2
-2
0
-1
0
0
-1
-1
-1
-1
-2
-2
-1
-1
-1
-3
-1
0
-1
-2
1
-1
-1
-1
-1
-2
-1
-2
-2
-1
-1
0
0
0
-3
1
1
-1
0
-2
0
-1
-1
-2
-1
-1
1
-1
-1
-1
1
-1
0
0
1
1
1
1
0
0
1
-1
-1
-1
-1
-1
1
-3
-1
-2
-1
1
-1
-1
-1
-1
0
-1
-1
1
0
-1
-1
-1
-1
-2
-1
-1
0
-1
1
-1
0
-3
-1
0
0
0
0
-1
2
0
0
1
-1
2
-1
-1
-1
-1
0
-1
0
-1
0
-1
-1
-1
0
-1
0
0
1
-1
1
-1
0
0
0
-1
-1
-1
0
0
0
0
1
1
0
-1
-1
-1
0
-1
1
0
-1
-3
-1
-1
1
-1
-1
-1
-1
-1
-1
-2
-1
0
-1
-1
1
0
-1
-1
0
0
0
-2
0
-1
1
1
1
-1
0
-1
-1
-1
-1
-1
0
-1
0
1
0
0
0
-1
1
0
-1
1
0
-4
1
-1
-1
-1
1
-1
-1
-1
1
-1
1
-1
-1
0
-2
-1
1
-1
1
-1
1
-1
0
0
-1
0
1
-1
-1
0
0
1
0
-1
0
0
-2
-1
0
-1
0
-2
-1
-1
-1
-1
-1
1
-1
-1
0
-1
1
-1
0
-1
0
0
1
0
-1
1
0
-1
-1
-1
0
-1
-1
-1
-1
0
1
0
-1
1
-1
-1
1
-1
1
-1
1
-1
-3
-1
1
-1
0
-1
-1
1
-1
-1
-1
-1
-2
-2
-1
-3
0
1
1
1
-2
-1
1
-1
-1
-1
-1
-1
1
0
1
-1
-1
-1
1
-1
0
0
-1
-1
1
-1
-1
1
-1
0
0
-1
-2
-1
-1
-1
-1
0
-1
-1
-2
0
0
1
-1
0
0
-1
0
-1
0
0
0
1
-1
0
-1
0
-1
-1
-1
-1
-1
0
1
-1
0
-1
-1
0
-1
2
0
-1
-2
0
0
-1
-1
-1
0
0
1
-1
-2
-1
0
0
1
-1
1
-1
-1
-1
-1
-1
1
0
1
0
-2
-1
0
-1
-1
-1
0
1
-1
-1
0
-2
-1
-2
-1
-1
-1
1
-1
0
-1
0
-1
-1
0
0
0
1
0
-1
0
0
1
0
1
0
1
-1
0
0
0
-1
1
0
1
0
0
0
-1
-1
1
1
3
2
-1
1
0
-1
-1
0
0
1
0
-1
0
-1
-1
0
-1
0
0
-1
-1
0
1
1
1
-1
1
-1
-1
0
0
1
-1
-1
0
-1
-1
0
1
0
0
-1
1
0
-1
1
-1
-1
1
-1
1
-2
-1
0
1
0
0
0
-1
1
0
-1
1
0
-1
-1
1
1
0
-1
0
0
-2
0
-1
-1
1
-1
-2
0
-1
-1
-1
-1
-1
0
0
-2
1
0
1
-1
0
1
0
1
-1
1
0
-1
-1
-1
2
1
1
0
-1
2
-1
0
-1
-1
1
1
1
-1
0
1
-1
-1
-1
0
0
0
-2
0
1
0
0
-1
1
0
1
0
0
0
-2
-1
0
-1
-1
-1
-1
1
-1
0
-2
1
1
0
-1
0
-1
0
0
-1
-1
0
-1
0
-1
0
0
-1
-1
-1
-1
-1
-1
-1
-1
0
0
-1
0
0
-1
-1
-1
-2
-2
1
-1
-1
-1
0
-1
1
-1
-1
-1
0
-1
0
-1
1
1
0
0
-1
-1
0
1
-1
-1
-1
-1
1
-2
-1
-1
0
0
-1
-1
-1
-1
0
-1
1
0
-1
0
-1
1
1
-1
-1
0
1
0
1
0
0
-1
-2
0
0
0
1
-1
0
-1
-1
0
-1
-1
0
1
0
0
-1
0
1
-1
1
0
-1
0
-2
1
1
0
-1
0
-1
-1
0
-1
1
-1
-1
-2
-1
-2
0
-1
1
0
-1
-1
0
-1
-1
-1
-1
1
-1
-2
0
-1
-1
0
0
-2
-1
1
-1
1
-1
1
0
-1
0
0
1
-1
-1
1
0
1
-1
-1
1
-1
0
-1
0
-1
-1
-1
1
1
1
1
0
0
0
1
-1
0
-1
-1
-1
1
-1
-1
0
-1
1
-1
0
0
0
0
0
0
0
1
0
-2
-1
-1
1
-1
-1
-1
0
-1
0
-2
1
-1
1
0
-2
-1
0
1
1
1
-2
-1
-1
-1
-1
-1
0
0
1
-1
-1
0
1
-1
1
1
0
-1
0
-1
-1
-1
0
-1
2
-1
-1
-1
0
-2
0
0
0
-1
2
-1
-1
-2
0
-1
1
-1
-1
-1
0
0
1
0
0
-1
0
-1
-1
1
1
0
0
0
0
0
-1
-2
0
0
0
-1
1
-1
1
0
1
-1
0
-1
-1
-1
0
-1
-1
-2
1
1
0
-1
0
0
-1
-1
1
1
0
0
-1
0
1
1
-1
-1
-1
0
0
0
0
0
-1
-1
0
-2
-1
1
0
-1
1
0
-1
-1
0
-1
1
-1
-1
-1
-1
-1
-1
-1
1
1
-1
-1
-1
-1
0
-1
1
-1
-1
-1
0
0
-1
-1
0
-1
-1
-1
-1
-1
1
-1
-1
-1
1
1
1
0
-1
0
-1
-1
0
0
0
0
-1
-1
-1
-1
-1
-1
1
-1
0
-1
-1
-1
0
-1
-1
-1
0
-2
0
0
-1
0
1
0
0
-1
1
0
0
-1
0
-1
-1
1
1
-2
-1
1
-1
-1
1
-1
0
0
0
0
0
1
-2
-1
-1
0
-1
-1
1
0
1
0
-1
0
1
1
-1
-2
-1
-1
1
0
-1
0
1
1
1
-1
0
0
-1
-1
1
-1
-1
-1
0
-1
0
-1
0
-1
0
-2
1
-3
-1
-2
1
-2
0
-1
1
-1
0
0
0
-1
-2
0
0
0
1
-2
0
0
0
-1
1
-1
0
-1
-1
-1
-1
-1
1
-1
1
-1
0
-1
1
0
0
0
1
-1
-1
-1
-1
-1
-1
-1
0
-1
1
-2
0
-2
-1
-1
1
-1
0
-2
0
-1
-1
-1
1
0
-1
-1
-1
-4
-1
-1
-1
-1
0
-1
1
-1
1
-1
-1
-1
1
-1
0
-2
0
-1
0
0
0
-2
-1
-1
1
-1
1
-1
-1
0
0
1
0
1
0
-1
0
-1
-1
0
-1
-1
-1
1
0
-1
0
-2
1
-1
-1
-1
0
0
0
0
-1
-2
-1
0
0
-1
0
-1
-1
-1
0
-1
-3
-1
-1
-1
-1
0
0
-1
0
-1
0
-2
-1
1
-2
0
-1
0
0
0
-1
0
-1
-1
0
-1
1
-1
1
0
0
0
1
-1
-1
1
1
0
0
-1
-1
-1
0
0
1
1
1
-2
1
-1
-1
0
-1
-1
0
0
1
-1
1
-1
-1
-1
-1
-2
-1
0
-1
-1
-1
-1
1
-1
-1
-1
-1
-2
-1
1
0
0
1
-1
1
-1
-1
0
-1
-1
-1
-2
0
-1
0
-1
0
-1
-1
-1
1
-1
-1
-1
0
0
0
-3
0
-1
-1
-1
-1
-2
-2
-1
1
-1
-1
-1
0
-1
1
-2
-2
-1
-1
-1
-1
0
0
-1
-1
-2
-1
-2
0
-2
1
-2
0
0
-1
-2
-1
-1
0
-2
1
0
0
-2
-1
0
-1
-1
0
0
1
-1
-1
-1
-1
-1
0
0
-1
-1
0
-1
0
-2
-1
-1
0
-1
-1
-1
-1
-1
-1
-1
0
-1
-1
-1
-1
1
1
-1
-1
1
-1
-2
1
-2
-1
-1
0
-1
1
-1
-1
-1
-1
1
-1
-1
-1
-1
1
1
-1
0
0
-1
2
-1
0
-3
1
-1
1
0
-1
-1
3
0
0
-1
-1
-1
-1
0
0
-1
-1
0
-1
0
-1
0
0
-1
1
0
-1
-1
0
0
-1
0
-1
-1
0
0
-1
-1
0
-1
0
0
0
0
-1
0
0
-1
-1
-2
1
-2
0
-1
0
-1
0
1
1
0
-1
-1
-1
-1
-1
-1
1
-1
1
0
-1
-1
1
-1
0
-1
-1
-1
-1
-2
0
-1
0
-1
1
-1
1
-1
1
-1
-1
-2
-1
-1
-1
-2
-1
0
0
-1
-1
0
1
-1
0
-1
-1
-1
-1
-4
-1
-1
-1
-1
-1
-1
0
-1
-1
-1
-1
-2
1
-2
-1
-1
-1
-2
-2
-1
-1
-1
-1
1
-1
-1
-1
0
0
0
-1
-1
-1
-2
1
-1
-1
-1
-1
-1
0
-1
0
-1
-2
-1
-1
-3
1
-2
-1
0
-1
-1
0
-1
-1
-1
0
0
0
-1
0
-1
0
-1
-1
-1
1
-1
-1
0
1
-1
-1
-1
-2
-2
0
-2
1
-1
-1
-3
-1
-1
-1
-1
0
-2
1
0
0
-2
0
-1
1
-2
0
-1
1
-1
-1
0
0
-1
1
0
1
-3
-1
-4
-1
-1
-1
-1
-1
-1
-1
-1
0
-2
0
-1
-1
-1
1
-1
0
-2
0
-2
-1
0
-1
-1
-1
-2
-1
0
-1
-1
0
-1
0
-1
-1
-1
0
-1
-1
-1
-1
0
-1
-1
0
-1
1
-1
2
-1
1
-1
0
-3
-1
-2
-1
-1
0
-1
0
-1
-1
-1
-1
-1
1
-4
0
1
-1
0
0
-1
-1
-1
-1
-1
0
-3
1
-1
-1
-1
-1
-1
0
-1
0
0
-1
-3
-1
-2
0
0
1
-1
0
-1
-1
-1
1
-1
-1
-1
1
-1
-1
-1
0
-2
-1
-3
1
-2
0
-1
1
1
-1
-2
1
0
-1
-1
-1
-1
-1
-1
0
-1
-1
-1
-1
-2
-1
-1
-1
-2
-1
0
-1
-1
0
-1
-3
-2
0
0
1
-3
0
0
-1
-1
-1
0
0
-1
1
-1
-1
-1
-1
-4
0
-2
0
-1
0
-1
0
-2
-2
-1
-2
-1
-1
-1
-1
0
0
-1
-1
-1
-1
-1
-1
-1
-1
-1
1
-2
0
-1
0
0
-1
-1
0
-1
-1
-1
-1
0
-1
-2
-1
-1
-1
0
-1
-2
-1
-1
-1
-2
1
0
-2
-1
1
-1
0
-1
-1
-1
0
-1
-1
0
1
-1
0
1
-2
-1
-1
-3
0
-1
-1
-2
0
-2
-1
-2
0
-1
0
0
-1
-2
1
-1
-1
-3
-1
0
-1
0
0
-1
2
-1
-1
-3
-1
-1
-1
-1
-2
-1
-1
-1
0
-1
1
1
0
-2
1
0
1
-1
-1
-1
0
-1
1
-1
0
-3
1
-1
0
-1
-1
-3
1
-3
-1
-1
0
-1
0
-1
-1
-1
0
-1
0
-1
-1
0
1
-1
-3
-1
-2
-3
-1
-1
0
-1
-1
-2
-1
-1
0
0
-1
-1
-1
-1
-1
-1
-1
-1
-43
356
23
-362
360
2
18
360
40
356
-62
-358
-83
-354
-348
100
-340
121
-334
139
-163
-324
-180
-315
-304
195
211
288
228
276
263
-247
-250
261
275
233
287
216
-303
-200
310
180
320
161
-146
330
339
124
-345
-107
350
83
-65
355
43
-359
361
21
-1
360
-21
-361
-41
-360
61
355
-82
-352
100
344
340
-124
142
331
-324
160
-313
180
301
-199
288
-215
232
277
-248
-263
-248
261
-233
275
-216
290
-300
-200
180
-312
-323
-165
-331
-146
339
123
103
-347
-351
-85
-354
-64
-42
358
-21
359
359
-1
21
361
-42
-358
64
354
83
350
-344
102
-123
-339
332
-144
-162
-322
182
310
-198
-301
290
-217
-276
229
-262
246
-246
262
233
-279
-289
-215
-301
-200
-177
311
162
-325
142
-334
-123
337
346
101
81
-354
355
58
40
-361
-21
358
1
358
23
357
-358
40
-355
62
-351
81
104
344
-124
-342
143
327
-322
162
-181
-315
-300
197
-288
213
233
272
262
-251
247
-265
230
-281
290
213
302
194
-313
-182
-159
321
-333
-145
120
-342
-346
-103
-352
-83
60
-358
-41
354
360
17
-361
1
23
358
44
356
355
-67
84
350
105
344
-338
124
144
330
163
320
183
309
298
-200
216
288
-277
233
258
-250
262
245
-232
277
-216
291
-199
302
-179
314
159
-324
-142
332
119
-342
344
99
-81
350
-61
355
358
40
16
-360
360
-4
-360
24
358
-45
350
-67
-88
-351
-108
-346
337
-127
327
-146
319
-166
-313
182
-201
-301
-286
218
-235
-274
-251
-260
246
-266
-228
276
-291
-211
303
194
-313
-177
157
-323
333
139
121
-342
-348
-100
-352
-81
356
57
360
37
361
16
-360
3
25
360
47
357
-356
66
349
-89
106
344
-338
126
331
-148
-166
-322
-184
-313
-202
-298
-218
-289
273
-238
258
-253
-243
264
228
-281
291
210
-194
303
316
174
-325
-158
-137
329
-119
339
-347
-100
-78
351
-358
-60
-37
358
16
-363
-6
-363
-360
23
357
-51
354
-71
-89
-352
-110
-347
-339
126
-329
146
167
317
-313
183
204
295
-286
218
235
272
-258
250
-244
264
226
-284
209
-293
-305
-194
174
-317
325
154
136
-336
339
116
347
95
352
75
-59
356
-361
-38
12
-363
-8
-363
26
358
-361
47
354
-72
-92
-354
-112
-346
-337
130
-330
148
318
-170
307
-188
202
295
284
-222
-240
-272
255
-255
-270
-245
279
227
208
-296
190
-307
315
171
153
-327
332
135
115
-343
-2
-4
-1
-1
-2
0
-2
-1
0
-1
0
0
-1
0
-1
-1
298
199
312
182
320
165
330
146
338
126
345
107
350
83
356
66
356
45
361
23
-361
0
360
-18
358
-39
358
-59
351
-81
347
-104
-340
120
332
-141
323
-161
313
-180
-303
196
291
-217
-276
231
265
-248
-249
260
235
-276
219
-290
-199
300
-181
313
165
-324
146
-334
125
-342
-104
344
-83
350
-64
353
45
-361
-18
356
2
-364
21
357
-39
-362
-62
-361
-81
-355
-102
-349
-122
-344
-141
-334
-161
-330
180
308
198
300
-216
-293
-231
-282
-249
-267
265
245
-279
-237
288
210
298
195
310
178
320
158
330
138
337
122
344
101
349
81
-359
-66
357
37
-363
-23
