-100
-74
-80
-11
-35
41
21
65
69
64
95
41
95
11
66
-21
20
-35
-35
-28
-75
6
-83
45
-55
69
-11
53
18
-3
2
-73
-63
-110
-139
-81
-174
18
-126
132
11
206
177
181
300
57
311
-111
208
-252
40
-297
-117
-235
-195
-105
-182
25
-104
98
-15
102
52
57
81
-2
86
-54
88
-91
92
-126
88
-162
62
-192
18
-197
-34
-158
-66
-82
-62
13
-20
102
48
158
117
174
169
149
187
93
164
20
98
-50
2
-95
-107
-100
-195
-64
-237
-3
-223
50
-170
71
-105
49
-59
-1
-43
-50
-45
-74
-40
-66
-17
-38
27
-13
73
-1
103
-1
112
6
112
30
115
64
133
96
159
113
182
107
190
88
184
61
170
39
156
16
141
-12
114
-40
73
-59
25
-57
-14
-33
-30
6
-25
35
-16
43
-25
36
-59
36
-105
65
-124
127
-98
194
-22
226
72
197
139
103
143
-18
82
-119
-14
-159
-102
-129
-138
-50
-115
35
-47
94
35
110
101
88
134
47
136
7
115
-17
88
-26
64
-26
44
-28
25
-36
-4
-50
-42
-58
-83
-47
-109
-11
-103
39
-58
78
11
85
74
53
103
-1
88
-44
48
-45
21
1
35
65
86
107
144
106
169
66
136
25
71
24
8
74
-9
156
30
221
96
234
146
192
150
123
106
69
48
50
7
64
-2
82
8
78
15
56
6
30
-11
16
-16
19
4
24
42
6
73
-40
74
-100
40
-148
-15
-162
-61
-138
-82
-98
-81
-59
-72
-35
-66
-21
-66
-12
-63
-5
-55
-8
-51
-25
-64
-49
-93
-60
-118
-41
-112
1
-62
40
20
42
89
-4
107
-74
66
-117
-1
-94
-41
-9
-13
93
64
151
139
135
155
69
101
10
16
7
-33
58
-7
104
76
80
143
-42
117
-216
-15
-351
-197
-364
-327
-245
-327
-60
-201
88
-18
126
117
59
144
-43
76
-88
-12
-33
-43
87
15
198
120
230
208
168
220
54
156
-43
65
-82
1
-68
-8
-43
21
-46
46
-88
30
-141
-28
-165
-97
-129
-141
-45
-137
57
-96
136
-42
173
-8
166
-9
132
-46
95
-102
68
-163
61
-202
71
-206
88
-167
92
-94
66
-13
-3
45
-102
57
-202
27
-259
-21
-247
-42
-165
-9
-48
83
54
202
107
300
98
345
47
329
-6
270
-34
203
-33
152
-14
122
1
105
3
93
-11
75
-28
57
-41
40
-44
30
-38
24
-27
23
-11
26
4
30
9
25
2
2
-21
-49
-46
-124
-54
-199
-30
-249
22
-246
84
-190
121
-105
107
-28
47
11
-35
8
-96
-12
-110
-15
-77
21
-28
84
1
139
-13
146
-59
90
-102
-9
-106
-115
-57
-184
25
-197
98
-171
129
-140
107
-129
56
-143
11
-156
1
-135
23
-60
47
56
41
166
-20
228
-117
216
-207
142
-250
49
-220
-21
-136
-45
-42
-30
21
-14
31
-25
6
-69
-25
-124
-32
-152
-11
-126
16
-49
13
49
-42
125
-138
153
-243
133
-312
92
-318
63
-266
74
-180
119
-98
181
-49
226
-38
228
-54
184
-71
110
-67
33
-33
-19
23
-28
76
4
100
54
76
93
7
97
-83
60
-156
6
-185
-31
-163
-27
-117
19
-83
75
-86
105
-126
83
-171
17
-179
-52
-132
-78
-42
-45
42
38
76
117
42
148
-36
120
-112
52
-143
-8
-118
-33
-64
-21
-16
-1
4
-5
2
-40
11
-92
55
-122
133
-109
218
-53
270
18
270
73
221
93
147
84
69
57
4
23
-49
-14
-88
-54
-106
-89
-95
-99
-56
-68
-4
7
30
100
18
175
-43
199
-129
169
-199
111
-229
54
-216
26
-181
20
-148
18
-128
10
-110
-4
-79
-1
-35
22
4
59
15
74
-9
45
-42
-25
-49
-99
-4
-130
74
-100
135
-35
130
3
47
-35
-70
-151
-151
-290
-142
-375
-45
-356
78
-243
151
-105
128
-13
28
-6
-89
-65
-159
-136
-164
-177
-125
-181
-92
-184
-86
-213
-90
-267
-65
-303
8
-269
103
-158
162
-5
127
110
-6
125
-176
42
-303
-81
-324
-161
-243
-149
-124
-62
-44
38
-42
82
-100
40
-158
-57
-159
-153
-93
-202
8
-195
97
-164
141
-135
148
-119
140
-98
132
-54
121
9
78
65
-9
71
-119
14
-208
-80
-228
-159
-171
-176
-66
-127
26
-41
57
22
21
24
-51
-37
-112
-129
-126
-211
-96
-253
-45
-261
3
-245
37
-219
64
-175
93
-110
120
-24
131
67
115
136
69
165
17
156
-21
127
-35
95
-40
57
-52
-2
-78
-100
-102
-225
-88
-335
-17
-381
96
-330
204
-200
245
-49
187
51
53
62
-93
-1
-182
-82
-170
-119
-76
-78
40
14
119
112
136
158
103
140
64
78
54
13
82
-23
120
-26
138
-13
116
-9
59
-28
-9
-59
-61
-81
-84
-78
-85
-44
-80
6
-81
54
-86
89
-92
105
-88
102
-69
83
-35
52
9
9
62
-40
125
-82
194
-103
262
-98
309
-69
317
-32
278
-8
192
-18
77
-69
-38
-153
-119
-246
-148
-319
-119
-344
-50
-307
28
-221
83
-111
91
-12
47
48
-35
60
-127
25
-204
-40
-246
-110
-249
-165
-213
-185
-144
-163
-65
-89
6
18
43
134
33
223
-19
256
-87
232
-132
175
-119
127
-48
126
52
175
134
247
158
296
119
284
42
215
-23
117
-42
39
-21
1
15
0
29
4
13
-7
-16
-39
-28
-68
1
-56
59
6
111
99
121
182
81
222
11
211
-53
173
-81
146
-81
141
-81
144
-103
125
-151
66
-199
-25
-208
-105
-162
-134
-80
-105
-5
-33
21
31
-10
49
-67
18
-112
-30
-112
-59
-67
-43
-10
11
25
76
16
115
-28
116
-78
86
-110
47
-108
18
-77
12
-29
30
21
67
60
113
79
156
71
173
38
151
-4
88
-31
-1
-19
-83
37
-129
120
-124
194
-87
231
-47
222
-26
183
-26
139
-30
102
-20
68
1
17
13
-58
-10
-142
-73
-198
-150
-194
-199
-131
-183
-40
-114
30
-20
47
45
13
58
-33
28
-53
-11
-31
-28
12
-15
47
-1
49
-13
30
-58
22
-110
45
-135
98
-112
147
-55
156
-1
113
15
42
-9
-18
-44
-36
-49
-19
-5
-5
62
-30
112
-100
107
-185
45
-238
-35
-223
-86
-149
-84
-57
-39
11
9
33
27
22
1
13
-48
30
-91
78
-107
135
-97
177
-78
196
-63
195
-54
187
-40
177
-19
160
6
128
21
81
16
30
-8
-7
-36
-27
-59
-30
-77
-33
-100
-38
-133
-39
-172
-22
-199
15
-198
60
-166
86
-123
81
-97
45
-100
9
-118
2
-119
33
-77
77
6
99
98
73
148
7
139
-54
84
-70
26
-26
8
55
37
129
92
154
127
128
118
75
69
31
6
13
-45
13
-74
8
-96
-7
-130
-22
-164
-14
-178
30
-141
92
-49
134
67
126
164
64
205
-22
190
-91
146
-115
105
-100
79
-78
57
-64
20
-52
-32
-26
-72
34
-66
107
-5
151
82
122
132
22
100
-101
-11
-173
-139
-144
-200
-20
-147
122
4
194
168
147
253
6
213
-148
73
-224
-86
-180
-181
-42
-175
117
-87
226
23
253
103
216
129
158
112
111
75
92
35
98
-2
123
-32
170
-46
237
-24
315
40
377
132
390
214
339
243
236
202
125
104
52
-11
35
-103
68
-147
119
-149
161
-125
180
-88
175
-46
153
5
114
51
52
82
-34
76
-123
29
-189
-34
-204
-81
-170
-86
-106
-47
-49
11
-25
55
-30
76
-41
81
-37
95
-17
131
-2
177
-21
204
-78
182
-157
105
-214
-1
-222
-95
-174
-148
-92
-154
-13
-131
43
-97
74
-64
88
-29
93
13
83
54
48
79
-11
66
-77
23
-119
-23
-121
-42
-93
-18
-68
30
-80
60
-140
39
-216
-37
-260
-131
-245
-190
-172
-189
-84
-136
-34
-78
-38
-57
-85
-86
-129
-143
-131
-181
-90
-170
-37
-119
-8
-62
-26
-27
-74
-26
-119
-40
-136
-37
-129
-13
-122
21
-135
32
-166
6
-184
-46
-158
-81
-78
-65
30
4
117
93
152
160
131
173
88
140
56
91
59
58
86
49
106
49
100
35
74
-4
52
-50
57
-74
88
-58
123
-11
131
37
104
57
57
45
21
24
16
21
37
48
53
88
37
107
-15
80
-76
13
-113
-59
-103
-100
-62
-95
-22
-62
-15
-32
-42
-29
-79
-45
-89
-45
-58
5
-8
104
16
221
-13
301
-96
314
-197
258
-262
177
-264
112
-216
84
-158
78
-128
53
-136
-16
-154
-120
-146
-220
-90
-272
0
-255
78
-190
100
-122
54
-95
-30
-117
-100
-159
-122
-172
-91
-127
-37
-31
-12
70
-39
132
-106
128
-173
72
-192
11
-148
-16
-64
8
18
59
56
99
43
95
2
51
-27
-4
-21
-33
15
-16
46
30
42
67
-2
66
-63
24
-95
-29
-74
-46
1
-7
88
77
146
168
146
214
103
200
59
144
51
85
89
59
146
69
182
85
169
68
113
-1
51
-103
24
-197
48
-243
106
-223
157
-164
166
-100
130
-62
69
-51
17
-48
-8
-33
-13
-4
-13
25
-24
31
-39
11
-33
-21
5
-37
70
-23
135
16
170
42
158
30
114
-28
68
-112
55
-186
77
-218
113
-210
135
-178
122
-148
81
-130
34
-116
-3
-88
-25
-42
-49
8
-88
40
-139
34
-182
0
-185
-33
-140
-33
-62
10
10
78
37
129
8
132
-58
72
-118
-21
-141
-105
-117
-148
-70
-146
-34
-117
-31
-88
-68
-81
-120
-93
-164
-111
-186
-117
-190
-105
-190
-86
-199
-77
-221
-91
-243
-126
-248
-168
-225
-198
-176
-202
-119
-183
-74
-151
-49
-122
-47
-105
-60
-96
-69
-95
-75
-87
-74
-75
-69
-64
-66
-59
-59
-61
-38
-57
5
-33
63
18
119
95
148
172
136
221
85
222
16
175
-38
102
-54
35
-31
-5
16
-13
59
-5
88
4
98
6
107
10
124
32
148
76
163
136
146
188
95
210
20
190
-57
136
-110
71
-128
16
-112
-13
-76
-19
-36
-4
-5
25
17
61
25
96
16
122
-8
130
-41
118
-69
93
-85
66
-87
49
-81
37
-78
24
-84
1
-93
-28
-86
-47
-62
-35
-26
8
-4
68
-14
117
-60
127
-116
107
-152
75
-144
70
-101
105
-57
168
-45
215
-81
219
-146
163
-201
71
-213
-18
-175
-74
-108
-88
-43
-86
-1
-77
22
-73
43
-57
72
-15
96
52
96
118
53
151
-25
127
-104
57
-141
-24
-118
-73
-45
-69
44
-20
105
40
121
82
95
88
55
67
23
33
10
5
14
-13
29
-16
50
-3
75
31
95
85
98
141
69
182
11
182
-61
138
-117
72
-130
16
-100
1
-48
25
-8
69
-6
98
-42
93
-91
57
-124
8
-127
-31
-97
-52
-51
-56
1
-51
56
-38
115
-9
180
44
232
112
247
170
211
184
130
135
37
32
-28
-84
-44
-171
-16
-207
22
-195
33
-167
-1
-157
-62
-176
-113
-202
-124
-206
-86
-156
-18
-49
34
80
42
185
0
228
-64
204
-108
136
-95
71
-27
42
74
57
156
92
187
107
160
71
100
-11
53
-112
49
-182
91
-187
145
-132
168
-47
131
16
42
30
-59
1
-128
-37
-139
-45
-101
-6
-55
64
-34
124
-54
140
-96
107
-120
51
-102
8
-39
3
39
40
95
88
107
123
77
127
27
100
-24
55
-59
5
-75
-35
-73
-63
-59
-69
-39
-52
-21
-17
-24
18
-54
29
-105
-1
-151
-55
-155
-103
-107
-102
-22
-37
49
62
59
139
-5
143
-112
59
-200
-74
-216
-190
-144
-233
-33
-194
56
-119
76
-65
24
-65
-51
-110
-99
-158
-93
-162
-48
-113
-10
-35
-6
30
-39
57
-79
52
-88
47
-54
70
7
129
57
201
69
249
39
251
-14
204
-63
126
-83
43
-71
-25
-35
-64
16
-69
68
-33
103
32
109
110
71
174
-6
198
-100
180
-183
132
-231
79
-240
30
-221
-15
-194
-71
-158
-144
-100
-214
-1
-244
132
-210
255
-117
325
-12
300
45
196
18
67
-74
-22
-177
-37
-231
8
-211
59
-142
69
-77
28
-52
-32
-64
-66
-78
-55
-57
-21
-4
-8
49
-45
52
-117
-13
-174
-110
-170
-182
-100
-180
-6
-107
49
-18
28
30
-49
10
-129
-47
-148
-83
-102
-53
-27
37
18
136
-6
183
-76
152
-141
71
-146
-4
-76
-28
31
11
122
76
159
125
139
136
93
113
48
82
16
56
-19
25
-69
-29
-122
-112
-157
-204
-144
-267
-81
-269
2
-215
64
-138
74
-85
41
-78
-2
-104
-15
-128
16
-121
74
-78
120
-21
136
25
125
47
109
54
103
66
107
93
109
118
87
119
46
83
10
21
11
-30
54
-38
123
1
173
62
177
105
139
110
83
85
46
66
41
83
43
131
13
173
-72
158
-198
64
-310
-86
-347
-225
-286
-290
-153
-255
-19
-151
49
-46
27
-5
-51
-45
-117
-127
-113
-184
-30
-162
87
-60
168
74
167
167
86
176
-22
112
-88
25
-74
-19
6
10
99
95
146
184
124
221
52
194
-19
122
-44
55
-18
25
37
32
85
49
101
54
95
38
95
21
114
29
144
66
153
110
121
119
45
69
-33
-30
-64
-126
-23
-165
69
-125
159
-27
187
68
137
106
33
68
-67
-16
-109
-96
-78
-124
-1
-88
76
-15
115
64
106
114
64
129
18
117
-17
91
-35
59
-37
33
-25
13
-4
11
15
21
14
30
-17
6
-77
-66
-135
-182
-150
-301
-93
-367
30
-343
173
-235
274
-88
294
35
231
95
128
91
41
59
1
44
4
62
15
103
1
134
-42
130
-96
92
-133
42
-135
4
-110
-11
-72
-12
-39
-7
-16
-2
6
7
24
23
30
35
18
23
-11
-21
-33
-83
-20
-132
40
-125
124
-52
185
54
177
131
91
130
-30
43
-121
-86
-125
-187
-37
-207
100
-141
212
-33
251
52
217
77
146
42
83
-18
61
-73
67
-106
78
-134
77
-173
69
-218
81
-252
125
-236
190
-159
241
-42
240
73
173
139
66
143
-35
105
-88
68
-81
66
-33
110
12
175
21
224
-9
228
-57
194
-92
138
-92
100
-65
92
-35
110
-34
124
-71
105
-135
47
-190
-32
-203
-93
-166
-105
-101
-58
-49
18
-45
76
-87
86
-144
47
-165
1
-125
1
-33
70
57
186
86
286
33
305
-73
223
-161
81
-161
-40
-62
-76
88
-20
206
78
231
136
163
105
64
-4
7
-124
31
-183
114
-154
190
-66
196
14
119
39
-1
5
-103
-46
-151
-66
-151
-36
-146
16
-167
50
-217
40
-257
0
-246
-28
-179
-12
-89
42
-22
92
-6
90
-25
23
-34
-76
10
-151
107
-159
215
-105
274
-35
246
-2
148
-32
30
-110
-55
-188
-83
-226
-70
-213
-49
-171
-48
-130
-61
-106
-67
-92
-45
-65
12
-13
80
64
134
140
154
190
144
196
118
162
100
102
103
38
133
-5
182
-19
234
8
270
67
264
136
202
179
88
168
-49
100
-170
-4
-235
-108
-233
-170
-180
-182
-112
-154
-58
-115
-30
-85
-17
-62
-4
-40
12
-7
22
29
11
52
-21
47
-63
16
-90
-18
-89
-38
-71
-37
-59
-30
-65
-46
-91
-94
-104
-158
-81
-204
-18
-202
61
-156
112
-93
110
-54
56
-67
-11
-120
-53
-177
-48
-197
-8
-166
30
-101
36
-37
4
-1
-49
4
-90
-1
-91
11
-55
64
-2
159
33
278
22
384
-49
443
-169
418
-312
308
-429
133
-472
-54
-412
-179
-257
-199
-67
-106
87
51
139
191
74
245
-59
190
-188
66
-237
-58
-185
-121
-66
-98
64
-16
148
78
165
139
132
152
80
127
37
80
19
28
20
-17
41
-42
76
-35
113
9
129
76
100
130
16
136
-103
81
-212
-13
-267
-96
-258
-132
-217
-118
-188
-96
-203
-111
-249
-182
-276
-281
-241
-349
-139
-342
-12
-268
73
-182
82
-143
35
-175
-8
-238
12
-267
98
-212
197
-87
237
42
179
100
51
57
-72
-49
-122
-146
-78
-177
15
-136
89
-70
105
-35
69
-55
31
-106
35
-142
83
-131
145
-87
180
-42
175
-27
153
-35
146
-35
170
4
199
74
197
141
136
162
40
119
-49
46
-92
-15
-82
-28
-61
-9
-69
-1
-122
-40
-190
-119
-221
-199
-189
-226
-110
-182
-35
-100
-11
-34
-37
-19
-79
-45
-78
-66
-20
-37
69
46
132
136
127
173
71
129
13
28
11
-61
84
-84
192
-31
266
55
260
112
174
105
54
40
-44
-40
-85
-88
-79
-86
-56
-44
-44
16
-53
78
-76
136
-104
186
-141
209
-190
190
-236
120
-255
21
-213
-64
-103
-88
40
-40
158
47
199
110
158
108
66
39
-12
-57
-33
-122
-2
-122
42
-68
59
1
24
45
-42
61
-105
59
-141
64
-152
85
-158
104
-170
103
-190
78
-196
47
-173
33
-132
45
-100
66
-99
71
-129
42
-165
-6
-177
-45
-156
-42
-122
-7
-111
30
-140
25
-194
-32
-222
-112
-187
-160
-82
-136
47
-45
139
59
152
119
102
99
37
24
20
-48
70
-65
157
-7
224
90
221
165
142
177
23
118
-76
25
-113
-55
-86
-89
-20
-72
40
-29
70
7
61
11
30
-25
1
-86
1
-151
35
-190
98
-181
168
-124
206
-40
189
34
110
59
-13
21
-133
-62
-208
-151
-218
-206
-172
-214
-107
-184
-47
-146
-6
-115
33
-81
83
-25
140
63
175
165
148
232
53
219
-81
117
-187
-28
-209
-141
-138
-160
-25
-77
56
53
42
150
-62
156
-194
83
-285
-18
-281
-76
-194
-56
-84
21
-8
103
12
145
-4
144
-11
129
16
134
66
175
103
224
98
246
56
223
13
170
6
135
47
148
106
207
134
272
105
285
33
231
-25
136
-20
64
58
67
163
148
223
252
187
300
55
239
-107
84
-215
-97
-216
-216
-119
-223
4
-130
78
-3
51
78
-54
76
-175
4
-238
-78
-212
-112
-119
-74
-16
11
45
88
44
114
5
76
-22
8
-4
-47
64
-51
150
-2
209
71
209
132
152
152
62
131
-28
81
-91
23
-118
-28
-116
-62
-87
-78
-39
-69
19
-40
78
13
117
66
127
100
105
101
68
69
43
25
45
7
65
23
81
70
60
111
-11
112
-107
67
-192
-6
-221
-59
-187
-55
-113
13
-46
113
-25
199
-55
233
-112
212
-152
162
-148
119
-108
105
-57
110
-26
110
-25
89
-41
51
-45
19
-28
24
-3
69
-1
127
-46
158
-132
134
-222
59
-267
-18
-236
-52
-140
-14
-25
81
55
190
74
263
42
277
1
250
-13
218
8
214
47
238
63
263
33
252
-32
185
-95
80
-116
-19
-74
-69
11
-55
95
6
141
71
129
106
78
97
25
56
-4
16
2
-4
27
1
49
21
53
34
40
36
21
32
8
28
5
31
3
33
-3
25
-12
2
-7
-25
20
-40
70
-28
127
11
165
55
165
82
129
75
73
33
23
-21
-6
-67
-20
-98
-31
-118
-51
-143
-76
-179
-86
-209
-66
-207
-10
-156
55
-59
92
49
74
119
8
118
-67
49
-100
-41
-58
-92
54
-64
182
38
260
162
243
240
136
229
-2
134
-103
12
-121
-69
-56
-66
43
20
112
137
110
225
40
239
-53
180
-115
83
-107
-1
-33
-42
71
-41
167
-18
223
-2
243
0
237
-13
219
-23
192
-26
144
-34
75
-59
-4
-100
-69
-144
-100
-163
-93
-137
-69
-75
-57
-2
-77
38
-122
25
-158
-32
-147
-94
-71
-121
49
-89
175
-15
255
66
265
112
216
100
139
40
71
-41
40
-113
42
-153
66
-157
96
-126
113
-71
115
-8
90
48
40
81
-25
81
-86
52
-125
13
-127
-9
-100
-1
-70
25
-61
49
-81
45
-117
11
-138
-26
-121
-37
-69
1
-15
76
10
148
-9
183
-59
163
-97
112
-93
68
-39
58
31
74
83
88
93
68
82
9
81
-52
116
-71
175
-26
214
63
187
142
76
159
-86
99
-237
-7
-318
-98
-313
-126
-255
-84
-197
-9
-178
49
-203
59
-235
24
-238
-25
-194
-53
-116
-54
-37
-40
17
-36
42
-52
52
-86
66
-117
91
-130
122
-122
141
-99
144
-69
130
-38
102
-9
64
12
17
16
-35
-9
-77
-53
-87
-94
-49
-96
23
-42
95
59
121
167
73
228
-42
211
-182
118
-288
-6
-325
-110
-291
-158
-216
-142
-146
-92
-111
-39
-113
-5
-134
-1
-150
-13
-146
-28
-117
-34
-66
-22
-4
8
54
52
95
100
105
134
85
134
41
95
-4
29
-28
-41
-21
-90
9
-105
40
-99
53
-87
45
-86
28
-85
23
-69
32
-24
40
45
24
109
-31
138
-110
119
-186
64
-226
1
-216
-42
-175
-62
-125
-71
-80
-81
-35
-91
25
-72
104
-4
177
113
199
237
140
304
6
276
-146
161
-240
22
-231
-60
-124
-41
6
66
86
182
66
226
-25
164
-107
30
-105
-92
7
-124
183
-50
337
85
387
194
324
209
193
126
82
-4
52
-96
100
-103
177
-27
212
78
168
148
56
149
-66
100
-140
47
-139
43
-85
102
-28
194
-13
270
-54
286
-119
235
-168
144
-164
61
-105
11
-21
6
53
18
88
24
83
6
66
-29
56
-54
66
-49
91
-8
104
57
88
124
44
170
-23
188
-86
175
-134
146
-156
107
-146
66
-110
35
-45
22
33
37
110
74
164
122
179
158
153
160
97
127
37
74
-5
25
-23
-1
-25
-2
-35
6
-63
6
-105
-16
-141
-53
-152
-87
-126
