59
63
105
54
127
-11
99
-95
30
-153
-46
-159
-91
-125
-86
-78
-34
-50
34
-54
93
-90
127
-141
134
-193
113
-239
65
-269
-14
-269
-114
-225
-202
-124
-244
19
-222
156
-132
252
-23
267
55
207
61
120
2
43
-83
21
-148
49
-165
99
-137
134
-90
140
-47
127
-11
115
32
114
100
111
186
83
257
16
276
-76
229
-145
146
-150
74
-76
61
41
119
141
214
177
285
140
293
61
236
-7
148
-33
74
-22
33
-6
9
-18
-30
-52
-101
-78
-187
-59
-238
16
-216
114
-116
174
6
153
85
54
70
-64
-30
-131
-157
-103
-240
10
-238
148
-161
240
-64
255
0
203
9
134
-17
87
-33
71
-16
63
31
31
79
-39
103
-131
88
-211
59
-257
37
-268
32
-265
35
-262
28
-260
6
-240
-16
-192
-8
-127
35
-76
100
-74
143
-132
127
-221
47
-293
-64
-306
-154
-255
-188
-171
-163
-96
-111
-57
-63
-45
-30
-37
-1
-14
41
9
96
14
138
-20
125
-78
52
-117
-50
-96
-124
-9
-116
95
-29
146
83
90
135
-65
75
-248
-87
-371
-278
-375
-412
-264
-435
-107
-348
19
-213
67
-94
37
-28
-26
-16
-79
-28
-98
-37
-95
-35
-84
-30
-78
-35
-76
-43
-67
-48
-52
-43
-38
-33
-36
-32
-45
-50
-51
-78
-37
-97
-4
-93
31
-73
49
-61
34
-79
0
-135
-23
-204
-11
-248
33
-246
83
-199
101
-145
69
-109
4
-105
-57
-110
-87
-91
-87
-33
-82
46
-105
110
-159
124
-221
88
-247
30
-218
-6
-135
-4
-40
29
30
59
58
60
59
33
59
-1
69
-16
85
-11
80
0
45
-8
-10
-38
-57
-74
-71
-92
-53
-72
-23
-30
-4
6
-8
15
-10
6
13
3
68
35
129
102
155
164
115
176
20
114
-86
-4
-148
-121
-143
-187
-94
-181
-49
-136
-52
-100
-103
-105
-165
-144
-196
-179
-170
-176
-110
-128
-57
-70
-42
-42
-60
-65
-72
-119
-47
-158
25
-144
111
-81
157
-6
134
32
52
1
-43
-74
-96
-149
-81
-171
-18
-127
46
-37
71
49
42
93
-18
84
-72
38
-87
-16
-57
-49
3
-57
67
-45
114
-25
135
-11
129
-8
104
-21
68
-47
35
-74
19
-88
18
-76
25
-40
24
7
5
43
-31
54
-68
37
-81
14
-61
6
-11
26
42
61
76
91
79
98
65
78
52
52
56
41
70
53
76
77
56
95
8
84
-47
52
-83
19
-87
5
-66
16
-42
39
-33
47
-35
30
-30
2
6
-9
78
27
158
114
207
217
191
292
101
299
-26
230
-144
113
-204
-7
-194
-86
-132
-106
-54
-76
0
-29
17
5
-4
8
-36
-21
-60
-65
-52
-102
-13
-110
47
-82
103
-23
133
47
122
101
73
124
3
110
-64
72
-105
35
-114
18
-99
22
-83
40
-78
54
-88
54
-100
40
-103
23
-92
16
-71
20
-52
28
-48
26
-56
8
-65
-22
-62
-48
-33
-53
12
-25
57
30
82
96
76
147
40
170
-11
161
-54
130
-73
95
-63
74
-27
74
17
95
51
122
64
136
56
130
37
100
25
62
30
31
49
17
69
15
72
6
52
-25
18
-88
-6
-170
2
-241
53
-274
134
-255
218
-190
275
-103
284
-25
248
28
185
48
111
40
48
13
1
-22
-28
-58
-34
-88
-22
-103
-4
-104
10
-100
6
-108
-16
-143
-42
-198
-52
-253
-26
-279
28
-253
84
-181
105
-95
69
-40
-18
-37
-115
-83
-175
-139
-173
-158
-117
-121
-47
-42
-3
41
-4
91
-32
97
-56
75
-50
61
-12
70
33
99
58
123
52
122
31
98
20
76
33
85
62
131
76
193
47
231
-21
219
-99
161
-139
93
-111
59
-29
87
63
162
117
235
110
260
53
214
-7
118
-22
21
26
-28
117
-4
200
77
228
172
177
231
57
224
-93
151
-222
37
-292
-74
-291
-145
-228
-160
-139
-123
-61
-63
-13
-9
1
15
4
13
15
6
50
16
95
49
123
83
110
86
62
37
12
-53
4
-134
62
-153
169
-86
266
41
296
161
231
206
105
151
-10
33
-45
-73
18
-105
132
-52
225
37
238
88
174
66
90
-15
48
-88
77
-91
141
-13
173
95
117
161
-21
129
-179
15
-277
-119
-263
-190
-157
-159
-28
-55
50
59
49
118
-13
97
-75
19
-89
-66
-39
-115
54
-112
148
-67
213
-5
225
54
187
88
105
82
-9
26
-127
-76
-209
-191
-228
-275
-177
-285
-91
-213
-25
-98
-20
-6
-83
16
-169
-28
-214
-88
-177
-100
-72
-32
35
86
80
185
34
197
-59
112
-129
-23
-117
-131
-21
-165
107
-129
200
-72
226
-40
199
-49
165
-69
153
-60
161
-11
146
51
79
74
-35
30
-148
-65
-201
-153
-175
-190
-93
-158
-6
-92
44
-35
61
-6
74
9
115
53
173
136
211
228
181
269
83
211
-33
69
-88
-88
-36
-171
99
-138
242
-13
303
122
246
187
111
159
-26
78
-98
10
-94
3
-54
49
-33
105
-52
134
-93
129
-115
122
-99
141
-62
187
-40
227
-55
221
-89
167
-99
95
-50
64
42
95
122
159
132
185
59
112
-47
-52
-97
-236
-37
-340
117
-307
280
-163
346
-2
266
71
71
16
-136
-138
-256
-287
-252
-353
-156
-303
-54
-180
-16
-56
-59
16
-146
21
-219
-8
-240
-33
-211
-34
-152
-14
-93
13
-40
42
11
73
58
119
95
170
101
209
68
212
7
169
-55
93
-84
18
-74
-32
-35
-48
8
-40
40
-29
56
-19
66
-6
85
20
99
59
99
91
70
93
18
56
-34
-13
-57
-85
-37
-126
15
-125
65
-91
84
-54
63
-41
13
-59
-33
-93
-59
-120
-54
-122
-34
-100
-21
-67
-29
-45
-54
-48
-81
-69
-91
-93
-76
-104
-42
-93
-6
-64
17
-33
19
-16
1
-21
-21
-44
-30
-76
-19
-100
12
-109
53
-100
98
-78
136
-47
166
-12
190
29
197
72
184
103
147
106
88
75
30
12
-7
-56
-6
-103
28
-110
69
-82
90
-47
74
-35
36
-55
5
-90
13
-103
66
-69
134
16
177
119
162
190
88
196
-13
135
-93
39
-122
-49
-92
-97
-34
-99
21
-71
48
-35
39
-11
11
2
-25
4
-61
1
-83
-9
-92
-16
-80
-13
-46
11
-2
53
34
98
48
122
36
101
20
46
27
-23
70
-67
145
-71
217
-43
250
-15
234
-16
184
-54
132
-105
107
-136
112
-129
123
-91
115
-48
76
-29
24
-32
-11
-41
-13
-27
8
13
26
64
16
92
-23
78
-68
29
-91
-25
-77
-58
-42
-61
-15
-55
-14
-62
-36
-91
-54
-124
-48
-136
-20
-112
6
-66
4
-33
-36
-40
-87
-88
-110
-144
-81
-163
-11
-126
59
-52
86
17
51
42
-25
12
-98
-46
-136
-98
-134
-117
-115
-110
-104
-96
-107
-91
-109
-86
-91
-59
-53
6
-17
92
-18
157
-68
159
-141
93
-182
-7
-151
-78
-47
-69
80
9
159
105
146
147
49
93
-65
-34
-124
-168
-91
-233
13
-196
121
-83
165
36
117
97
10
82
-93
19
-135
-34
-106
-36
-43
13
2
74
-4
96
-54
54
-109
-35
-117
-124
-64
-166
31
-146
118
-83
155
-25
131
-10
69
-46
17
-102
10
-139
49
-126
105
-64
137
13
117
60
54
58
-23
11
-71
-48
-69
-81
-33
-73
12
-34
30
7
13
28
-31
22
-78
-2
-105
-23
-115
-32
-115
-35
-113
-40
-112
-51
-98
-55
-64
-37
-16
11
23
70
27
109
-13
93
-69
15
-104
-91
-77
-175
18
-192
147
-132
253
-23
287
77
238
122
128
93
11
13
-68
-80
-91
-148
-67
-178
-23
-170
20
-144
52
-103
76
-54
95
6
105
71
103
132
83
175
52
197
21
205
1
205
-13
202
-26
186
-44
154
-63
98
-72
30
-57
-26
-17
-55
33
-51
74
-32
83
-14
64
-10
35
-18
12
-15
4
12
2
62
-16
110
-62
134
-125
115
-175
67
-186
18
-140
-1
-52
22
45
74
121
129
161
161
171
161
172
143
177
118
182
97
177
66
148
14
105
-67
68
-162
61
-240
95
-270
154
-243
207
-177
225
-107
202
-62
158
-47
123
-44
122
-23
156
33
197
116
213
195
181
234
114
218
37
146
-16
49
-23
-40
14
-103
76
-127
141
-125
186
-107
209
-88
206
-72
187
-69
156
-79
129
-97
115
-107
124
-93
149
-46
166
23
154
83
100
104
16
69
-59
-6
-86
-78
-50
-103
30
-66
107
11
136
76
103
90
34
38
-18
-40
-12
-97
54
-87
139
-20
189
66
168
115
83
94
-16
18
-81
-70
-88
-126
-52
-134
-8
-110
11
-88
-4
-88
-31
-112
-43
-140
-25
-147
13
-133
54
-105
82
-80
99
-60
119
-33
144
14
165
75
156
129
103
143
15
98
-75
9
-126
-84
-120
-143
-71
-146
-19
-115
-3
-87
-30
-95
-76
-141
-104
-192
-86
-215
-26
-183
39
-109
72
-31
49
15
-9
13
-71
-21
-103
-57
-94
-66
-66
-47
-42
-18
-44
-4
-65
-16
-86
-43
-86
-64
-59
-57
-25
-30
-5
1
-13
8
-49
-24
-80
-87
-80
-146
-31
-170
52
-138
132
-66
176
11
156
50
90
27
16
-40
-26
-115
-13
-156
43
-142
100
-90
122
-36
92
-19
33
-48
-18
-93
-22
-115
19
-84
74
-6
102
80
76
129
10
119
-53
71
-68
30
-25
35
50
92
107
165
106
202
52
175
-16
92
-49
3
-28
-45
35
-35
83
6
80
28
16
-6
-71
-91
-122
-187
-105
-232
-23
-199
75
-97
133
25
122
112
52
134
-37
95
-97
30
-103
-25
-64
-54
-6
-55
46
-47
79
-39
95
-30
100
-19
93
-4
66
6
16
-6
-45
-48
-98
-107
-114
-158
-78
-171
1
-122
93
-20
159
100
167
192
119
222
43
182
-21
91
-35
-4
13
-65
108
-69
208
-24
273
41
282
91
239
105
169
88
103
53
58
21
39
4
37
-2
41
-6
47
-12
57
-18
79
-23
110
-18
139
-8
156
-4
153
-13
134
-35
112
-59
91
-73
70
-69
38
-49
-11
-28
-80
-13
-156
-7
-225
-4
-276
0
-302
10
-306
21
-290
32
-254
43
-192
58
-112
86
-25
120
52
154
103
172
130
163
134
136
132
100
124
67
109
42
78
18
32
-10
-20
-34
-62
-44
-88
-27
-107
9
-130
46
-164
60
-197
46
-202
23
-161
21
-74
60
19
128
78
185
76
186
28
114
-14
-1
-11
-98
52
-127
137
-76
182
9
139
64
12
46
-145
-40
-264
-141
-305
-203
-274
-199
-214
-143
-175
-83
-167
-48
-171
-44
-156
-42
-109
-18
-51
23
-17
47
-29
19
-69
-76
-91
-199
-54
-293
49
-308
179
-236
279
-114
298
-3
237
57
131
65
36
51
-18
51
-30
79
-29
124
-35
159
-57
170
-74
158
-68
146
-35
149
11
169
46
187
52
185
39
155
21
109
18
70
33
54
56
59
69
76
65
95
50
113
34
137
25
175
16
225
-9
268
-60
279
-135
235
-211
136
-250
16
-229
-87
-147
-133
-34
-115
66
-56
106
1
75
6
-9
-52
-91
-155
-127
-250
-86
-287
6
-242
104
-132
151
-15
124
50
42
37
-38
-34
-64
-112
-13
-146
92
-113
200
-36
256
40
244
71
180
40
105
-27
61
-98
57
-137
85
-134
115
-95
127
-35
114
30
76
86
17
122
-58
125
-132
88
-186
19
-194
-49
-145
-86
-49
-71
56
-16
130
43
154
72
142
62
129
37
148
44
198
110
240
225
220
330
113
365
-58
295
-227
142
-325
-30
-309
-152
-202
-185
-54
-141
68
-66
130
-11
140
4
131
-13
136
-27
168
-20
212
16
243
69
240
112
198
128
134
109
67
65
21
16
11
-16
26
-11
49
23
54
69
12
86
-72
47
-172
-49
-239
-165
-235
-242
-163
-234
-58
-141
10
-12
-6
83
-99
99
-218
42
-287
-31
-269
-54
-182
2
-88
105
-52
184
-92
186
-164
103
-201
-8
-156
-71
-37
-46
89
51
151
156
114
202
0
164
-122
68
-196
-31
-199
-91
-158
-101
-107
-88
-75
-78
-58
-81
-33
-80
8
-62
55
-28
86
1
83
1
57
-31
34
-76
37
-98
59
-79
74
-34
48
2
-25
-2
-120
-51
-192
-117
-204
-157
-152
-143
-70
-78
9
11
60
93
79
158
83
202
74
226
51
223
11
174
-45
78
-86
-45
-81
-148
-23
-187
67
-148
138
-55
144
37
76
78
-32
63
-128
20
-165
-5
-144
16
-102
71
-78
115
-96
109
-133
48
-149
-35
-116
-97
-37
-110
45
-81
92
-47
83
-40
33
-66
-23
-107
-50
-129
-49
-115
-42
-73
-55
-37
-91
-35
-132
-66
-139
-107
-96
-115
-6
-76
86
0
141
74
133
100
73
61
-2
-33
-47
-137
-40
-215
11
-235
78
-205
125
-143
135
-81
115
-32
77
0
42
26
17
47
0
59
-17
52
-32
18
-35
-32
-15
-81
30
-107
85
-107
124
-95
126
-96
93
-124
47
-167
18
-200
22
-191
47
-128
60
-35
28
41
-50
66
-145
33
-210
-22
-211
-55
-156
-42
-85
4
-42
38
-56
18
-98
-62
-119
-163
-80
-228
17
-216
126
-133
191
-24
175
51
93
62
-6
25
-70
-16
-78
-23
-49
5
-28
41
-35
48
-66
14
-83
-37
-61
-59
-6
-30
47
36
45
91
-28
87
-150
8
-261
-116
-306
-225
-269
-269
-177
-235
-79
-149
-21
-54
-8
14
-20
56
-27
84
-19
119
-6
160
-8
183
-39
168
-93
107
-141
21
-157
-57
-141
-99
-107
-98
-91
-77
-111
-63
-166
-76
-234
-113
-281
-159
-292
-187
-263
-182
-211
-151
-156
-107
-105
-54
-59
2
-16
69
21
151
33
233
-4
284
-95
267
-224
165
-345
-1
-400
-179
-358
-291
-223
-296
-57
-192
66
-36
94
94
21
136
-95
88
-182
0
-185
-63
-104
-50
13
29
94
123
103
175
49
155
-15
83
-34
17
4
3
78
50
131
128
122
186
52
190
-43
141
-120
72
-151
13
-139
-19
-108
-37
-76
-52
-42
-70
6
-73
76
-43
152
24
209
109
218
180
175
211
104
202
31
172
-23
146
-64
128
-110
104
-172
49
-240
-35
-284
-132
-276
-199
-217
-214
-134
-175
-62
-112
-30
-58
-32
-37
-47
-36
-45
-38
-21
-23
10
4
25
21
18
8
-1
-37
-1
-91
37
-115
111
-88
191
-11
236
86
218
161
138
180
21
132
-91
37
-158
-71
-160
-151
-103
-177
-13
-139
71
-59
112
25
91
73
22
59
-59
-8
-109
-93
-102
-150
-42
-157
36
-113
90
-52
102
-8
74
7
36
7
10
11
0
28
-16
47
-55
35
-112
-23
-157
-109
-150
-180
-79
-183
30
-113
115
-3
126
81
53
88
-59
13
-141
-94
-146
-164
-72
-156
28
-78
91
21
84
81
22
80
-42
35
-66
-8
-35
-13
25
18
71
60
81
77
59
54
33
7
30
-37
59
-49
100
-29
123
4
113
26
71
22
13
-9
-33
-52
-54
-91
-43
-110
-6
-104
45
-69
95
-13
129
48
132
92
101
95
50
54
4
-24
-16
-107
6
-166
56
-185
112
-168
146
-134
143
-103
107
-87
55
-91
1
-103
-37
-121
-55
-132
-52
-130
-27
-110
13
-72
50
-20
78
27
82
54
73
58
63
49
64
41
74
48
76
65
53
68
-4
42
-77
-16
-137
-85
-163
-134
-157
-143
-140
-127
-141
-114
-163
-124
-182
-148
-168
-156
-111
-110
-35
-12
11
98
-11
159
-98
132
-192
34
-230
-73
-175
-122
-54
-81
69
15
128
102
107
129
45
95
0
46
8
35
50
77
69
127
23
127
-81
42
-184
-107
-214
-242
-142
-292
-5
-235
122
-112
173
4
139
60
65
60
11
53
12
82
39
154
42
222
-16
228
-121
144
-214
3
-233
-124
-161
-173
-40
-133
50
-52
59
1
-18
-19
-127
-102
-198
-194
-192
-231
-120
-185
-38
-71
3
56
-23
143
-100
165
-183
130
-231
71
-223
21
-168
-5
-93
-8
-30
-12
8
-34
21
-86
28
-153
51
-214
103
-230
168
-190
216
-107
208
-27
129
2
3
-45
-115
-144
-162
-238
-115
-257
9
-180
135
-33
192
110
155
179
47
153
-62
62
-115
-28
-99
-69
-47
-59
-16
-30
-35
-28
-95
-68
-149
-126
-161
-159
-124
-143
-64
-80
-20
-2
-7
58
-19
91
-23
108
-9
131
24
161
52
184
62
181
62
152
71
117
100
107
139
125
153
147
118
130
40
52
-40
-67
-69
-176
-26
-221
62
-190
137
-113
149
-54
94
-59
8
-122
-48
-200
-40
-238
18
-213
82
-142
103
-75
68
-46
6
-57
-47
-84
-66
-102
-51
-96
-24
-74
5
-47
29
-16
59
32
91
95
105
163
81
197
23
176
-47
110
-79
46
-49
33
20
93
76
194
59
270
-37
258
-164
162
-245
39
-224
-35
-113
-13
22
82
104
178
96
205
30
144
-25
41
-12
-33
64
-37
151
18
181
72
129
74
29
15
-60
-61
-93
-92
-74
-51
-51
37
-79
114
-168
127
-284
68
-361
-22
-362
-91
-284
-109
-170
-78
-69
-37
-4
-13
31
-13
60
-17
89
-16
110
-6
105
-6
73
-31
25
-78
-6
-115
-9
-121
10
-85
21
-31
1
8
-49
6
-100
-30
-117
-71
-86
-88
-18
-68
56
-23
103
21
115
42
103
40
82
26
62
6
40
-22
13
-61
-12
-111
-21
-156
0
-168
46
-138
91
-76
106
-18
76
6
16
-19
-37
-73
-50
-122
-22
-136
29
-115
71
-75
83
-41
68
-21
46
-7
31
16
24
56
10
95
-22
115
-68
105
-106
71
-114
39
-85
32
-37
48
-4
66
-1
59
-27
13
-56
-53
-59
-106
-35
-117
-1
-86
5
-33
-36
6
-121
8
-217
-21
-291
-59
-315
-78
-297
-65
-250
-25
-202
23
-154
65
-115
93
-70
106
-20
113
38
120
91
127
130
132
145
130
131
109
83
58
15
-25
-54
-133
-92
-234
-82
-292
-25
-277
53
-192
111
-63
117
60
66
141
-19
165
-93
151
-127
131
-112
127
-73
139
-26
151
9
156
42
153
83
168
132
211
165
277
158
337
89
345
-21
288
-132
180
-197
69
-193
-2
-132
-12
-62
25
-18
66
-16
82
-37
67
-50
47
-33
48
4
80
34
120
24
135
-23
94
-78
5
-94
-92
-49
-151
48
-144
157
-84
223
-13
223
23
170
2
105
-58
66
-119
69
-146
95
-130
110
-93
82
-74
11
-91
-71
-141
-129
-194
-144
-220
-124
-202
-98
-158
-95
-119
-121
-115
-160
-145
-173
-184
-143
-198
-73
-166
6
-98
50
-25
43
12
-1
6
-52
-30
-78
-58
-67
-49
-47
-7
-49
37
-94
44
-171
-3
-233
-81
-235
-141
-165
-134
-49
-45
53
92
86
212
31
257
-77
208
-177
93
-210
-25
-154
-88
-37
-69
86
12
159
109
155
170
87
167
-2
105
-67
23
-78
-45
-32
-63
47
-25
121
52
158
135
140
185
78
183
1
129
-52
52
-57
-11
-13
-33
54
-7
112
42
130
84
105
96
56
73
8
33
-20
-6
-27
-35
-28
-60
-32
-98
-34
-142
-18
-175
32
-170
105
-111
171
-13
190
88
146
146
57
144
-34
97
-85
52
-79
40
-37
77
-1
132
-4
163
-46
144
-93
86
-108
23
-76
-8
-11
1
50
34
77
60
65
57
35
29
15
-4
15
-18
31
-11
42
5
41
19
34
30
34
52
48
102
62
175
49
241
-10
261
-104
209
-196
100
-235
-21
-196
-100
-94
-103
29
-42
117
49
134
120
83
139
-3
103
-87
31
-138
-52
-144
-119
-110
-156
-48
-156
25
-115
88
-46
120
28
112
77
65
84
3
51
-42
4
-53
-26
-35
-24
-17
-3
-25
9
-66
-13
-119
-67
-142
-120
-121
-132
-62
-88
-6
-14
6
45
-37
45
-101
-14
-132
-94
-96
-138
0
-116
107
-39
164
38
144
58
63
-4
-24
-123
-57
-243
-18
-312
74
-307
173
-241
233
-153
238
-73
193
-21
124
1
51
-3
-10
-25
-49
-54
-54
-67
-28
-52
10
-3
34
57
17
85
-45
51
-120
-46
-158
-165
-116
-235
6
-210
156
-88
257
77
261
206
163
253
18
212
-106
129
-163
59
-161
25
-133
12
-117
-9
-120
-60
-110
-124
-63
-163
28
-146
128
-78
192
-4
194
37
153
27
112
-4
110
-6
139
42
163
119
127
165
22
125
-115
-11
-205
-185
-190
-313
-65
-332
107
-238
238
-92
266
25
186
57
57
2
-54
-89
-100
-159
-88
-179
-51
-158
-28
-129
-38
-118
-64
-131
-79
-151
-62
-160
-16
-143
41
-103
95
-52
132
-2
151
37
144
56
117
44
77
-3
38
-78
21
-160
39
-214
89
-218
143
-178
165
-125
138
-96
68
-112
-5
-163
-40
-209
-17
-214
50
-161
124
-66
165
30
157
94
113
113
62
94
25
59
13
20
14
-21
21
-64
36
-105
63
-125
103
-114
146
-67
166
-7
146
34
89
32
21
-13
-13
-70
12
-98
93
-69
196
14
275
113
303
187
274
208
217
172
166
103
148
35
161
-16
187
-46
206
-60
209
-74
200
-82
187
-78
175
-49
161
2
129
61
66
106
-25
116
-131
80
-224
8
-278
-71
-278
-129
-235
-151
-175
-141
-125
-122
-106
-117
-113
-142
-124
-187
-116
-223
-73
-228
-6
-187
58
-112
93
-30
92
32
70
71
50
103
53
148
69
217
81
289
57
334
-6
318
-82
245
-136
141
-129
61
-69
31
11
