-112
-45
-98
8
-56
48
-1
58
46
41
71
4
70
-42
39
-83
-11
-109
-71
-105
-118
-73
-136
-30
-119
0
-86
-7
-66
-53
-91
-108
-160
-130
-238
-85
-269
26
-215
154
-70
243
114
231
255
117
288
-39
207
-170
63
-206
-70
-139
-129
-6
-99
126
-8
197
88
192
151
136
172
59
164
-14
146
-76
122
-136
90
-201
33
-259
-42
-287
-121
-270
-179
-208
-192
-119
-161
-34
-98
30
-25
58
37
49
75
13
75
-38
38
-87
-31
-114
-110
-106
-170
-64
-188
-4
-154
40
-87
48
-13
5
37
-69
50
-143
41
-192
35
-208
46
-199
74
-188
107
-185
122
-185
118
-175
104
-144
95
-98
101
-51
117
-19
131
-10
130
-17
117
-30
97
-45
81
-61
64
-83
42
-107
8
-121
-24
-114
-45
-81
-37
-37
-5
4
33
22
55
26
49
39
30
80
30
151
70
228
152
267
242
243
297
154
280
35
192
-63
66
-101
-54
-68
-123
13
-129
104
-83
168
-16
189
42
173
78
137
91
101
87
76
83
62
83
54
89
37
93
13
86
-19
59
-46
23
-53
-6
-35
-8
3
20
35
66
42
103
14
104
-30
60
-57
-4
-41
-54
18
-57
95
-17
146
33
146
55
100
27
41
-33
15
-86
35
-91
79
-40
110
38
88
103
20
118
-69
88
-132
42
-145
11
-115
11
-68
28
-33
42
-12
37
8
24
42
19
88
40
125
76
131
105
95
100
33
61
-25
4
-59
-44
-60
-67
-46
-64
-33
-47
-30
-33
-30
-20
-24
-2
-12
23
1
42
6
46
8
30
25
13
71
25
136
73
190
147
196
204
143
206
57
143
-11
54
-17
-8
33
-3
102
57
128
117
88
125
6
69
-59
-13
-60
-54
4
-16
70
81
68
165
-28
156
-177
37
-291
-134
-290
-259
-163
-259
23
-136
166
37
192
156
110
164
-4
73
-64
-40
-20
-96
93
-65
204
17
239
81
185
74
80
-4
-9
-107
-43
-175
-29
-185
-13
-151
-34
-115
-104
-115
-195
-151
-261
-194
-276
-211
-241
-180
-185
-110
-144
-30
-138
26
-161
44
-198
21
-221
-31
-218
-91
-183
-138
-121
-156
-45
-136
25
-86
60
-30
49
3
2
-11
-56
-66
-84
-135
-55
-175
32
-155
145
-74
235
37
269
132
238
173
165
153
88
95
36
28
19
-23
20
-50
21
-62
7
-65
-18
-69
-49
-69
-76
-62
-95
-42
-106
-13
-112
23
-112
66
-114
109
-122
142
-138
151
-165
126
-189
69
-190
-1
-153
-53
-82
-63
1
-28
64
30
76
75
41
81
-18
48
-59
2
-57
-19
-13
6
44
69
74
131
59
155
10
122
-39
47
-46
-33
-4
-76
72
-67
144
-26
171
16
149
25
95
4
50
-23
37
-18
57
37
77
129
62
218
-5
260
-110
233
-211
146
-258
45
-235
-30
-156
-54
-62
-40
4
-23
21
-33
4
-78
-16
-138
-12
-171
21
-154
56
-88
59
-4
8
62
-90
76
-199
44
-279
-8
-298
-44
-260
-39
-192
3
-128
62
-95
103
-100
103
-129
59
-155
-18
-157
-95
-124
-148
-68
-158
-13
-124
16
-68
-2
-22
-62
-7
-143
-28
-205
-64
-222
-81
-187
-55
-126
11
-74
89
-57
136
-75
127
-94
69
-78
1
-3
-29
108
-4
215
64
267
124
243
139
171
92
91
9
47
-63
52
-95
77
-81
90
-56
70
-46
25
-66
-9
-96
-7
-104
32
-69
85
8
113
94
98
160
43
185
-30
174
-95
138
-141
88
-168
32
-174
-33
-156
-94
-109
-133
-30
-129
61
-79
133
-9
156
47
124
55
66
15
15
-49
1
-105
24
-131
58
-129
86
-119
91
-115
88
-111
92
-93
103
-53
105
-2
77
26
13
7
-58
-57
-98
-126
-81
-156
-22
-127
31
-64
26
-27
-47
-65
-144
-178
-198
-314
-158
-390
-26
-356
131
-224
233
-62
235
56
151
89
39
55
-33
7
-49
-16
-31
-11
-24
-10
-47
-46
-78
-116
-79
-175
-26
-170
58
-90
115
30
88
112
-28
103
-172
3
-268
-129
-255
-207
-141
-186
8
-80
111
45
127
117
74
102
13
28
-4
-49
37
-89
110
-86
165
-66
175
-59
148
-74
113
-88
86
-79
62
-49
18
-22
-62
-33
-158
-96
-226
-184
-223
-245
-137
-232
-6
-143
110
-16
160
93
136
135
69
109
6
41
-17
-27
-2
-72
32
-95
56
-106
68
-116
73
-115
79
-95
88
-54
86
-1
56
35
5
42
-51
24
-88
-5
-101
-24
-103
-40
-110
-71
-131
-136
-150
-225
-132
-301
-57
-315
59
-238
166
-86
206
81
148
190
9
205
-141
141
-235
55
-229
13
-141
43
-29
127
48
212
64
248
35
218
4
143
5
66
47
18
107
4
148
6
152
1
122
-24
81
-58
56
-80
52
-71
64
-31
77
30
75
93
57
144
30
176
4
190
-16
184
-27
164
-33
127
-29
82
-12
39
15
9
47
7
71
25
67
51
28
62
-48
43
-138
-17
-219
-107
-257
-203
-240
-275
-161
-298
-42
-260
83
-173
180
-64
220
32
201
84
134
83
49
31
-33
-54
-87
-149
-105
-231
-91
-279
-47
-282
8
-234
57
-148
75
-50
52
26
-8
53
-81
28
-124
-23
-107
-60
-28
-46
83
23
174
117
207
190
172
204
102
161
35
87
11
29
23
9
45
21
46
37
13
29
-34
-6
-63
-43
-52
-45
-8
0
33
72
37
134
-6
153
-78
123
-139
73
-163
37
-156
33
-144
42
-156
40
-193
4
-229
-57
-225
-105
-166
-100
-69
-39
21
59
64
141
51
171
8
143
-21
86
-6
37
48
28
113
52
146
84
133
93
77
70
5
23
-53
-24
-83
-49
-89
-41
-83
1
-74
71
-74
153
-92
233
-131
288
-188
295
-245
252
-279
174
-264
94
-200
37
-100
20
-5
28
57
33
71
20
56
-16
35
-48
16
-61
-3
-54
-42
-48
-108
-68
-185
-119
-234
-180
-225
-208
-155
-172
-57
-79
21
33
45
115
17
140
-26
117
-46
82
-29
66
4
76
21
87
2
70
-45
22
-81
-35
-86
-66
-59
-49
-31
0
-34
40
-81
40
-146
-6
-186
-66
-177
-101
-126
-90
-73
-54
-59
-35
-95
-66
-155
-148
-192
-238
-175
-291
-115
-279
-48
-214
-20
-135
-47
-81
-110
-66
-173
-74
-202
-76
-194
-57
-161
-19
-129
19
-103
42
-80
50
-49
51
-10
56
29
57
53
47
62
19
58
-23
55
-66
58
-94
59
-110
48
-122
25
-139
-1
-158
-16
-162
-12
-137
4
-84
8
-25
-14
11
-57
8
-91
-16
-88
-31
-45
-10
13
47
47
107
27
127
-36
86
-103
2
-131
-81
-104
-122
-42
-107
10
-64
18
-33
-19
-41
-74
-83
-111
-134
-112
-168
-86
-180
-57
-181
-35
-190
-16
-202
24
-191
92
-129
166
-14
210
122
189
238
103
296
-15
292
-122
257
-184
221
-205
194
-206
170
-206
129
-194
69
-153
20
-66
16
47
68
136
144
156
185
99
143
13
22
-34
-116
7
-189
125
-148
247
-13
286
136
196
202
8
143
-194
-18
-311
-197
-301
-310
-185
-322
-34
-247
79
-147
122
-71
109
-46
78
-59
58
-88
61
-113
81
-135
108
-147
145
-139
192
-95
240
-8
268
110
244
219
159
279
31
271
-93
207
-168
129
-170
74
-109
67
-19
100
70
153
137
211
182
267
204
318
195
354
153
359
74
314
-21
218
-103
95
-142
-16
-132
-85
-94
-107
-56
-104
-41
-102
-44
-108
-40
-114
-11
-93
44
-34
97
48
119
122
96
152
45
127
0
71
-10
17
21
-7
70
2
105
29
110
51
86
63
47
71
10
83
-32
100
-81
103
-135
81
-180
38
-185
6
-138
11
-52
69
31
156
74
227
66
244
26
199
3
126
23
75
86
71
149
105
166
136
117
119
25
50
-61
-45
-100
-117
-91
-132
-57
-97
-38
-42
-56
1
-96
20
-127
33
-127
66
-105
120
-83
180
-86
209
-112
191
-128
139
-106
90
-35
80
62
116
139
168
163
195
132
170
81
104
47
27
49
-25
76
-44
96
-46
91
-56
63
-85
37
-117
33
-127
56
-97
80
-40
76
15
38
40
-19
29
-60
7
-64
1
-36
25
-7
61
-4
78
-33
52
-68
-14
-76
-86
-40
-124
28
-119
88
-88
110
-62
91
-67
56
-92
42
-103
62
-61
97
32
107
146
62
230
-39
252
-150
218
-225
161
-233
127
-187
133
-129
161
-93
168
-94
125
-105
37
-90
-59
-25
-117
72
-118
155
-82
180
-54
139
-69
57
-134
-15
-215
-38
-260
-6
-235
44
-148
67
-40
35
40
-37
65
-110
47
-137
26
-101
40
-25
98
52
175
83
227
66
223
25
165
0
84
14
21
59
-6
106
-5
117
-8
90
-46
45
-114
25
-181
53
-201
128
-153
211
-47
252
71
232
154
159
176
81
156
33
132
31
135
49
168
50
202
9
197
-66
136
-138
39
-163
-52
-128
-94
-49
-73
28
-12
69
54
66
95
40
106
16
106
15
115
27
133
32
146
17
133
-11
91
-30
37
-23
-1
8
-1
35
24
32
48
-16
39
-89
-9
-156
-78
-181
-132
-158
-146
-110
-119
-66
-74
-45
-41
-42
-30
-40
-35
-21
-36
13
-28
42
-23
52
-41
43
-95
33
-174
49
-239
103
-262
177
-226
233
-152
235
-80
173
-46
71
-64
-26
-107
-83
-143
-87
-142
-59
-98
-34
-35
-32
18
-59
40
-93
33
-115
16
-111
4
-89
11
-66
25
-59
34
-74
24
-96
-2
-113
-32
-111
-46
-90
-35
-65
-3
-52
38
-58
69
-81
81
-109
70
-127
50
-127
25
-108
1
-81
-25
-49
-55
-11
-88
40
-110
107
-101
181
-57
241
20
262
105
228
166
146
181
37
144
-62
81
-123
14
-142
-30
-129
-52
-107
-62
-87
-77
-69
-101
-37
-120
16
-117
83
-85
149
-28
188
30
188
66
155
71
115
49
83
18
75
-2
86
-1
105
18
117
48
117
85
102
117
71
142
28
152
-27
137
-82
102
-127
56
-150
14
-154
-15
-144
-30
-135
-41
-131
-55
-127
-70
-107
-71
-70
-45
-23
12
12
83
15
135
-15
148
-52
124
-69
88
-38
74
27
103
93
162
122
209
101
218
44
169
-13
91
-35
14
-20
-28
15
-35
40
-28
33
-26
6
-36
-25
-42
-46
-34
-65
-6
-99
20
-165
8
-252
-52
-330
-155
-354
-256
-310
-313
-206
-305
-87
-238
8
-149
55
-71
57
-23
37
-2
18
4
11
7
16
13
26
22
40
36
57
63
72
101
71
139
46
158
-6
138
-66
78
-105
4
-100
-51
-52
-60
21
-23
78
38
90
86
62
101
12
78
-28
38
-42
2
-29
-23
-4
-37
26
-45
57
-47
98
-28
144
17
180
88
185
156
142
190
58
170
-34
103
-96
27
-107
-21
-71
-20
-25
22
-8
67
-36
81
-91
51
-140
0
-146
-40
-105
-33
-39
25
14
106
20
168
-24
178
-90
130
-134
55
-119
-6
-47
-18
58
23
152
91
198
140
192
136
158
77
141
-6
171
-72
251
-85
343
-46
405
10
404
41
346
22
269
-40
216
-103
210
-127
244
-93
277
-19
275
56
224
95
150
91
86
64
69
47
95
69
141
119
173
175
166
209
124
202
68
156
16
88
-18
13
-28
-51
-22
-98
-5
-120
16
-111
30
-75
22
-33
-18
-10
-78
-23
-134
-60
-148
-92
-108
-78
-28
-6
44
98
58
173
2
172
-94
79
-170
-63
-171
-187
-89
-234
33
-199
128
-120
150
-57
99
-43
20
-73
-34
-105
-35
-94
1
-34
35
49
33
114
-1
129
-39
110
-43
81
-1
78
66
107
125
149
144
169
117
148
65
83
13
-2
-16
-88
-15
-151
8
-178
45
-166
82
-113
105
-28
102
69
58
147
-20
184
-113
177
-190
135
-231
86
-231
40
-205
-1
-173
-51
-134
-117
-74
-174
21
-190
146
-138
265
-25
326
100
296
177
190
169
64
91
-16
-2
-16
-49
48
-30
124
35
158
93
140
107
101
82
83
59
103
68
137
117
141
164
88
165
-6
102
-91
6
-116
-62
-72
-55
-4
17
33
107
1
152
-78
127
-148
60
-154
13
-86
32
13
110
82
197
81
235
27
197
-28
112
-30
35
33
16
126
61
196
133
209
190
162
208
91
194
25
168
-26
144
-71
113
-124
57
-175
-30
-201
-129
-177
-200
-100
-211
-4
-165
69
-93
88
-45
58
-40
15
-66
-3
-89
20
-77
66
-28
105
37
115
90
100
116
83
127
83
139
98
162
110
180
102
168
76
113
53
30
64
-45
115
-83
187
-73
238
-39
242
-22
199
-38
139
-77
100
-101
98
-83
109
-23
91
40
23
57
-81
1
-168
-105
-180
-201
-96
-221
54
-146
198
-8
266
120
234
173
136
133
40
37
6
-42
43
-54
114
8
148
99
106
153
-13
127
-148
36
-233
-65
-228
-110
-147
-68
-48
43
11
170
4
252
-54
273
-115
252
-133
229
-104
236
-52
268
-14
301
-8
305
-25
275
-38
233
-25
208
4
206
21
210
0
179
-50
95
-99
-33
-93
-148
-13
-198
118
-162
243
-64
305
36
278
78
187
41
92
-47
44
-136
57
-179
111
-165
159
-119
165
-70
122
-49
51
-59
-22
-91
-78
-128
-110
-157
-119
-174
-109
-170
-84
-139
-58
-88
-49
-35
-69
-12
-116
-40
-167
-118
-177
-208
-117
-255
5
-225
144
-119
240
16
253
120
181
155
74
125
-18
70
-59
36
-56
40
-41
73
-46
105
-80
108
-124
83
-148
51
-138
32
-102
33
-57
48
-19
64
5
76
24
88
33
100
27
104
-1
83
-50
31
-95
-42
-103
-95
-66
-90
-1
-14
43
100
25
190
-64
209
-185
141
-267
34
-255
-45
-143
-44
18
41
159
160
228
252
223
279
174
238
132
163
119
92
127
35
129
-19
112
-86
83
-163
65
-228
76
-244
108
-197
127
-105
101
-15
14
31
-104
21
-209
-28
-253
-70
-230
-70
-157
-22
-83
52
-39
114
-35
134
-49
115
-56
77
-33
54
11
61
51
89
57
110
17
94
-52
37
-115
-47
-136
-116
-107
-136
-48
-100
4
-35
12
13
-24
14
-71
-29
-85
-79
-35
-81
63
-11
155
108
180
213
115
237
-9
161
-122
26
-155
-88
-90
-117
21
-52
103
55
97
124
6
105
-110
11
-173
-95
-141
-140
-39
-95
69
6
115
99
86
130
18
100
-32
48
-29
23
13
41
51
79
50
95
7
66
-43
6
-61
-37
-33
-33
8
14
16
62
-32
66
-113
13
-180
-71
-187
-124
-127
-110
-45
-32
5
59
-13
109
-90
88
-172
16
-212
-66
-192
-115
-127
-117
-62
-93
-23
-76
-10
-76
-3
-86
16
-83
54
-48
91
11
100
76
69
115
4
111
-75
69
-141
1
-176
-69
-173
-124
-136
-146
-83
-127
-31
-78
-11
-15
-39
23
-112
13
-210
-50
-294
-145
-329
-233
-305
-277
-239
-269
-167
-223
-116
-165
-98
-119
-96
-88
-96
-63
-87
-35
-79
-7
-81
1
-97
-23
-112
-74
-107
-124
-71
-155
-16
-155
30
-141
49
-136
42
-153
31
-177
42
-176
82
-125
120
-28
127
81
71
154
-37
165
-153
119
-236
54
-260
10
-233
4
-192
18
-165
28
-164
5
-171
-45
-158
-101
-100
-126
-8
-98
93
-12
170
114
193
238
142
328
28
344
-117
276
-243
146
-301
2
-260
-90
-122
-83
58
30
202
194
248
332
185
380
54
313
-73
173
-123
35
-80
-40
27
-26
133
49
185
139
161
202
81
215
-18
189
-107
142
-166
87
-196
37
-191
5
-156
1
-100
37
-48
94
-28
141
-49
145
-100
94
-139
10
-129
-57
-64
-71
19
-33
71
20
61
33
3
-11
-57
-88
-64
-140
-14
-124
57
-48
87
34
47
63
-37
16
-105
-65
-96
-110
-6
-68
109
48
173
173
144
231
46
194
-51
93
-83
6
-31
-16
58
30
119
95
108
122
40
88
-36
17
-71
-45
-55
-64
-21
-51
-1
-35
-8
-44
-21
-69
-1
-77
58
-41
134
40
182
124
177
168
133
151
91
103
91
64
129
66
170
91
170
95
115
44
36
-58
-16
-166
-10
-228
40
-223
83
-176
76
-139
13
-151
-58
-192
-90
-219
-63
-187
-2
-94
32
11
4
66
-78
41
-157
-41
-175
-117
-112
-131
-10
-75
67
9
69
61
0
44
-96
-32
-166
-119
-176
-172
-137
-169
-83
-121
-42
-49
-29
31
-35
109
-56
180
-95
226
-150
226
-211
168
-247
75
-225
-12
-134
-45
-8
-14
100
50
139
90
99
62
18
-35
-43
-151
-43
-233
13
-241
82
-191
122
-118
107
-63
59
-34
7
-22
-22
-1
-28
31
-32
60
-44
66
-61
43
-61
11
-30
-6
23
3
74
23
93
28
82
4
62
-37
63
-64
91
-49
122
4
119
57
64
69
-24
24
-97
-48
-110
-95
-57
-78
23
0
72
87
54
123
-16
80
-86
-18
-94
-112
-21
-143
103
-93
211
3
254
88
218
115
139
78
68
12
45
-41
73
-47
124
-7
160
54
152
101
100
107
24
65
-45
-10
-82
-95
-73
-159
-22
-178
46
-151
100
-94
108
-46
60
-41
-26
-93
-112
-187
-156
-281
-140
-337
-81
-340
-8
-304
46
-257
76
-214
96
-169
129
-101
169
2
193
118
165
199
74
200
-44
112
-126
-20
-119
-119
-16
-127
128
-37
231
97
233
190
130
189
-17
100
-131
-21
-166
-103
-128
-112
-71
-66
-49
-14
-80
-1
-135
-28
-171
-64
-157
-74
-105
-42
-50
4
-27
28
-33
10
-36
-35
-5
-61
64
-41
141
21
171
83
128
91
31
28
-66
-80
-110
-165
-83
-173
-23
-100
-1
1
-63
56
-203
11
-354
-119
-432
-265
-386
-344
-231
-302
-40
-159
100
18
136
147
84
184
1
140
-40
76
-13
49
66
82
142
150
165
203
122
196
43
122
-18
18
-23
-69
35
-98
123
-69
197
-6
226
51
201
77
146
66
87
33
42
-8
23
-41
17
-58
21
-62
30
-45
38
-9
39
42
20
91
-26
118
-93
107
-158
64
-194
12
-183
-17
-134
-7
-74
33
-39
71
-44
74
-78
30
-103
-39
-84
-86
-19
-78
72
-6
135
98
134
189
69
226
-32
206
-122
158
-168
115
-170
100
-151
103
-139
100
-141
75
-146
32
-129
-6
-79
-10
-18
26
20
73
6
92
-59
54
-137
-32
-185
-122
-170
-167
-100
-139
-21
-52
21
49
-1
116
-71
125
-145
94
-181
57
-170
48
-129
68
-100
87
-107
72
-142
0
-173
-106
-161
-205
-88
-252
21
-231
125
-157
181
-75
173
-19
119
-4
57
-18
18
-32
8
-25
21
2
32
37
27
60
8
64
-13
51
-25
32
-26
11
-25
-16
-27
-54
-32
-107
-25
-162
6
-198
61
-199
122
-164
167
-111
178
-70
154
-54
113
-66
81
-89
68
-103
74
-106
76
-103
65
-115
45
-144
30
-175
38
-183
73
-146
108
-65
111
27
56
83
-48
74
-158
6
-220
-75
-194
-107
-91
-54
42
76
136
231
147
337
80
349
-16
269
-73
148
-48
55
55
34
182
83
268
157
271
192
192
152
81
42
-8
-96
-34
-211
3
-270
75
-270
138
-235
172
-188
175
-146
164
-108
148
-64
129
-14
98
26
49
44
-15
33
-66
5
-91
-8
-84
11
-68
57
-74
106
-118
119
-194
81
-264
2
-288
-77
-245
-110
-151
-79
-45
5
22
100
30
165
-12
177
-73
137
-117
73
-122
13
-86
-23
-28
-29
34
-9
83
29
110
71
107
105
74
115
21
95
-34
49
-69
2
-73
-24
-50
-15
-24
18
-21
54
-49
63
-95
42
-126
13
-119
8
-78
47
-35
115
-21
176
-52
192
-110
153
-156
81
-156
16
-104
-15
-31
-12
26
-11
47
-35
49
-93
66
-144
121
-155
202
-97
264
6
259
98
166
124
18
69
-121
-37
-195
-134
-190
-173
-136
-146
-88
-87
-83
-47
-124
-54
-177
-103
-202
-161
-180
-192
-124
-189
-66
-165
-32
-144
-24
-139
-28
-147
-25
-152
-7
-139
16
-107
33
-65
36
-21
24
16
0
46
-31
61
-70
51
-114
8
-144
-57
-141
-119
-91
-146
-3
-111
86
-25
129
73
100
131
5
114
-115
29
-202
-83
-218
-171
-165
-199
-75
-165
6
-97
50
-29
50
15
24
26
-4
17
-17
0
-13
-11
4
-8
28
11
45
45
43
84
13
110
-45
107
-119
71
-185
9
-219
-50
-208
-85
-161
-86
-100
-63
-47
-37
-5
-21
37
-10
91
12
157
57
218
120
245
175
222
192
158
156
83
84
28
4
6
-55
5
-88
3
-107
-8
-124
-23
-136
-18
-117
12
-46
47
74
44
203
-30
272
-163
247
-305
127
-378
-16
-342
-105
-207
-94
-49
0
49
103
40
136
-47
62
-141
-80
-160
-209
-78
-245
59
-170
170
-32
180
81
79
100
-78
20
-205
-110
-240
-204
-175
-216
-69
-147
13
-52
25
4
-20
-8
-71
-70
-73
-133
-6
-145
107
-87
210
9
256
94
230
124
161
92
95
24
70
-36
89
-60
128
-44
151
-12
137
6
88
-5
33
-35
-7
-63
-15
-66
-3
-34
10
20
1
75
-32
112
-83
122
-131
110
-165
83
-174
53
-156
25
-116
11
-52
18
23
52
94
110
141
176
150
225
118
238
59
209
1
156
-36
101
-44
66
-37
54
-36
50
-52
36
-84
0
-113
-48
-119
-93
-95
