25
175
105
145
163
52
167
-65
126
-156
71
-192
38
-180
49
-148
95
-126
151
-129
188
-155
194
-190
169
-223
113
-247
28
-259
-83
-244
-211
-192
-321
-88
-375
51
-356
178
-263
261
-139
262
-41
187
-5
88
-32
4
-83
-20
-114
15
-98
78
-46
130
23
157
74
165
112
174
148
187
202
193
268
165
312
89
303
-20
230
-115
116
-151
22
-111
-10
-28
34
45
120
59
192
11
206
-67
159
-122
86
-124
28
-78
6
-22
1
13
-23
22
-77
35
-149
84
-190
177
-161
279
-60
327
63
282
139
146
120
-20
13
-138
-124
-162
-217
-95
-224
2
-158
70
-70
71
-14
25
-13
-24
-44
-38
-65
-9
-49
35
-4
57
48
37
74
-9
62
-56
38
-83
19
-91
19
-98
25
-120
21
-154
0
-179
-20
-180
-11
-163
35
-155
102
-187
149
-270
139
-371
66
-441
-35
-441
-118
-366
-142
-250
-112
-140
-53
-63
-2
-16
26
21
46
66
76
103
112
112
129
74
92
6
-7
-45
-134
-42
-226
25
-233
113
-150
148
-35
78
32
-85
-1
-276
-131
-403
-284
-412
-377
-303
-358
-147
-236
-22
-73
23
64
-8
135
-74
139
-126
106
-143
65
-132
25
-110
-18
-91
-72
-70
-124
-40
-168
-4
-192
29
-199
48
-201
51
-207
48
-211
58
-195
78
-151
93
-86
83
-30
36
-8
-33
-33
-91
-80
-107
-114
-81
-112
-44
-77
-27
-42
-47
-35
-88
-62
-119
-97
-112
-107
-72
-74
-30
-15
-19
38
-49
46
-96
11
-122
-38
-99
-64
-40
-49
27
-3
62
40
54
54
22
36
-9
10
-18
-1
-16
8
-21
21
-46
14
-82
-14
-105
-51
-91
-66
-46
-47
9
-4
46
32
55
42
56
28
75
21
118
47
163
105
169
158
112
163
-1
93
-119
-33
-187
-154
-182
-221
-127
-214
-71
-165
-59
-122
-96
-118
-145
-149
-165
-175
-135
-165
-75
-113
-29
-52
-25
-23
-59
-49
-88
-107
-78
-149
-18
-141
59
-79
107
-6
88
32
19
3
-59
-70
-88
-140
-52
-160
30
-111
110
-21
142
64
113
105
45
89
-25
34
-62
-28
-59
-72
-28
-88
11
-82
37
-65
46
-47
36
-38
17
-40
-1
-51
-8
-62
4
-61
36
-36
74
9
100
60
102
95
76
95
39
65
12
24
11
-5
33
-7
52
9
51
27
23
27
-18
10
-50
-5
-55
2
-37
39
-20
91
-16
136
-36
151
-59
141
-61
117
-36
105
8
105
49
106
66
86
59
34
54
-35
73
-81
121
-74
174
-10
196
83
156
163
47
184
-94
144
-216
64
-275
-13
-257
-46
-180
-22
-86
42
-13
114
22
159
17
160
-3
115
-18
42
-7
-33
30
-85
84
-103
132
-86
150
-53
129
-25
67
-18
-12
-34
-86
-61
-132
-78
-141
-67
-127
-28
-105
25
-93
74
-95
105
-98
115
-93
114
-74
116
-47
119
-23
120
-18
106
-29
71
-41
22
-42
-25
-24
-45
13
-33
47
10
61
65
45
109
1
127
-56
115
-101
81
-119
43
-102
21
-56
21
0
44
51
74
80
96
89
98
86
81
86
59
98
46
120
49
136
64
131
71
96
53
42
-4
-5
-85
-21
-161
8
-206
69
-202
139
-158
188
-97
199
-42
170
-14
119
-15
66
-37
25
-74
3
-111
1
-144
17
-164
45
-163
74
-146
92
-122
85
-109
52
-124
10
-163
-20
-205
-15
-223
18
-190
57
-116
62
-33
16
19
-75
14
-169
-40
-224
-104
-212
-133
-144
-107
-62
-40
-5
28
5
66
-17
58
-37
25
-31
-1
5
0
47
23
66
46
57
49
32
36
17
30
34
59
64
129
83
218
59
284
-4
295
-78
255
-116
198
-91
168
-14
189
71
249
116
298
98
295
30
214
-37
85
-57
-44
-11
-117
81
-111
173
-37
211
60
173
133
66
148
-70
103
-188
22
-252
-57
-248
-100
-190
-91
-112
-40
-47
28
-16
78
-18
92
-33
72
-33
43
-4
30
40
40
74
54
76
45
47
-13
20
-103
37
-177
120
-187
245
-107
356
35
390
166
317
220
175
168
35
49
-30
-63
-4
-104
75
-63
134
13
122
59
41
31
-49
-48
-83
-113
-32
-103
65
-7
136
122
124
207
33
193
-85
92
-147
-37
-108
-111
8
-95
134
-11
199
74
169
100
70
45
-38
-62
-100
-172
-95
-233
-45
-233
17
-181
57
-98
60
-8
24
65
-44
100
-132
86
-214
19
-259
-71
-235
-137
-146
-143
-22
-83
77
10
105
69
55
54
-28
-33
-78
-134
-55
-180
28
-139
108
-37
122
57
43
75
-81
7
-180
-103
-194
-181
-117
-184
-1
-117
86
-31
113
22
93
27
73
13
81
21
112
63
124
113
83
122
-4
65
-94
-42
-129
-144
-88
-188
3
-164
91
-103
136
-49
141
-25
139
-13
161
23
200
100
216
183
163
215
47
148
-83
3
-148
-154
-100
-233
35
-187
180
-46
250
111
204
203
79
202
-47
151
-110
106
-98
117
-51
170
-25
226
-40
243
-78
216
-99
177
-81
159
-40
166
-16
167
-25
127
-52
44
-57
-45
-5
-81
90
-42
169
42
174
95
91
59
-29
-64
-96
-207
-57
-274
78
-213
221
-47
272
123
180
198
-21
127
-225
-43
-336
-221
-315
-318
-194
-299
-66
-204
1
-104
-13
-50
-72
-54
-127
-86
-134
-107
-100
-98
-49
-64
-3
-21
27
21
49
68
66
123
71
184
47
228
-9
232
-87
187
-154
110
-182
33
-162
-21
-105
-37
-40
-28
18
-15
62
-2
100
13
136
42
167
83
175
117
146
118
88
75
24
-1
-16
-80
-15
-132
15
-141
45
-117
50
-88
17
-81
-37
-103
-87
-137
-107
-159
-94
-156
-64
-125
-37
-83
-30
-52
-43
-43
-58
-54
-62
-71
-41
-74
-6
-57
31
-28
49
6
46
22
21
15
-9
-15
-28
-51
-25
-81
-2
-98
33
-98
71
-86
105
-66
132
-38
154
-6
164
30
153
58
121
60
71
30
21
-25
-6
-86
7
-120
52
-113
103
-70
134
-22
125
4
91
-8
59
-38
62
-53
106
-24
161
52
188
141
155
197
64
186
-55
110
-148
2
-189
-92
-165
-141
-107
-138
-45
-103
-9
-53
-1
-13
-11
18
-25
33
-38
42
-42
37
-35
30
-10
26
30
36
75
60
106
86
110
87
83
49
50
-21
38
-95
62
-139
118
-132
175
-86
197
-34
171
-5
117
-13
66
-36
46
-46
57
-27
81
16
86
47
62
49
25
20
6
-23
17
-47
51
-40
79
-23
76
-16
39
-43
-6
-91
-33
-132
-28
-142
-5
-113
8
-70
-9
-38
-47
-31
-83
-36
-93
-28
-78
2
-62
45
-70
62
-109
30
-151
-52
-161
-140
-115
-194
-23
-188
71
-134
120
-75
106
-50
46
-69
-16
-108
-51
-132
-53
-122
-48
-86
-57
-46
-85
-22
-116
-9
-124
19
-112
75
-96
141
-111
182
-163
158
-229
64
-257
-60
-203
-146
-69
-147
88
-67
201
37
215
97
141
66
40
-35
-16
-144
9
-187
98
-133
179
-10
190
112
106
168
-36
138
-170
57
-238
-16
-225
-40
-165
-10
-112
36
-100
50
-124
3
-143
-83
-116
-166
-24
-199
105
-165
219
-90
273
-24
255
-3
190
-37
121
-95
90
-136
99
-129
119
-74
117
-4
65
45
-25
42
-119
2
-176
-45
-175
-64
-130
-40
-69
14
-28
69
-20
98
-37
93
-57
67
-63
32
-54
4
-42
-25
-37
-59
-38
-98
-30
-130
-9
-134
25
-102
45
-47
35
-4
-21
-6
-90
-59
-135
-135
-115
-186
-23
-168
107
-74
216
63
255
185
210
241
108
216
-1
131
-74
23
-90
-66
-62
-120
-13
-142
34
-143
69
-127
95
-102
115
-58
126
-7
120
44
98
84
65
106
30
117
4
122
-14
127
-32
122
-53
103
-76
62
-86
15
-71
-21
-29
-26
25
3
68
49
83
91
70
115
45
124
25
134
19
156
17
192
-2
216
-52
202
-120
141
-177
41
-195
-60
-155
-132
-74
-151
21
-132
94
-93
134
-64
148
-43
155
-27
168
1
182
42
186
81
166
98
132
81
100
40
96
1
131
-12
189
11
238
51
249
76
216
63
163
7
120
-63
112
-112
137
-117
172
-82
182
-31
149
0
80
-7
3
-48
-48
-100
-54
-134
-13
-135
53
-100
122
-43
175
16
205
65
211
95
201
95
180
67
163
21
161
-24
179
-51
208
-43
229
-8
215
25
156
30
62
-12
-29
-83
-75
-144
-60
-152
-4
-93
51
3
59
87
11
111
-69
66
-122
-15
-111
-78
-32
-82
75
-30
153
40
163
74
113
42
45
-35
8
-121
23
-165
74
-156
122
-110
135
-63
106
-39
54
-40
12
-50
-6
-49
-4
-33
3
-14
-1
-6
-6
-11
-2
-13
17
1
42
30
46
54
12
46
-49
-14
-110
-108
-129
-199
-94
-244
-19
-226
53
-166
85
-107
67
-83
21
-98
-11
-124
-3
-126
42
-81
91
-4
103
71
64
105
-13
86
-92
28
-139
-31
-144
-66
-124
-71
-108
-63
-112
-65
-135
-86
-155
-117
-151
-136
-116
-124
-71
-86
-35
-42
-29
-18
-45
-37
-57
-86
-37
-134
29
-146
127
-107
218
-31
266
48
245
83
170
60
82
-12
19
-91
8
-136
35
-126
66
-76
62
-25
11
-13
-63
-44
-119
-92
-122
-117
-70
-89
4
-16
55
64
58
107
22
91
-12
37
-2
-8
59
-5
143
54
199
129
192
174
119
156
28
86
-33
12
-37
-21
-1
3
27
56
9
87
-60
57
-144
-28
-184
-129
-149
-186
-45
-168
76
-86
158
17
168
83
112
85
32
32
-30
-42
-45
-103
-23
-127
14
-120
43
-97
52
-68
47
-37
35
-2
18
36
-10
64
-50
66
-97
31
-127
-28
-119
-87
-57
-112
47
-81
159
-2
239
94
252
165
201
174
112
120
28
21
-10
-76
12
-132
78
-125
156
-64
203
19
202
90
156
123
93
122
38
100
16
75
20
58
42
50
69
39
95
21
119
1
148
-18
177
-25
197
-26
198
-30
177
-44
138
-66
94
-88
57
-95
23
-84
-14
-59
-63
-30
-122
-10
-185
-3
-236
0
-267
3
-274
9
-264
18
-238
24
-198
33
-141
47
-73
78
-4
118
52
158
81
185
82
186
68
167
52
139
41
111
29
85
12
56
-13
18
-36
-19
-46
-44
-40
-45
-29
-28
-28
-6
-47
-5
-75
-25
-88
-48
-65
-45
-8
7
48
93
66
174
22
199
-63
150
-140
57
-158
-23
-103
-41
-12
10
50
90
39
132
-46
95
-156
-12
-225
-140
-218
-229
-146
-248
-59
-211
-1
-162
7
-132
-12
-124
-25
-111
-20
-71
-9
-9
-28
38
-91
32
-175
-41
-234
-148
-218
-233
-124
-243
16
-174
136
-62
190
36
170
80
112
71
64
40
54
26
78
44
103
85
108
120
86
135
54
132
34
133
35
148
45
180
42
210
16
213
-25
186
-62
137
-73
93
-56
66
-24
59
6
64
24
72
30
81
37
98
45
134
47
187
26
239
-28
260
-111
231
-200
148
-254
42
-247
-47
-175
-85
-66
-62
35
-6
84
45
68
43
6
-30
-54
-148
-64
-260
-6
-310
99
-276
199
-177
238
-66
192
1
83
-6
-33
-69
-99
-136
-89
-156
-20
-110
59
-21
100
64
85
100
33
75
-12
4
-18
-70
30
-118
110
-122
194
-92
255
-40
277
18
263
73
208
109
124
112
22
80
-74
18
-135
-43
-143
-73
-105
-54
-50
4
-16
64
-17
90
-38
73
-44
40
-1
35
83
90
169
194
199
292
139
322
10
251
-128
101
-205
-62
-182
-173
-81
-192
47
-134
144
-45
175
27
153
52
116
45
98
30
116
34
155
64
190
105
198
133
173
134
129
101
82
42
49
-19
45
-59
63
-60
78
-25
67
23
4
48
-103
17
-226
-69
-311
-175
-319
-243
-247
-226
-136
-129
-52
4
-42
102
-102
116
-185
57
-221
-18
-173
-40
-64
15
40
119
76
200
23
206
-74
127
-144
19
-136
-42
-58
-17
30
78
60
178
-1
214
-127
163
-250
52
-313
-64
-298
-138
-228
-163
-148
-162
-83
-157
-35
-158
13
-152
73
-122
131
-68
163
-13
157
14
122
10
86
-7
74
-6
83
30
88
84
55
122
-23
107
-119
37
-190
-54
-199
-127
-149
-149
-69
-122
4
-66
47
-10
54
33
42
66
18
89
-16
97
-69
69
-127
2
-163
-86
-147
-152
-68
-153
49
-80
153
42
192
154
154
206
73
192
-4
139
-35
97
-18
91
9
114
4
124
-49
87
-127
-2
-182
-110
-188
-190
-142
-211
-81
-184
-42
-141
-48
-119
-81
-127
-109
-143
-101
-141
-62
-101
-16
-40
6
12
-4
24
-28
-1
-35
-42
2
-59
71
-30
139
31
161
90
122
102
31
49
-66
-54
-123
-167
-119
-247
-61
-267
22
-231
95
-162
134
-90
141
-32
131
11
115
45
101
73
86
87
59
77
25
40
-6
-20
-16
-77
-4
-115
22
-127
37
-126
25
-134
-15
-168
-56
-216
-68
-246
-40
-231
16
-158
62
-52
64
39
16
81
-56
66
-105
28
-101
8
-48
28
11
79
31
115
-5
88
-75
-3
-124
-122
-110
-211
-37
-223
55
-165
111
-81
90
-28
8
-34
-83
-83
-136
-127
-130
-131
-86
-90
-47
-33
-40
1
-53
-2
-56
-16
-21
-5
46
55
106
149
110
223
37
229
-86
148
-202
13
-255
-119
-230
-194
-153
-199
-75
-158
-35
-106
-40
-77
-68
-69
-90
-64
-90
-41
-78
0
-79
37
-100
47
-139
23
-166
-20
-161
-49
-121
-45
-68
-2
-35
52
-45
90
-98
86
-170
41
-231
-22
-261
-79
-255
-115
-227
-129
-192
-129
-161
-120
-125
-100
-84
-57
-40
10
-13
94
-26
158
-90
166
-190
100
-283
-29
-315
-165
-258
-239
-122
-212
34
-86
138
83
134
209
25
240
-134
167
-260
47
-298
-52
-240
-76
-138
-30
-54
40
-28
74
-52
48
-72
-16
-44
-66
47
-54
170
25
264
138
286
230
233
263
134
238
40
180
-22
123
-56
79
-75
42
-97
-3
-115
-53
-111
-93
-73
-95
-16
-56
37
9
60
69
42
98
8
98
-22
88
-30
91
-29
103
-37
112
-71
90
-121
33
-159
-43
-158
-100
-115
-110
-53
-78
-10
-29
-6
4
-37
2
-75
-23
-90
-50
-77
-58
-49
-49
-30
-45
-31
-64
-39
-109
-28
-156
23
-171
107
-129
194
-38
243
74
228
162
146
190
25
151
-91
61
-162
-45
-165
-123
-108
-148
-17
-112
69
-33
115
49
100
96
36
84
-42
16
-88
-69
-79
-127
-22
-136
52
-99
103
-46
108
-11
74
-4
32
-18
2
-25
-10
-19
-25
-9
-62
-26
-117
-84
-158
-165
-149
-227
-77
-217
30
-127
112
3
119
108
42
136
-77
79
-165
-15
-175
-78
-105
-69
-5
4
62
89
64
129
14
103
-38
30
-47
-40
-2
-71
70
-61
127
-35
141
-25
119
-48
88
-86
77
-111
93
-100
117
-49
123
16
94
71
35
94
-35
86
-91
57
-115
25
-105
-1
-65
-10
-6
0
56
25
100
52
115
59
96
29
56
-41
19
-136
6
-230
34
-286
88
-291
148
-251
186
-183
189
-115
155
-62
103
-27
52
-8
12
-2
-11
-2
-14
-2
1
6
24
21
43
37
49
45
33
31
4
-6
-23
-51
-35
-84
-31
-89
-26
-73
-40
-54
-78
-56
-126
-78
-154
-104
-146
-107
-105
-75
-57
-23
-32
16
-36
18
-48
-9
-38
-31
7
-14
59
46
75
112
16
127
-107
57
-237
-74
-306
-204
-275
-262
-168
-216
-49
-100
15
18
8
86
-34
96
-52
91
-16
119
53
190
96
260
68
264
-24
166
-122
-7
-151
-177
-86
-270
42
-257
158
-177
197
-97
154
-66
74
-77
16
-82
16
-34
45
67
51
175
-4
226
-107
187
-200
89
-221
-6
-156
-33
-47
14
32
88
25
119
-66
66
-188
-58
-267
-197
-265
-280
-191
-275
-98
-195
-42
-89
-46
-10
-99
18
-157
4
-180
-25
-151
-36
-78
-19
4
21
69
58
99
70
98
41
85
-14
84
-72
107
-100
146
-81
170
-28
142
20
50
12
-83
-69
-200
-200
-241
-318
-179
-357
-40
-291
106
-146
184
1
164
81
74
74
-23
4
-70
-63
-51
-79
-1
-46
26
5
-2
27
-69
3
-134
-43
-154
-69
-124
-50
-69
11
-27
81
-16
129
-25
144
-29
143
-10
142
27
148
57
147
69
122
67
74
72
27
99
8
132
25
140
52
98
48
13
-10
-72
-105
-103
-189
-63
-206
28
-146
110
-48
129
27
83
33
9
-28
-34
-110
-13
-161
57
-153
131
-105
160
-62
127
-54
65
-86
7
-129
-21
-156
-20
-153
-8
-129
2
-95
10
-52
23
8
39
86
42
165
13
207
-49
192
-114
125
-135
54
-93
35
-6
86
68
177
71
244
-8
229
-121
134
-192
14
-166
-48
-57
-11
73
103
145
218
124
263
44
217
-23
122
-24
49
46
41
127
82
158
114
111
88
16
0
-64
-106
-87
-167
-59
-148
-32
-75
-59
-6
-152
11
-275
-34
-366
-102
-379
-142
-318
-125
-220
-61
-131
12
-71
66
-35
87
1
95
45
100
87
105
109
91
103
45
85
-25
78
-88
95
-120
124
-110
135
-76
105
-53
36
-64
-42
-103
-93
-144
-99
-156
-65
-126
-25
-71
-4
-18
-8
13
-27
19
-42
13
-48
-1
-45
-22
-42
-55
-35
-99
-8
-133
44
-137
115
-97
177
-25
202
45
173
77
107
58
40
5
8
-49
16
-73
47
-68
72
-49
69
-41
45
-49
17
-66
2
-69
-4
-52
-13
-28
-42
-14
-86
-23
-124
-46
-134
-57
-109
-33
-69
17
-42
76
-45
106
-75
98
-104
62
-102
33
-67
33
-19
66
7
108
-13
128
-73
101
-148
36
-204
-39
-219
-98
-196
-124
-153
-116
-116
-92
-91
-69
-77
-49
-62
-34
-42
-15
-14
10
14
42
35
78
39
109
22
120
-19
102
-74
44
-122
-41
-136
-125
-100
-173
-19
-157
82
-76
158
42
177
148
133
206
51
205
-26
164
-64
117
-60
85
-28
71
9
62
35
49
62
37
95
49
136
96
164
175
148
250
74
284
-47
256
-169
180
-245
102
-251
62
-199
80
-133
136
-91
193
-86
211
-96
193
-93
158
-55
135
7
137
62
144
78
120
52
45
16
-75
9
-199
56
-274
147
-274
238
-211
281
-127
253
-68
170
-59
74
-83
8
-110
-10
-101
3
-54
12
6
-13
40
-70
28
-132
-28
-169
-97
-156
-146
-112
-157
-63
-145
-44
-139
-62
-164
-98
-218
-117
-274
-97
-296
-41
-263
20
-186
49
-96
31
-35
-25
-16
-81
-24
-104
-26
-88
3
-57
61
-48
112
-82
121
-148
66
-203
-23
-204
-100
-137
-112
-28
-44
61
73
81
177
13
210
-110
151
-219
36
-257
-78
-202
-132
-78
-100
57
-6
144
105
156
178
105
187
28
134
-27
57
-32
-9
12
-29
86
4
147
76
168
150
132
192
56
183
-33
122
-92
42
-98
-23
-47
-46
33
-19
110
31
146
76
141
89
109
67
73
28
49
-10
39
-39
23
-66
-4
-104
-34
-150
-48
-185
-31
-179
14
-118
59
-16
66
88
23
151
-54
152
-119
110
-134
66
-86
59
3
98
83
152
119
182
110
161
79
99
66
32
85
-6
123
-3
144
26
121
47
54
40
-30
7
-100
-28
-139
-45
-150
-38
-151
-21
-148
-6
-136
8
-102
35
-43
93
20
173
61
246
53
275
1
232
-56
132
-74
18
-27
-55
71
-54
176
7
236
93
218
157
129
164
3
112
-119
23
-201
-77
-233
-161
-216
-215
-163
-225
-88
-190
-18
-122
30
-41
39
20
12
46
-28
35
-53
13
-46
8
-13
33
18
73
19
97
-16
78
-64
21
-89
-43
-65
-74
-8
-53
45
-6
54
25
7
0
-63
-81
-101
-175
-75
-226
11
-202
107
-115
150
-22
114
20
18
-18
-81
-114
-126
-211
-95
-264
-8
-245
93
-177
159
-91
177
-19
149
21
103
26
52
4
16
-35
4
-73
20
-95
63
-83
114
-33
143
32
122
69
49
45
-46
-43
-109
-154
-96
-220
-7
-197
110
-78
186
78
166
198
52
234
-99
185
-219
94
-265
23
-243
-8
-187
-11
-139
-17
-109
-49
-68
-93
8
-111
119
-78
232
-1
301
75
298
107
241
81
175
25
145
-8
144
6
136
50
74
69
-52
8
-203
-135
-297
-307
-277
-416
-141
-407
52
-273
209
-81
264
83
211
159
105
141
11
74
-26
11
-10
-18
21
-24
30
-35
1
-76
-49
-146
-87
-227
-94
-286
-66
-311
-21
-298
27
-254
65
-192
90
-122
96
-55
88
-8
68
8
48
-4
49
-27
81
-36
141
-12
199
35
220
76
186
74
106
10
20
-99
-29
-210
-18
-277
40
-279
105
-227
141
-157
133
-100
89
-70
40
-61
6
-52
-4
-41
-1
-26
6
-16
19
-11
43
2
80
33
121
82
140
129
122
146
70
108
13
23
-8
-75
32
-141
131
-141
252
-79
346
12
385
91
358
126
298
114
236
76
197
37
184
18
178
12
164
12
134
4
97
-8
64
-18
40
-13
26
12
8
43
-30
60
-88
46
-152
-6
-199
-83
-209
-159
-169
-204
-96
-205
-16
-168
38
-115
48
-78
18
-74
-28
-92
-63
-115
-69
-112
-49
-74
-30
-11
-31
47
-57
81
-90
87
-105
83
-86
95
-39
134
11
182
30
211
11
190
-26
117
-45
28
-16
-34
57
-35
136
