-414
-54
319
-57
-385
23
-383
45
-372
69
-368
88
319
-138
-355
129
312
-170
301
-189
-315
192
275
-223
263
-238
-276
243
234
-267
-245
274
204
-293
185
-304
168
-317
149
-327
-151
331
-134
339
93
-346
73
-354
51
-356
30
-358
-31
362
-9
362
-31
-361
-53
-357
-74
-354
-93
-349
-111
-346
119
339
139
331
158
322
-187
-313
194
301
-221
-288
228
275
242
262
260
246
274
230
286
213
-307
-197
-317
-180
320
158
328
141
337
121
-351
-102
349
78
351
60
354
37
-366
-20
358
-3
356
-23
-362
43
-360
63
-356
83
342
-108
-344
124
-335
144
-327
163
-4
-1
-1
0
-1
-1
-1
-2
-1
-2
-2
-4
-1
-1
-1
-1
-1
-1
-98
-350
-116
-343
-136
-338
325
-158
-175
-317
-308
190
293
-212
281
-228
242
267
-254
255
238
-275
285
218
296
202
187
-310
-170
319
327
148
335
128
342
109
349
88
351
66
-359
-49
358
25
-8
360
12
359
33
358
54
356
76
351
344
-98
-342
117
334
-139
323
-158
173
315
-305
194
209
293
226
280
266
-244
256
251
235
-275
-223
285
296
201
-311
-184
-170
318
-332
-148
126
-339
-346
-111
-354
-90
352
66
-359
-47
0
1
-2
-1
-1
0
0
-1
-2
-1
0
-1
0
-3
-2
-1
0
-2
-1
-1
-1
-1
-1
-1
-1
-1
-2
-1
-1
-1
-1
-1
-2
-2
-1
-1
-1
-1
-1
-1
0
-1
-1
-1
-3
-1
-1
0
-1
0
-1
-1
-1
0
-1
-1
-1
-1
-3
-1
0
0
-1
-1
-1
-1
-2
1
-1
-1
-2
-1
-1
1
-1
-1
-2
0
-3
-2
-2
-1
-3
-1
-3
-1
-1
0
-1
-1
-1
-1
-1
-1
-2
-1
-1
-1
-1
0
-1
0
-2
0
-1
1
-1
-1
-1
0
-2
1
-2
-1
-1
-1
-1
0
-1
-1
-2
-1
-1
1
-1
-1
-1
1
-2
-1
-2
-1
-1
-1
-1
-1
-1
0
0
-2
-1
0
0
0
-1
-1
-1
1
-1
-2
-1
-1
0
-1
-2
-2
-1
-1
-1
-1
-1
-1
-1
-1
-1
-1
-2
-1
-2
-1
-2
-2
-2
-1
-2
0
-3
-2
-1
1
-2
-3
-3
0
-3
0
-4
-1
-1
-1
-2
-1
-1
-1
-1
-3
-1
0
-2
-1
-3
-2
0
0
-1
-1
-1
1
-2
1
-3
-1
-1
-1
-4
-1
-1
1
-1
1
-3
1
-1
1
-1
-1
-2
1
-1
0
-3
1
-1
0
-3
-1
-1
-1
0
0
-1
-1
0
0
-1
0
-1
1
-1
-1
-3
0
-3
0
-1
-1
-1
-1
-1
0
-1
-1
-1
-1
-1
-1
-1
1
-1
-1
-1
-1
-2
0
0
0
0
0
-1
-1
0
-1
-1
-1
-2
-1
-1
-1
-1
0
0
0
0
-1
-1
-3
-1
-1
-1
-2
0
-1
-1
-1
-1
-2
-1
-1
0
-1
-2
-1
-1
0
-2
0
-1
-1
-1
0
-2
-1
-1
-2
-2
1
-2
-2
0
-1
-1
-1
-1
-1
-1
1
-1
-2
-1
-1
-3
-1
-1
-2
-1
-1
0
-1
-1
-1
-1
1
-3
-1
-2
-2
-1
-1
-2
0
-1
-2
-1
-2
-2
-1
-1
-1
-3
-1
-3
-1
-3
-1
-3
0
-1
-1
-1
-1
-2
-1
-4
-1
-2
-1
-1
0
-4
-1
0
-1
-3
-1
-3
-2
-4
-1
-3
-1
-1
-1
-1
-1
-2
-1
-3
0
-1
-2
-1
-1
-1
-1
-3
-1
-1
-3
-3
0
-2
0
-1
-1
-1
0
-1
-1
-1
0
-1
-1
-1
-1
-1
-1
-1
-1
-3
0
-1
1
-1
0
-1
0
-1
0
-2
1
-2
1
-2
-1
-2
-1
-3
0
-1
-1
0
1
-1
-1
-1
-1
-1
1
-1
0
-1
-1
-1
-1
0
-4
-1
-1
-2
1
0
0
0
0
-1
0
0
0
-1
-1
0
0
0
-1
0
0
-1
-1
-1
2
0
0
-1
1
-1
0
-1
0
-1
1
-2
0
-1
0
0
-2
-1
-1
0
0
-1
-1
-1
-1
0
-1
-1
-1
0
-2
-1
-1
-1
-1
-1
-1
-1
-1
-1
-1
-2
-1
0
0
-1
-1
-1
1
-1
-3
-2
-1
-2
-2
-1
-1
-2
-1
-1
1
-1
0
-1
0
-1
1
-1
1
-1
0
0
-1
-1
0
-2
-1
-2
-1
-1
-1
-1
-1
0
-1
0
-1
1
-1
-3
-1
-2
-1
-3
0
-3
-2
-2
-1
0
1
-1
-1
-1
0
-1
-1
0
-1
-1
-1
-2
0
-1
1
-1
-1
-3
-1
0
0
-1
1
-1
1
-1
-2
-1
-1
-3
1
-1
0
-1
-1
0
-1
-1
-3
-1
-1
-3
0
-1
-1
0
-1
-1
0
-1
1
-1
1
-1
-1
-1
0
-1
-1
-1
0
-1
1
-1
0
-1
0
-2
0
-1
0
0
1
-2
0
0
-1
-3
0
0
-1
-1
-1
-1
-1
-2
-1
1
-1
-1
0
1
1
-1
1
-1
-1
-1
1
-1
0
0
0
-1
-1
1
-1
-1
0
0
0
-1
0
-1
0
-1
0
-1
1
-1
-1
-1
-1
-1
0
-1
0
-1
0
-2
-1
-1
-1
-3
-1
0
-1
0
-1
-1
-1
-1
0
-1
-1
0
-1
-1
-1
-1
-1
-2
-1
0
0
-1
1
-1
-1
-2
-1
-3
-1
-1
0
-2
-1
-1
0
-1
0
-1
-1
-1
-1
-1
-1
-1
-1
0
1
0
-1
-3
1
-1
0
-1
-1
-1
-1
0
1
0
-1
-1
-3
-1
-1
-1
0
0
-1
-1
0
0
0
-1
0
-1
0
-1
0
-1
-1
0
-1
0
0
-1
-1
0
-1
0
0
-2
1
-2
-1
-1
1
-1
1
1
0
0
1
-1
-1
-1
0
-1
-1
-3
-1
-1
1
-1
0
-1
-1
0
-1
-1
0
-3
-1
-1
0
0
-1
-1
-1
1
0
-1
-1
-1
-1
-1
0
-1
-1
-1
-2
0
-1
0
0
-1
-1
-1
-1
-1
-1
-2
-2
0
0
-1
0
-1
0
-3
-1
-1
-1
-1
-1
-1
1
-2
-1
-1
1
-1
0
-1
-1
-1
0
-1
-1
-2
-1
-1
1
0
0
-1
-1
0
-1
-1
-1
-1
-1
0
-2
-2
-1
-1
0
0
-1
0
-1
-1
1
-1
-2
-1
1
0
-1
-1
1
-1
-1
-1
0
-1
1
-1
0
1
-1
-1
0
-3
-1
0
1
-1
1
-1
1
-1
0
-1
-1
-1
1
-1
-1
0
0
-1
-1
-1
1
0
-1
-1
1
-3
-1
-1
-1
-1
-1
-1
0
0
1
-1
-1
-1
-1
-1
3
-2
-1
0
0
-1
-1
-1
-1
-1
-1
-2
0
-1
-1
-1
-1
-1
0
-1
-1
-1
0
-1
1
-2
-1
-1
-1
0
0
0
0
-1
-1
0
-1
0
0
-2
1
-1
1
-1
0
0
-1
-1
-1
-1
-1
-1
0
-1
0
-1
-1
-1
0
-1
1
-1
1
0
0
-1
0
0
-1
-2
-1
-1
-1
-1
-1
-1
-1
0
-1
0
-1
0
-1
-1
-1
-1
-1
-1
1
-2
-1
-1
-1
-1
-1
-1
-1
-3
-1
0
-1
-1
-1
-1
-1
-1
0
-1
1
-1
0
1
1
0
0
0
-1
-1
-1
-1
-1
1
1
0
-1
-1
-1
-1
-1
-1
-1
-2
0
-1
-1
-1
1
-1
0
0
0
-2
1
-2
1
-1
-1
0
-1
-1
-1
0
0
1
0
1
-1
-1
-1
0
-1
-1
1
-1
1
0
0
-1
0
-1
0
0
-1
-1
-1
-1
0
-1
1
-1
-1
0
0
0
-1
-1
0
-1
1
1
0
0
1
-1
0
0
-1
-1
-1
1
0
-1
1
-1
-1
0
-1
-1
0
1
-1
-1
0
-2
0
1
0
1
0
1
-1
-1
0
0
-1
1
0
-1
0
0
-1
-1
-1
0
0
-2
1
0
-1
-1
1
0
-1
1
-1
-1
0
-1
-1
0
-1
-1
0
0
-1
-1
0
1
-1
-2
-1
-1
0
1
-1
-2
1
-1
1
-1
-1
-1
1
-2
-1
-1
-1
-1
0
0
1
0
0
-2
1
-1
-1
0
-1
0
1
-2
0
-1
0
0
-1
-1
1
-1
1
-1
-1
1
1
-1
1
-1
-1
1
-1
-1
-1
-1
0
0
1
-1
0
-1
-1
-1
-1
-1
0
-1
1
-1
1
-1
-1
-1
0
-1
3
0
0
1
0
-2
-1
-1
-1
-1
-1
2
-1
1
-1
-1
1
1
-1
-1
0
0
-1
1
0
0
1
-1
-1
0
2
-2
1
-1
1
-1
0
0
0
0
0
-3
-1
0
-1
-2
0
-1
-2
0
0
-1
-1
-1
0
-1
-1
-1
-1
1
-1
-1
0
-1
1
1
-1
-1
-1
1
-1
-1
0
0
0
-1
1
0
1
-1
-1
-1
1
-1
-2
1
-1
0
0
-1
0
1
-1
1
0
-2
-1
-1
-2
2
1
-3
2
-1
0
-1
0
0
0
0
-1
-1
1
1
-1
0
0
-1
-1
-1
1
0
0
0
-1
-1
-1
-1
1
-1
1
1
-1
1
-1
-1
-1
0
1
-1
-1
-1
-1
-1
1
0
-1
-1
-1
-1
0
-1
0
-1
0
-1
0
-1
-1
0
-1
-1
0
0
-1
-1
-1
-1
-1
0
2
-1
-1
1
-1
1
0
0
1
-3
-1
0
1
-1
-1
0
1
1
1
-1
1
-1
0
0
1
-1
-1
0
1
-1
-1
1
1
1
0
-1
-3
-2
1
1
-1
1
-1
-2
0
0
1
-2
0
-1
1
-1
0
1
-1
1
1
-1
-1
1
-1
1
0
-1
-1
-1
0
1
1
-1
1
1
0
-1
-1
0
1
-1
-1
-1
0
0
-1
-1
1
-1
-1
-2
1
-2
-1
-1
0
-1
-1
0
0
0
0
0
1
0
1
-1
-1
-1
-1
-1
-1
-1
2
0
0
0
1
0
1
-1
0
0
1
0
0
-1
0
0
1
1
-1
0
-1
-1
-1
-1
0
0
0
-1
1
-2
0
-2
-1
-1
-2
0
-1
1
0
-1
1
-1
0
-1
-1
-2
-1
-1
1
-1
1
-1
1
-1
-1
-2
0
-1
-1
1
1
-1
0
-1
0
1
1
-1
0
-1
1
-1
1
1
-1
1
-1
0
1
-1
0
1
1
1
1
-2
-1
-1
0
-1
0
-1
-1
1
1
0
-1
0
-2
-2
1
-1
0
0
0
0
0
-1
0
-1
-2
-1
0
0
-1
0
0
-1
-1
1
0
0
-1
0
1
-1
0
0
-1
-1
-1
-1
0
-1
-1
-1
0
0
-1
-1
1
-1
-1
-1
1
0
-2
-1
-1
0
-2
-1
-1
-1
0
-3
0
-1
-1
1
-1
-1
-1
-1
-1
-2
0
-1
-1
0
1
-1
0
1
0
1
0
0
-2
-1
0
1
-1
0
-1
0
-1
-1
1
-1
1
1
0
-2
-1
0
0
-1
-2
-1
0
1
0
-1
-1
0
1
-1
0
1
0
-1
0
0
0
-1
-1
0
-1
-1
-2
1
1
0
1
1
-1
-2
-2
-1
-1
-1
-1
-1
1
-1
-1
-1
-1
0
-1
0
1
-1
-1
-1
-1
-1
1
0
-1
-1
-1
0
-1
1
-1
0
0
0
-1
1
-1
-1
1
0
-1
0
0
-1
-1
0
-1
-1
-1
1
1
-1
-2
0
-1
-1
0
1
-1
0
-1
-1
0
-1
-3
1
0
-1
-1
0
-1
0
0
0
-1
-1
-1
-1
-1
1
-1
-1
-1
0
0
1
-1
0
0
0
1
-1
-1
-1
-1
1
1
0
-1
-1
-1
1
0
-1
-1
0
0
0
0
0
-1
-1
-1
1
-1
-1
-1
0
-2
-1
1
-1
-1
1
0
1
-1
-1
-1
-1
-1
0
1
-1
-1
0
-1
0
-1
-1
0
0
-1
-1
-1
1
0
-2
-1
-1
-1
1
-2
-1
-1
1
-1
-1
-1
0
1
0
-3
-2
1
1
-1
0
-1
-1
1
1
-1
0
0
-1
1
0
-1
2
-1
-1
-1
-1
0
-1
0
-1
-1
0
0
-1
-1
-1
-1
0
-1
1
-1
-1
-1
1
0
-2
0
-1
1
-1
-1
-1
0
1
-1
-1
-2
-1
1
-1
0
0
-1
-1
1
0
1
-1
0
-1
-1
0
-1
0
-2
1
0
0
-1
1
0
1
0
0
0
-1
-1
0
-1
1
-1
0
-1
0
-2
-1
-1
1
-1
-1
0
2
-1
-1
0
1
-1
0
-1
-1
0
0
0
-1
1
-1
-1
1
0
1
0
0
0
-1
-1
-1
0
-1
-1
-1
0
0
0
-1
-1
-1
0
-1
-1
0
-1
1
-1
-1
-1
0
-1
0
-1
-1
-1
-1
1
1
-1
0
-1
-1
-4
-1
0
0
-1
0
0
-1
0
-1
0
0
0
0
1
-1
-1
1
0
0
0
0
0
0
1
-1
-1
0
-1
0
-1
2
1
-1
0
0
0
-1
-1
-1
-1
-1
-1
0
-1
0
-1
0
0
-1
-1
0
-1
-1
0
-1
-1
-1
-1
-1
0
-1
-1
0
0
0
-1
-1
-1
-1
-1
0
-2
0
1
1
-1
1
-1
0
0
-1
-1
-1
-1
-1
-1
-2
-1
-1
0
-1
-1
-1
0
0
0
-1
-1
1
-1
0
-1
-1
0
0
-2
1
1
0
0
0
-2
1
-1
-1
0
-1
0
0
-1
-1
-1
1
-1
-1
1
-1
0
1
0
0
0
1
-1
1
-1
1
1
-1
-1
-1
-2
1
-1
1
-2
-1
-1
0
0
-1
-2
0
-2
0
-2
1
-1
1
-1
0
0
1
0
0
-2
0
0
0
0
0
-1
1
-1
-1
-1
0
-2
0
-1
0
-1
0
0
0
-1
0
1
1
-2
-1
-1
0
-1
-1
-1
-1
-3
1
-1
1
-1
1
-1
1
-1
0
-1
-1
-1
-1
0
-1
-1
0
0
0
-1
0
0
0
-1
0
-1
-1
-1
-1
-3
0
0
-1
-1
1
0
-1
-1
1
-1
0
-1
0
-1
1
-1
1
-1
0
0
0
-1
-1
-1
-1
0
1
0
1
-1
0
-2
-1
1
-1
-1
1
-1
-1
-1
-1
-1
-1
-1
0
-1
0
-1
0
-1
1
-2
-2
1
1
-1
-1
-2
1
-1
1
-1
1
-1
-1
-1
-1
0
0
-1
-1
-1
-1
0
-1
-1
-1
0
-1
1
-1
1
1
1
-1
-1
1
1
0
-1
-1
-1
0
-1
0
1
-1
-1
-1
0
2
0
1
1
1
-1
1
-1
1
-1
0
-1
0
-1
0
-1
1
-1
-1
0
1
1
1
-1
1
0
-1
-1
0
-1
0
-1
0
-1
-1
-1
0
-1
-1
-3
-1
-3
0
0
0
0
0
0
0
-1
0
0
-1
-1
-1
-1
1
-1
-1
-1
-1
0
0
-3
0
0
1
-1
-1
-1
-1
-1
-2
-1
0
-2
-1
-1
-1
-1
-1
-1
0
0
0
1
0
-1
-1
0
-1
-1
-1
0
-1
-1
-1
-1
1
-1
-1
-1
-1
1
0
-1
0
0
-1
-2
-2
-1
-1
-2
0
-1
0
-3
1
0
0
-1
1
-1
1
-2
-1
0
0
-1
1
-3
-1
-2
1
1
1
1
0
-1
-1
0
1
-1
-1
0
1
-1
0
-1
0
-1
1
-1
0
0
1
-1
-2
0
0
-1
-2
-1
0
0
-1
0
1
-1
0
-1
0
-1
0
-2
-1
-1
-1
-1
1
-1
-1
-2
-1
-1
-1
0
1
0
-1
1
-1
-1
-1
-1
-1
-1
0
-1
-1
-1
1
1
-1
-1
0
-2
0
-1
-1
-1
0
0
1
0
-1
-1
1
-1
-1
-1
-1
-2
1
-1
-1
-2
-1
-2
1
-2
-1
0
1
0
0
-1
1
0
1
-1
0
-1
1
-1
0
-2
0
-1
0
-2
1
-1
0
-1
-1
-1
0
-1
0
0
1
-1
0
0
-1
-1
1
-2
-1
0
1
-1
-1
0
-1
0
0
-2
-1
-1
0
-1
1
0
0
1
-1
-2
-1
0
-1
-1
-1
-1
-1
-1
1
-1
0
-1
0
-2
0
-2
1
-1
1
-1
-1
-1
-1
-1
-1
-1
-1
-1
-1
1
-1
-1
0
0
1
0
1
-1
1
-1
0
-1
-1
0
-1
0
0
-1
1
-1
-1
-2
0
1
-1
0
-1
0
0
0
1
-2
0
-1
-1
-1
0
-1
-3
1
-1
-1
0
-1
0
-1
0
-1
0
0
-1
-2
-1
-1
1
-2
-1
-2
-1
-2
1
-1
0
0
0
-1
0
0
-1
-1
0
0
-1
-1
0
-2
-1
-1
1
-1
0
-1
-1
-2
-1
-3
-1
-2
1
-1
-1
-1
-1
-1
0
-1
0
-2
-1
-1
0
-2
-2
-1
-1
-1
0
-1
0
-2
0
-3
0
-2
-1
-2
-1
-3
-1
-3
-1
-1
-1
-1
-1
-2
1
-2
1
-1
1
-1
1
-2
-1
0
-1
-1
-1
-2
0
-2
-1
-3
0
-2
0
-3
0
-2
1
-1
-1
-2
-1
-3
-1
-1
-1
-1
1
-1
-1
-2
0
-1
1
-1
-1
-1
1
-1
-1
-1
0
-2
-1
-1
1
-2
0
-2
1
-1
0
-1
-1
-2
0
0
-1
-1
0
-2
-1
0
-1
-1
-2
-2
-1
-2
-1
-1
1
-1
-1
-1
1
-1
-1
-1
-1
-1
0
-1
0
-1
-1
-1
-1
-1
-1
-1
-1
-1
-1
-1
-1
-1
-1
-2
-1
-1
-1
-1
1
0
-1
-3
0
-1
-1
-2
-1
-1
-2
-2
-1
-1
0
-1
-1
-1
0
-2
-1
0
0
-1
1
-2
-1
-1
0
-2
-1
-2
0
-1
-1
0
0
0
1
-1
0
0
1
-3
1
-2
-1
-1
0
-1
0
-2
-1
0
1
-1
-1
-1
-1
-1
-1
-2
-1
-1
-2
-2
-1
-1
0
-2
0
0
-2
-2
0
-1
-1
-1
0
-2
1
0
-1
-1
-1
-2
0
-1
-1
-3
0
-3
1
-1
-1
-1
0
-1
0
-1
-1
0
-1
0
-1
-1
0
-1
-1
1
-2
-1
-2
-1
-1
-1
1
-1
0
1
0
0
0
-1
-1
-1
-1
1
-1
-2
1
0
-1
-1
-1
-1
-1
-1
0
-2
0
-1
0
-3
0
-2
0
0
-1
-1
-1
-1
-2
-1
1
-1
0
-2
-1
-1
-1
-2
0
-1
-1
-2
-1
-2
-1
0
-1
-1
1
-2
-1
-2
0
-2
0
-1
-1
-3
-1
-2
-1
-1
-2
-1
-1
1
-1
-2
-42
356
23
-362
359
1
16
358
38
357
-62
-356
-81
-354
-347
100
-340
119
-334
140
-161
-326
-180
-316
-304
195
214
289
231
276
264
-247
-249
260
274
232
287
216
-302
-201
312
180
322
162
-146
330
339
123
-346
-105
351
83
-64
354
41
-360
360
23
-3
361
-21
-361
-42
-360
62
356
-83
-350
103
344
339
-124
143
330
-324
161
-313
179
301
-199
288
-214
231
277
-248
-264
-250
261
-232
275
-216
291
-302
-199
180
-314
-323
-163
-332
-146
339
123
104
-346
-351
-83
-355
-66
-44
358
-21
360
359
-1
20
359
-43
-359
64
354
83
349
-345
103
-124
-339
333
-145
-161
-322
182
311
-199
-302
290
-217
-276
229
-262
247
-247
260
233
-278
-289
-214
-301
-200
-180
312
162
-325
144
-334
-124
337
345
101
83
-352
355
58
41
-360
-21
358
1
359
22
357
-357
40
-355
63
-351
82
104
342
-125
-341
144
328
-321
161
-182
-313
-300
196
-286
214
234
273
260
-250
246
-267
232
-279
289
213
300
195
-314
-180
-161
321
-332
-144
122
-342
-349
-104
-353
-83
60
-358
-40
354
359
17
-363
-1
22
357
42
356
354
-66
85
348
105
344
-341
125
146
330
165
320
182
309
296
-200
215
288
-276
234
259
-249
262
245
-233
277
-215
292
-197
302
-177
313
159
-324
-141
331
120
-340
344
100
-81
351
-62
356
357
39
18
-359
360
-4
-361
24
357
-45
352
-68
-88
-350
-107
-345
339
-127
330
-147
321
-165
-310
182
-203
-301
-286
218
-236
-275
-250
-261
244
-267
-229
276
-293
-214
303
194
-315
-177
158
-325
334
139
120
-342
-348
-100
-351
-79
356
59
359
36
360
15
-360
3
26
359
47
358
-354
66
349
-88
108
344
-336
125
330
-147
-165
-321
-183
-311
-202
-302
-219
-288
272
-238
259
-252
-245
264
228
-282
293
211
-192
302
316
174
-325
-159
-138
329
-119
339
-348
-102
-78
349
-356
-59
-37
357
14
-363
-7
-363
-361
25
-358
45
-68
-358
87
347
-110
-348
128
335
149
326
-168
-323
-310
182
-298
199
-287
218
-274
232
-259
250
-244
265
-281
-230
210
-296
-306
-194
315
173
325
154
-139
332
338
116
-99
345
76
-355
-59
354
-360
-37
13
-365
-365
5
-361
27
-360
46
66
353
-351
88
341
-111
-337
129
-331
148
-322
168
-312
185
202
296
-287
221
-273
237
252
256
-271
-243
280
226
-211
293
190
-306
315
173
-157
327
-139
334
339
116
0
-1
-1
-1
-1
-1
-1
-2
0
0
-1
1
-1
-2
-1
0
298
200
310
182
320
163
330
145
338
127
343
105
349
86
354
66
357
44
361
23
-361
-1
362
-19
358
-38
356
-62
353
-81
349
-102
-339
121
334
-142
325
-162
315
-180
-303
196
293
-215
-277
230
265
-247
-248
261
235
-276
218
-289
-200
301
-180
312
165
-323
144
-333
126
-342
-105
344
-83
351
-63
354
45
-362
-18
357
0
-364
20
358
-40
-362
-62
-359
-81
-356
-102
-349
-122
-344
-141
-336
-160
-328
178
308
199
298
-216
-293
-232
-281
-247
-267
262
245
-277
-238
288
211
298
193
310
178
320
159
329
140
337
122
344
100
350
82
-358
-65
356
40
-363
-23
