-310
199
-281
234
-250
265
-325
-225
-327
-205
-339
-185
-351
-165
314
119
101
-351
79
-356
59
-361
-373
-59
345
24
-5
-366
-27
-365
-373
28
-66
-359
342
-77
81
347
332
-116
-347
134
315
-156
-329
173
296
-190
284
-206
-294
225
260
-240
-265
260
-248
272
-234
287
197
-294
-318
-187
313
170
-334
-151
-339
-132
-349
-112
-98
349
-77
354
46
-359
356
29
-365
-8
8
360
28
358
49
356
70
354
-353
93
339
-117
-139
-334
-330
153
-179
-318
303
-193
204
295
-287
224
239
269
-262
-254
-241
272
220
-286
293
204
-191
307
-175
319
325
149
-340
-132
-348
-112
-94
348
351
69
-50
357
359
28
-9
359
-361
12
-37
-362
357
-56
353
-78
347
-100
115
341
-138
-335
153
322
173
314
191
303
292
-213
225
280
-245
-269
255
252
270
235
-287
-222
-301
-206
-312
-188
166
-321
147
-332
129
-339
344
108
-93
348
68
-355
357
47
25
-361
4
-362
11
360
34
357
356
-58
351
-80
-350
98
340
-119
136
334
-327
157
-177
-317
-194
-307
291
-212
280
-228
243
268
-254
258
272
235
217
-286
296
204
-189
312
318
166
-151
330
-130
337
-110
344
349
87
-69
356
46
-358
-1
0
0
-1
0
-2
-1
1
0
-1
-1
-1
-1
-1
0
-1
0
-1
-2
-1
-1
-1
-1
-1
-1
-1
-1
-1
-1
0
-1
-1
-1
-1
-2
-1
-1
-1
-1
-1
0
-2
-1
0
-1
-1
-1
0
-1
-1
-1
-1
-3
-2
-3
-1
-1
-1
0
-3
-1
0
-1
-1
-2
-1
-3
-1
-1
0
-1
0
-1
-1
-1
-1
0
-1
-1
-1
-1
-1
-1
0
-1
-1
0
0
0
-1
0
0
-1
-1
0
0
-1
1
-1
-1
-1
-1
-1
-2
0
0
-1
1
0
-1
-1
0
-2
0
0
-1
0
0
0
0
-2
-1
-1
0
-2
-2
-1
-1
1
-1
0
0
-1
-3
0
-1
-2
-1
-2
-2
-1
0
-1
-1
-1
-1
-2
-1
0
-1
-1
-1
-1
1
-1
-1
-1
-1
-3
-1
-1
-2
-1
0
-2
-2
-3
-1
-2
-1
-4
-1
-1
0
-2
-1
-1
-1
-1
-1
-1
0
-1
-1
-2
-1
-3
-1
-3
-1
-1
1
-3
0
-1
-1
-1
-1
0
-1
-1
1
-4
1
-3
-1
-1
-1
-2
2
-1
0
-1
1
-1
0
-1
0
-1
1
-1
-3
-1
1
-4
1
-4
0
-1
-1
-2
-1
-1
1
-3
0
-1
1
-1
1
-1
-1
-1
1
-2
-1
-1
0
0
-1
-1
1
-1
0
-1
0
-2
-1
-1
-1
-2
1
-1
1
-1
-1
0
2
-1
-1
-1
-1
0
0
-1
1
-1
-1
1
-1
-1
0
0
-1
-1
0
-1
-1
-1
0
-1
-1
-1
-1
1
1
-2
-1
-1
-1
-1
0
-1
-1
-1
-1
-1
0
-1
-1
-2
-2
-1
-2
-3
-1
-1
-1
-4
-4
-1
-1
-1
-2
-1
0
-3
-2
-1
-1
-1
-4
-3
-1
-1
-4
-1
-3
-4
-2
-4
-1
-1
-1
-1
-1
-3
-3
-1
-1
-2
-1
-1
-4
-1
-1
-3
-2
-1
0
-2
-1
-2
-1
-2
-3
-2
-1
-2
1
-3
-2
-1
1
0
0
-2
-1
-4
-2
-3
-1
-3
-1
-2
0
-4
-1
-2
-1
-2
-1
-3
0
-3
-1
-1
-2
-2
0
-1
-1
-3
-1
-1
-1
-1
3
-1
-1
-1
-1
-3
-2
0
-1
-3
1
-1
-1
-2
1
-2
-1
-2
1
-1
0
-1
0
-2
-1
-1
0
-1
0
-1
1
-1
-1
-3
-1
-1
-1
0
0
-1
0
-2
0
-1
-1
-1
2
-1
-1
-1
-1
-2
0
-1
0
-1
-1
0
1
-1
-1
-1
0
-1
-1
-1
-1
0
-1
1
1
-1
0
-2
-1
0
-1
-1
-1
-1
-2
-1
0
-1
0
-1
-1
-1
-1
-1
0
0
0
-1
0
-1
0
0
-1
-1
1
-1
1
-1
-1
0
-2
0
0
1
-1
0
0
-2
-1
-1
-1
0
-1
-3
0
-2
-1
0
-2
-1
0
-1
-1
-1
0
-2
-3
0
-1
-1
-1
-1
-1
-1
-2
-3
-1
-3
0
0
1
0
-1
-2
0
-1
-1
-2
0
0
-1
-1
0
-1
0
-1
0
-1
-1
-2
-1
-1
-1
-1
-1
-1
-1
-2
-1
-1
0
0
1
-2
-1
0
0
-2
-1
-1
1
-3
-1
-2
-1
-2
1
1
1
-1
0
-1
-1
-2
-1
-1
-1
-4
1
-3
0
-1
1
-2
1
-2
-1
0
-1
-2
1
-3
-1
-1
1
0
-1
-2
0
-2
0
-2
-1
-1
-1
-1
0
-1
-1
-1
1
0
0
-2
-1
0
0
-1
0
-1
-1
0
-1
0
0
0
0
0
-2
-1
0
-1
-1
0
0
0
1
1
0
-1
-1
-1
-1
0
0
-1
0
-2
-1
0
-1
-1
0
-1
0
-1
-3
-1
-2
-2
-1
-1
0
-2
1
-1
1
-1
0
-2
-1
0
-1
-1
-1
-1
-1
0
-1
-1
-1
-1
-1
-1
-1
-1
-1
-1
-1
-1
-1
-1
-1
-1
1
-1
-1
-1
-1
-2
-1
1
0
0
1
-1
-1
0
1
-1
0
-1
1
-1
1
-1
-2
-2
0
-1
1
-1
-2
-1
-1
-1
-1
0
-1
-1
0
-1
-1
-1
-1
-1
-3
-1
-1
-1
-1
-2
-1
-1
-1
-1
0
-1
-1
-2
-1
-1
0
0
-1
-1
2
0
-1
-1
1
-1
-1
-1
1
-1
-1
-1
0
-1
-1
-2
-1
0
1
-1
1
-1
0
-1
-1
-1
1
-2
-3
-2
0
-1
0
0
-1
-1
1
0
-1
0
-1
-1
-2
-2
0
-2
1
0
0
-1
0
-1
-1
-1
1
-2
-2
-1
-2
1
-1
0
1
-1
-1
-1
1
0
-1
-3
1
-1
-2
-1
0
-1
-1
-1
1
-3
1
-1
0
-1
-1
-1
-1
-1
0
-1
-1
-2
1
-1
-1
-1
-1
-1
-1
-1
-1
-1
-1
-1
1
0
-1
0
-1
-1
-1
-1
1
0
-1
-1
0
-1
-1
-1
1
0
1
-1
-1
-1
0
0
-1
-1
-1
-1
-1
0
0
-1
-1
-1
-1
-1
0
1
-1
-2
-1
-1
-1
-2
1
0
0
1
0
0
0
-1
-1
-3
1
-2
1
-1
-1
0
-1
-1
1
-1
0
-2
-1
-1
1
1
-1
-1
-1
0
-1
-1
-1
1
-1
-1
-1
0
-1
-1
-1
-2
0
-1
-1
0
0
1
0
-1
0
-1
1
-1
-1
0
0
-1
-1
-1
-1
-1
-1
-1
2
-1
0
1
0
0
0
-1
-1
-1
1
-1
1
-1
-1
-1
-1
0
0
0
-1
-1
-1
-2
1
-1
-1
-1
-1
-1
-1
0
1
-1
1
-1
-1
-1
-1
-1
1
-1
-1
-1
1
-1
0
0
-2
-1
1
-1
-1
-1
1
-1
-1
-1
0
-1
0
-1
-1
-3
-1
-2
-1
-1
0
0
-1
-1
0
-1
-1
0
-1
0
1
-1
-1
-1
-1
-1
0
-2
1
0
0
0
-1
1
0
0
-1
-1
0
-1
-1
0
0
-1
1
-1
-1
0
0
-1
-1
-1
-1
-1
-1
0
-1
-1
0
-1
0
-1
1
-1
-1
1
-1
-1
-1
1
1
-2
-1
-1
1
-1
-1
0
-1
-3
1
-2
-1
0
-1
0
-1
-1
0
-1
1
-1
0
-3
-1
0
1
-1
-2
-2
-1
-1
1
0
0
0
0
-1
1
0
-1
-1
-1
0
-1
0
-1
-4
1
-1
-1
-1
-1
-1
-1
-1
0
-1
-1
1
0
0
1
-1
-1
0
0
-1
-1
-1
1
-1
1
0
-1
-1
-1
0
0
0
-1
-1
0
1
0
1
-1
-2
-1
-1
1
-2
0
-2
-1
1
-1
-2
0
0
1
-1
-1
-2
0
-1
-1
-1
-1
-1
-1
-1
-1
-1
1
-1
1
-1
0
-1
0
-1
-1
-2
0
-1
0
0
0
-1
-1
-1
-1
-2
-1
-1
-1
-1
-1
-2
-1
-1
-1
0
0
-2
-1
-1
0
-1
0
-1
0
-1
-1
-1
1
-1
1
-1
-1
-1
-1
1
1
-1
0
0
0
0
-1
-2
0
1
0
-1
0
1
0
1
1
1
-1
-1
1
1
1
-1
-2
1
-1
-3
-1
0
1
1
-1
0
0
-1
-1
-1
1
0
-3
1
-1
-1
1
-1
-1
-1
0
-1
1
-1
-1
-3
-1
-1
0
0
-1
-1
1
-1
1
0
1
-1
-1
0
1
0
1
0
-1
0
-1
-1
1
-1
-1
-2
0
-1
0
-2
-2
0
0
-1
0
0
-1
-1
-1
-2
1
-2
-1
1
-2
-1
-1
1
-1
1
-1
1
-2
-1
-3
-2
0
-3
-1
-1
-1
-1
1
0
-1
-2
1
-2
-1
1
1
-1
0
-1
-1
-1
0
0
-1
-1
-1
0
-2
-1
-1
-1
-1
0
0
1
-1
-1
-1
-1
0
-1
0
-1
1
-1
0
1
1
-1
0
-1
1
-1
0
-1
-2
-1
-1
1
0
1
-1
0
0
-1
2
-1
0
1
-1
-1
1
-1
-4
0
-1
-2
-1
-1
-1
-1
1
-1
1
-1
1
-1
0
-2
-1
-1
-1
-1
0
-1
1
-1
-2
-1
1
-1
0
-1
1
-1
1
-1
-1
-1
-1
-1
0
0
0
-1
0
-1
0
-2
-1
-1
1
-1
-1
-1
0
1
0
1
0
0
-1
1
1
0
2
0
1
-2
-1
-1
0
-3
1
0
-1
0
1
-1
1
0
-1
1
0
0
1
1
1
-1
-1
-2
0
1
2
-1
0
1
0
-1
-1
0
-1
-1
-1
-1
0
0
-1
-1
-1
1
0
1
-1
0
1
-1
0
0
0
0
-1
0
1
-1
-1
0
1
0
1
-1
0
0
0
-1
1
-1
-1
0
-1
-1
-1
-1
-1
0
-1
-1
-1
0
-1
-1
-1
1
1
-1
0
-1
0
-1
1
0
-1
-1
1
0
1
-1
-1
0
-2
1
1
-1
-1
-1
1
1
0
-1
0
-1
1
-1
0
-2
-1
-1
1
0
1
-1
0
-1
0
1
1
1
-1
-1
-1
0
-1
-1
-1
-1
2
1
1
-1
-1
0
0
-1
-1
-2
0
-1
-1
-2
-1
-1
1
-1
-1
0
1
0
1
-1
0
-1
-1
-1
-1
1
0
0
-1
-1
-1
0
0
-1
-1
-1
0
1
1
-1
0
-1
0
1
0
1
-1
2
1
0
-1
-1
0
-1
-1
-3
-1
0
0
0
-1
-1
1
-1
-1
-1
1
0
0
-1
0
-1
1
-1
-1
0
-1
-1
-1
-1
-1
-2
1
0
-1
-1
-1
-1
0
0
0
0
-1
-1
0
0
1
1
1
0
0
1
0
-1
0
-1
-1
-1
-1
0
-1
0
0
1
0
-1
0
0
0
0
-1
1
0
0
1
-2
1
0
0
-1
1
-1
0
-1
-1
-1
-1
1
-1
-2
-2
1
-1
0
-1
-1
-1
-1
-1
0
0
1
-1
0
0
1
-1
-1
-1
-1
1
1
-1
0
-1
-1
-2
-1
-1
-1
-1
-1
0
-1
-1
-1
1
1
1
0
0
0
-1
0
-1
0
1
0
-1
-1
1
-1
-1
0
-1
1
-1
0
-2
0
0
-1
-1
0
-1
-1
-1
-1
1
1
0
-1
-1
-1
-1
0
-2
0
-1
1
-1
-1
0
1
-1
1
-1
1
-1
0
-1
-1
-1
-1
-1
1
0
0
-1
0
1
0
0
-2
-1
1
-1
-1
-1
-1
0
1
-1
0
-1
-1
0
0
-1
1
0
-1
1
-1
0
1
-1
0
0
-1
-1
-1
0
1
-1
0
-2
0
-1
-1
-1
-1
1
0
-1
-1
1
-1
-1
-1
1
-1
1
-1
-4
0
-1
1
-1
0
-1
-1
-1
-2
0
-1
-3
0
1
1
-1
0
-1
-1
0
1
-1
-1
0
-1
0
0
-1
-1
-1
1
0
0
-1
-1
-1
0
-1
-1
-1
0
-1
-1
-1
-1
-1
1
0
0
0
-1
1
-1
0
-1
-1
-1
-1
-1
0
-1
-2
1
-1
1
-1
-1
0
1
-1
-1
-1
0
-1
1
1
-1
0
1
0
0
-1
0
-1
1
-1
0
-1
-1
-1
-1
0
-1
1
0
-1
-1
0
-1
-1
-1
0
-1
-1
0
-1
-1
-1
-1
-1
1
0
1
-1
0
-2
0
-1
-1
-1
0
0
-1
0
-1
-1
-1
-1
-1
1
-1
-1
0
-1
0
-1
0
-1
-1
0
-1
-1
-1
0
-1
-1
-1
-1
-1
-1
-1
-1
0
0
0
-1
-1
-1
1
-1
0
-1
-1
-1
0
-1
0
0
-1
0
0
-1
0
0
1
0
-1
-1
1
-1
-1
-1
-1
-1
0
1
0
-1
0
0
0
0
0
1
-1
-1
0
-1
0
-1
0
-1
0
0
-1
1
1
-1
0
0
3
0
-1
-2
-1
-1
-1
-1
0
-1
-1
-1
-1
-1
1
-1
-1
0
2
-1
1
0
-1
0
-1
0
-1
-1
-1
-4
0
1
-1
1
-1
-1
0
1
1
1
-1
0
-1
1
-1
-1
0
-1
-1
0
-1
1
-1
-2
1
-1
-1
2
-1
-1
0
-1
-1
-3
0
-1
1
-1
1
0
0
-1
-1
0
0
0
-1
0
0
-1
-1
0
-1
-2
0
-1
0
0
-1
1
1
0
-1
-1
0
0
-1
1
0
-3
0
0
1
0
0
0
0
0
2
-2
0
-1
1
-1
1
1
0
-2
1
0
-1
0
1
0
1
-1
-1
-1
1
-1
-1
-1
-1
-1
0
0
-1
-1
0
0
1
0
-1
-1
0
-1
-1
0
1
-2
-1
1
0
-1
0
-1
0
-1
0
-1
-1
-2
1
-1
0
-1
0
-1
0
-1
0
-1
1
0
0
-1
1
-1
-1
-1
-1
-1
-1
-1
-1
-1
0
-1
-2
-1
0
-2
-1
0
-1
1
0
0
-1
-1
-1
0
0
-1
-1
-2
1
-1
-1
-1
-1
-1
0
-1
0
0
0
1
1
-1
1
-1
0
-1
0
-1
1
-1
0
-2
0
-1
1
-1
1
-1
0
0
0
-1
0
-3
-2
0
2
1
0
-2
0
-1
0
1
1
0
-1
-1
-2
-1
-1
-1
0
-1
0
-1
-1
1
-1
0
-2
-2
0
-1
1
1
-1
0
-1
-3
-1
0
1
-1
0
0
0
1
1
-3
-1
-2
0
-1
0
-1
-1
-1
1
-1
1
-1
-1
-1
1
1
0
0
0
0
1
-1
0
-1
0
0
0
-1
-1
0
-1
-1
0
-1
0
-1
0
-1
1
-3
1
-1
-1
-1
-1
-3
0
-1
2
-1
0
-1
0
-1
0
-1
0
-1
-1
-2
0
0
-1
-1
-1
0
-1
-1
0
-2
0
-1
0
0
0
-2
1
-1
-1
0
-1
-1
-1
-1
-1
0
1
-1
1
-1
0
-1
0
0
0
0
0
-1
0
-1
1
-1
0
-1
-1
0
-1
0
-1
-1
1
-1
-1
-1
0
-1
1
-2
1
-2
0
-1
-1
-1
1
-1
-1
-1
-1
-2
1
-1
1
0
0
-1
-1
-1
-1
-1
1
-2
-1
0
-1
0
0
-1
0
1
-1
-1
-1
-1
0
-4
-1
0
-1
-2
0
-1
-1
-1
0
-1
-2
-1
1
-1
0
0
0
-1
0
-2
-1
0
-1
-1
0
-1
0
-1
1
0
-1
-1
-1
0
0
-1
0
-1
-1
0
0
1
-1
-3
1
-3
-1
0
0
-2
1
-1
0
1
0
0
-1
1
0
-1
-1
-1
0
0
1
-1
0
0
-1
-2
-1
-1
1
-1
1
-1
-1
-1
1
-1
0
1
1
-1
0
0
-1
-1
0
-2
-1
-1
1
0
0
0
-1
-1
-1
-1
1
0
-1
-1
-1
-1
0
-1
0
-1
0
-2
0
-1
0
0
-1
0
0
-2
-1
-1
1
-1
1
-2
1
0
-1
-1
-1
-1
-1
-1
1
-1
0
-1
-1
0
-1
-1
-1
-1
0
-1
-1
-1
-1
-1
0
-1
0
-4
-1
-1
-1
-2
-1
-1
-1
-2
-2
-2
-1
-1
-2
-1
0
-1
-1
1
0
-1
1
-1
0
-1
-1
-1
1
-1
-1
-1
1
-1
-1
-1
-1
0
-1
-1
0
-1
-1
0
0
-2
-1
-1
0
-1
-3
-1
0
-1
0
-1
0
-1
0
-2
0
-2
1
-1
0
-2
0
-1
1
0
0
-1
-1
-1
1
-2
-1
0
-1
-1
1
-2
0
-2
0
-1
-1
-2
0
-1
0
-1
-1
-1
1
-3
-1
-1
0
-2
0
-3
-1
-1
1
-2
-1
-1
-1
-1
0
-1
1
-1
0
-1
-1
0
1
-3
-1
-2
0
-1
1
-1
1
-1
-1
-2
-1
-2
-1
-1
-1
0
1
-2
-1
-1
-1
-1
0
-2
1
-1
0
-1
-1
-1
0
-1
0
-1
0
-1
1
-1
0
-1
0
-1
1
-1
-1
-2
-1
-1
0
-1
-1
-1
-1
-1
0
-1
-2
-1
0
-2
1
-2
1
-1
0
-1
-1
0
0
0
0
-1
-1
0
0
-1
0
0
0
0
1
0
0
-1
-1
-1
0
-1
-2
-1
-1
-1
-1
-3
-1
-1
0
-1
-2
-1
0
-3
0
-2
0
-3
0
-3
-1
-1
-1
-2
0
-1
0
-3
-1
-1
-1
-1
-1
0
-1
-1
0
-1
-1
-1
-1
-2
-1
-1
-1
0
0
-1
-2
-2
1
-2
-1
-1
0
-1
-1
-1
-1
0
-1
-2
-1
-1
1
-2
-1
-1
-1
-1
-1
-1
0
-2
-1
-1
0
0
-1
0
-1
-1
-1
-1
1
-1
-1
-1
-1
-1
-2
-1
0
-2
-1
0
0
0
0
-3
-1
-1
0
-2
0
-1
-1
-1
-1
-1
-1
-1
-1
-1
-1
-1
1
1
-1
-2
0
-1
1
-1
0
-1
-1
-2
1
-1
-1
-1
1
-2
0
-1
1
-1
0
-3
-1
-1
-1
-2
-1
0
-1
-2
0
-1
0
-1
-1
-1
-2
1
1
-1
1
-1
-1
-1
-1
-2
0
0
0
-1
0
-3
-2
0
-1
-1
-2
-1
-1
-1
1
-1
0
-1
0
-1
-1
-1
-1
-1
-1
-1
-1
0
-1
-1
-1
0
-1
-1
0
-3
0
-1
0
-1
-2
1
-1
-1
-1
-1
1
-1
-1
0
-1
-1
-1
-1
0
-1
-1
-1
0
0
-1
-3
1
-1
-1
-1
0
-1
0
-1
0
-1
0
-1
0
0
1
1
-44
356
-362
-27
-362
-4
-363
17
359
-42
-62
-358
81
352
347
-103
122
338
-142
-335
160
322
-316
177
302
-199
-215
-292
-279
228
-265
245
247
-263
231
-277
-291
-217
-199
301
311
179
-164
320
-145
331
339
126
105
-346
-86
350
355
62
42
-361
-24
359
-363
-1
-361
18
-43
-361
-63
-357
352
-83
-105
-347
339
-122
144
330
322
-162
-314
180
-198
-304
289
-216
279
-235
-249
-263
-262
-250
-233
275
-290
-216
-201
299
-182
311
162
-323
143
-332
122
-340
-348
-106
84
-352
-356
-64
358
41
-21
361
0
-360
-21
-362
42
356
64
356
83
349
346
-105
338
-125
-143
-332
-320
161
182
313
-200
-303
216
288
-233
-277
248
262
249
-264
233
-279
215
-290
199
-304
182
-315
163
-326
331
140
-341
-124
-347
-103
351
81
355
59
-358
-44
-18
358
-361
-1
-361
20
45
356
66
355
-352
83
105
342
125
337
330
-146
322
-165
-312
180
-199
-303
-288
214
274
-235
-249
-263
265
244
279
228
-291
-216
-199
301
-313
-180
-324
-163
332
139
340
119
346
99
-82
351
358
58
359
36
-361
-21
-361
0
361
-27
-359
42
-67
-357
-352
83
-346
104
124
335
-146
-333
-165
-323
311
-185
-202
-300
-291
216
-235
-276
-252
-262
-266
-245
-279
-231
212
-292
195
-305
-181
315
-160
322
332
141
339
121
345
102
-83
353
356
58
38
-360
-361
-18
4
359
359
-26
357
-46
64
353
350
-88
-345
107
-339
126
146
329
-166
-322
310
-184
-301
201
-218
-287
235
273
-261
249
-245
264
278
228
-293
-212
-194
303
-176
313
325
158
139
-334
339
118
-347
-100
351
78
-57
355
-37
358
18
-362
5
358
-360
25
46
357
-355
66
-351
87
107
346
338
-129
-147
-332
168
319
-185
-313
-299
201
286
-222
-272
236
-252
-262
-267
-246
281
226
-293
-213
194
-306
-177
312
156
-327
136
-334
-342
-119
-349
-100
-76
352
-357
-59
37
-361
361
13
4
358
-362
28
359
-50
353
-71
-89
-352
-110
-346
-339
127
-331
146
320
-169
-186
-313
204
297
220
284
272
-238
250
255
267
240
226
-283
293
208
-194
304
174
-319
-327
-161
-137
334
-343
-121
95
-351
352
75
56
-359
-36
356
361
13
-363
6
-362
25
-359
47
-71
-357
89
347
343
-115
334
-133
-150
-331
-170
-321
185
308
-206
-300
283
-223
270
-239
-261
252
-270
-243
-284
-228
-212
293
-308
-194
171
-317
326
153
-337
-137
-342
-117
94
-349
-76
354
-358
-55
358
33
-361
-14
-9
-362
359
-30
47
358
-354
71
91
350
110
344
-338
131
-330
151
167
320
187
311
204
299
284
-222
238
272
-255
-257
-241
271
-281
-225
-208
295
-306
-191
320
173
326
154
-134
335
344
115
-347
-94
-353
-74
-356
-54
-33
360
-358
-12
11
358
360
-30
52
356
356
-74
94
348
112
342
-131
-338
-326
151
174
316
192
305
299
-210
-281
220
273
-241
-255
-260
241
-273
-223
279
-206
293
308
187
-172
315
-326
-156
-334
-136
-112
337
93
-355
74
-358
52
-361
359
28
361
5
-10
-367
356
-36
51
352
352
-78
347
-98
340
-118
-339
128
150
322
-176
-320
-192
-311
204
293
221
280
-243
-274
