-194
45
-187
88
-147
129
-81
150
-14
147
42
124
74
91
83
62
69
43
44
44
22
64
14
89
25
105
47
93
57
51
42
-7
-6
-57
-71
-77
-122
-62
-146
-33
-132
-7
-99
-1
-74
-10
-65
-11
-59
1
-37
31
15
57
86
52
146
3
163
-71
124
-136
53
-160
-17
-137
-56
-86
-63
-39
-59
-10
-71
-1
-99
18
-129
60
-136
119
-107
170
-62
180
-30
148
-42
101
-93
73
-146
93
-157
148
-103
192
-4
182
89
98
123
-35
80
-151
-10
-203
-89
-162
-100
-60
-25
42
112
88
250
52
329
-45
315
-148
231
-204
117
-182
29
-91
1
28
30
123
86
161
125
139
120
83
68
31
-6
9
-68
20
-96
41
-97
44
-92
18
-108
-27
-154
-59
-212
-53
-253
1
-247
81
-185
148
-97
176
-11
153
40
98
46
37
18
-8
-26
-26
-71
-23
-107
1
-127
34
-121
70
-86
95
-30
86
23
33
38
-59
-10
-151
-115
-192
-227
-151
-293
-33
-268
117
-156
230
-8
257
113
202
161
103
135
20
76
-11
29
4
22
30
47
31
70
-10
66
-73
30
-129
-20
-159
-62
-159
-83
-141
-84
-119
-71
-92
-44
-64
-1
-40
57
-30
110
-54
134
-107
101
-166
16
-191
-81
-153
-142
-61
-132
40
-59
95
28
70
76
-24
53
-129
-25
-194
-107
-186
-142
-126
-115
-52
-46
-7
25
3
71
-6
88
-6
91
18
95
48
99
73
83
86
39
97
-23
130
-71
190
-77
249
-35
268
21
216
43
101
-1
-30
-100
-118
-200
-121
-240
-54
-188
31
-60
80
88
57
197
-18
236
-100
219
-139
182
-124
163
-69
161
-10
158
28
129
51
66
85
-9
153
-56
256
-42
365
33
428
139
414
224
318
244
175
192
40
93
-37
1
-40
-40
6
-14
57
57
69
129
21
151
-65
111
-145
28
-172
-53
-133
-83
-54
-55
25
10
57
67
32
75
-20
33
-56
-30
-40
-67
24
-50
101
12
144
78
126
99
64
59
5
-25
-6
-100
45
-123
133
-76
210
13
231
98
180
135
83
109
-15
41
-71
-37
-71
-84
-23
-84
45
-41
102
27
127
94
115
137
74
146
23
119
-16
74
-24
39
3
40
45
84
71
151
50
205
-30
204
-146
136
-250
22
-294
-89
-261
-150
-169
-140
-64
-77
8
-5
30
38
18
39
0
11
7
-16
43
-28
91
-21
130
-10
150
-5
156
-4
158
8
151
34
123
57
57
53
-41
1
-144
-93
-210
-189
-206
-237
-148
-204
-75
-102
-47
16
-97
88
-207
81
-325
11
-390
-69
-373
-102
-291
-65
-199
20
-146
104
-152
140
-191
122
-220
76
-201
47
-136
66
-60
119
-21
172
-37
175
-93
115
-149
15
-158
-85
-107
-134
-16
-126
70
-74
110
-22
98
-3
51
-22
11
-54
1
-72
21
-55
47
-12
51
30
23
38
-27
10
-59
-40
-54
-69
0
-49
71
20
117
107
105
161
34
149
-62
66
-130
-57
-130
-166
-54
-215
76
-185
206
-98
291
11
307
91
262
120
185
98
117
49
79
6
78
-9
96
10
105
52
84
91
25
101
-64
74
-153
12
-221
-60
-245
-116
-231
-143
-198
-144
-166
-137
-148
-143
-132
-159
-96
-165
-30
-133
59
-45
133
81
150
199
88
256
-39
217
-170
105
-245
-25
-224
-103
-124
-91
0
-5
81
105
88
177
32
185
-33
151
-57
119
-24
132
33
197
69
274
43
311
-37
276
-131
178
-182
61
-162
-19
-78
-35
29
10
113
83
150
145
134
176
98
175
62
156
42
130
40
107
51
90
69
81
93
81
114
92
126
106
121
115
101
111
73
99
49
91
33
98
15
117
-23
130
-90
105
-175
31
-242
-72
-255
-165
-196
-196
-87
-151
21
-47
81
62
65
127
-4
125
-78
78
-110
31
-88
18
-30
46
23
94
49
127
47
131
46
121
71
127
121
165
171
227
185
277
146
278
69
213
-1
107
-28
5
-5
-58
49
-71
95
-57
99
-47
63
-65
11
-105
-28
-145
-36
-161
-25
-147
-8
-115
-2
-83
-8
-61
-13
-42
-7
-21
8
4
21
25
23
23
19
-4
27
-38
61
-51
116
-25
166
31
173
76
118
69
20
-10
-71
-134
-100
-245
-49
-288
55
-240
147
-135
168
-45
105
-27
-4
-86
-90
-181
-100
-238
-33
-216
63
-119
112
-3
80
62
-18
47
-123
-32
-168
-107
-129
-118
-31
-47
57
73
82
177
26
213
-77
173
-171
83
-213
-5
-196
-58
-147
-71
-101
-59
-83
-49
-91
-45
-111
-49
-134
-52
-157
-56
-182
-75
-201
-109
-199
-140
-155
-144
-71
-93
26
1
87
104
82
156
12
121
-79
1
-129
-152
-100
-272
4
-313
135
-276
236
-197
265
-119
227
-71
150
-49
67
-33
-5
-17
-76
-9
-151
-28
-216
-83
-245
-153
-213
-197
-114
-186
17
-113
131
-13
185
65
176
90
127
61
78
9
57
-34
54
-52
49
-51
25
-49
-19
-54
-66
-60
-96
-51
-114
-23
-127
4
-145
11
-163
-6
-150
-31
-86
-24
18
34
123
129
178
210
157
224
83
156
14
41
4
-49
61
-66
141
-7
180
74
136
110
30
71
-74
-13
-109
-78
-56
-68
44
20
121
132
130
203
77
197
15
135
-4
77
35
65
91
93
109
115
58
83
-33
-13
-106
-133
-116
-209
-58
-207
16
-139
45
-63
9
-42
-63
-83
-105
-147
-73
-171
31
-119
153
-10
230
107
231
177
175
187
110
164
69
148
49
155
23
168
-35
159
-119
110
-192
43
-218
3
-187
21
-132
90
-98
165
-112
204
-157
187
-194
134
-190
80
-144
47
-81
27
-40
-11
-24
-85
-6
-170
44
-219
132
-191
216
-91
238
23
160
80
1
43
-168
-65
-262
-173
-250
-211
-158
-156
-55
-47
-2
53
-11
97
-42
88
-52
71
-15
81
32
112
42
117
-7
45
-85
-108
-124
-284
-64
-393
91
-369
274
-217
380
-17
346
124
181
139
-33
35
-188
-114
-226
-216
-153
-221
-40
-146
34
-52
33
-4
-25
-24
-82
-83
-86
-124
-25
-100
62
-7
118
115
103
214
16
247
-109
206
-216
118
-264
27
-242
-33
-167
-46
-77
-28
3
-1
55
16
87
15
107
1
126
-13
142
-28
143
-44
125
-74
93
-118
60
-165
38
-198
32
-202
31
-177
19
-146
-13
-124
-58
-124
-89
-135
-88
-131
-49
-94
5
-33
45
26
51
48
38
25
32
-25
67
-59
143
-49
228
6
279
66
269
88
214
53
157
-13
145
-57
190
-35
260
51
298
160
264
232
163
227
44
158
-37
66
-54
1
-20
-23
21
-25
36
-38
25
-77
16
-126
31
-148
76
-122
121
-54
127
11
81
42
7
29
-51
4
-61
8
-32
59
-4
132
-16
173
-80
144
-157
42
-186
-83
-132
-164
-5
-163
139
-88
231
3
235
50
164
26
71
-58
7
-157
3
-223
50
-239
122
-202
188
-125
231
-28
245
78
226
177
165
239
66
238
-48
166
-140
42
-168
-81
-114
-146
-3
-132
110
-53
164
37
129
78
18
41
-113
-68
-204
-195
-220
-288
-160
-309
-63
-257
26
-155
74
-45
73
40
37
89
-5
105
-30
107
-26
115
2
136
38
168
64
192
67
194
54
166
42
115
48
64
81
34
130
37
173
64
187
89
163
91
110
59
57
8
21
-42
11
-79
20
-97
33
-103
42
-103
52
-98
69
-76
89
-37
104
10
97
47
67
54
29
34
1
-3
-4
-37
11
-62
30
-87
40
-129
41
-191
56
-251
103
-276
175
-244
240
-160
252
-69
192
-18
76
-31
-45
-88
-119
-131
-127
-123
-95
-56
-76
29
-100
76
-163
59
-216
-1
-206
-50
-124
-40
-7
28
78
106
86
131
28
69
-41
-55
-64
-175
-13
-235
76
-218
141
-162
138
-125
69
-139
-18
-189
-73
-231
-72
-223
-41
-171
-28
-110
-51
-88
-99
-115
-122
-158
-86
-165
4
-105
97
3
129
98
78
119
-28
50
-122
-69
-141
-165
-73
-182
40
-110
130
6
148
105
95
147
15
136
-46
106
-61
94
-44
105
-25
120
-28
114
-45
81
-53
39
-35
21
7
41
40
92
36
136
-18
142
-103
100
-172
40
-194
-1
-153
13
-78
91
-12
204
9
304
-28
351
-102
325
-173
237
-200
122
-158
23
-56
-25
79
-15
204
42
277
108
280
146
216
132
121
66
32
-26
-23
-110
-32
-161
-16
-175
4
-167
8
-158
-1
-162
-8
-173
4
-173
39
-146
84
-93
116
-28
118
25
87
54
34
54
-24
32
-76
-2
-113
-45
-139
-93
-148
-137
-132
-167
-93
-170
-37
-141
16
-93
46
-45
48
-23
31
-25
19
-41
27
-44
54
-21
74
22
62
57
9
58
-75
11
-155
-62
-201
-132
-200
-172
-170
-174
-133
-156
-110
-139
-95
-132
-72
-124
-30
-97
33
-41
91
33
117
94
104
115
66
88
33
35
35
-8
73
-18
127
11
161
52
156
80
110
69
53
30
8
-20
-8
-62
-1
-88
18
-104
35
-117
54
-131
79
-132
113
-110
147
-66
163
-12
146
29
98
45
37
36
-11
26
-34
39
-38
86
-43
149
-76
199
-142
207
-225
163
-287
83
-294
5
-236
-37
-132
-28
-16
23
68
82
103
113
91
98
63
45
48
-16
63
-52
98
-47
122
-14
105
13
35
-5
-71
-83
-168
-201
-206
-309
-163
-360
-59
-324
59
-219
136
-95
145
-4
97
26
37
11
10
-11
31
3
82
55
118
125
106
170
41
157
-45
88
-112
-6
-134
-88
-107
-139
-56
-150
-10
-144
16
-131
28
-122
30
-110
32
-93
30
-72
19
-61
5
-57
-4
-53
1
-37
20
1
35
50
28
83
-8
83
-51
47
-73
4
-54
-12
-1
17
43
71
45
102
-6
71
-78
-16
-110
-114
-66
-153
42
-94
157
42
204
189
144
264
5
234
-139
127
-209
16
-176
-29
-72
14
30
106
71
185
33
195
-44
133
-104
35
-107
-49
-59
-92
7
-100
53
-105
62
-132
52
-181
46
-235
66
-269
110
-266
162
-227
202
-162
216
-85
200
-6
155
60
81
97
-13
95
-111
50
-186
-18
-214
-79
-190
-107
-131
-93
-69
-52
-28
-13
-13
6
-14
6
-8
4
11
13
38
34
57
57
53
64
33
52
6
29
-17
2
-36
-29
-61
-73
-91
-140
-108
-219
-88
-276
-21
-272
77
-191
158
-58
171
67
97
126
-37
94
-173
-4
-248
-114
-246
-183
-187
-204
-117
-195
-73
-192
-52
-206
-33
-218
8
-203
63
-144
99
-61
86
5
21
25
-64
2
-129
-27
-150
-26
-139
12
-134
59
-164
70
-219
28
-257
-47
-237
-100
-144
-92
-18
-11
79
95
105
170
58
177
-21
129
-80
62
-98
11
-91
-14
-86
-31
-102
-66
-126
-115
-129
-154
-95
-148
-40
-90
-1
-9
-14
41
-78
30
-153
-36
-192
-114
-164
-154
-84
-136
-1
-78
46
-21
38
6
-1
2
-41
-15
-64
-21
-77
-16
-97
-9
-132
-21
-170
-46
-190
-64
-181
-57
-158
-29
-146
-7
-156
-18
-170
-62
-153
-108
-80
-111
33
-51
137
48
182
127
150
133
79
65
32
-28
54
-77
133
-50
209
28
216
81
139
57
25
-49
-49
-172
-27
-223
74
-166
174
-33
188
87
86
105
-78
8
-209
-144
-227
-252
-126
-244
25
-135
131
11
138
102
62
103
-23
38
-47
-22
13
-21
117
46
203
141
226
202
187
203
127
152
90
89
95
49
127
41
151
46
147
42
117
23
80
-3
48
-23
23
-34
-4
-42
-40
-57
-76
-85
-95
-106
-92
-106
-68
-80
-47
-41
-45
-16
-64
-20
-88
-49
-91
-81
-64
-93
-19
-74
22
-40
33
-13
15
-8
-22
-25
-57
-48
-77
-64
-91
-76
-103
-95
-117
-127
-118
-160
-87
-174
-21
-141
59
-66
118
22
128
82
94
88
42
45
17
-8
42
-26
100
8
147
75
138
123
59
110
-58
27
-157
-93
-190
-190
-146
-218
-62
-173
10
-86
32
-13
-1
17
-56
-3
-87
-43
-72
-68
-13
-62
64
-30
127
11
165
40
182
57
189
69
192
91
183
115
149
133
85
120
1
76
-75
14
-119
-36
-123
-53
-99
-31
-69
22
-54
83
-63
134
-91
166
-124
173
-159
158
-195
114
-223
36
-233
-62
-211
-159
-147
-223
-50
-233
49
-193
114
-131
118
-86
63
-83
-16
-119
-76
-167
-94
-185
-71
-158
-35
-92
-18
-18
-29
31
-58
49
-76
56
-63
72
-21
117
28
184
52
242
30
264
-28
231
-92
153
-136
54
-136
-29
-95
-74
-31
-74
29
-33
62
23
55
71
7
88
-63
66
-127
18
-159
-32
-143
-58
-91
-37
-28
13
11
68
11
89
-21
68
-48
18
-41
-21
4
-19
65
21
98
68
75
77
6
25
-70
-76
-106
-182
-78
-249
0
-260
84
-227
140
-190
163
-166
169
-148
186
-110
217
-32
238
71
211
160
120
187
-6
144
-120
54
-168
-25
-144
-49
-73
-12
-11
52
9
104
-13
117
-45
106
-58
97
-48
109
-37
128
-54
124
-105
69
-159
-25
-176
-116
-134
-153
-55
-118
11
-43
13
14
-57
6
-156
-68
-224
-162
-214
-214
-134
-188
-30
-97
37
8
39
72
-9
72
-60
28
-71
-18
-33
-34
33
-20
89
5
111
9
106
-13
100
-46
113
-65
145
-52
181
-3
192
60
169
114
113
146
43
156
-23
153
-70
151
-98
155
-108
165
-114
178
-119
182
-126
168
-132
128
-124
72
-91
16
-21
-12
75
4
168
56
223
115
214
137
148
98
57
1
-12
-119
-27
-216
8
-262
65
-262
107
-240
114
-223
97
-214
81
-198
80
-156
80
-83
54
-13
-18
16
-127
-23
-231
-115
-278
-204
-241
-240
-142
-191
-35
-78
19
40
-9
105
-98
93
-196
20
-248
-67
-233
-119
-165
-118
-80
-73
-18
-10
6
45
3
85
-17
111
-34
133
-47
155
-59
177
-71
195
-83
207
-93
216
-104
214
-116
197
-125
159
-127
103
-108
42
-59
-8
17
-25
110
-11
193
34
249
93
267
148
242
188
180
198
89
169
-18
92
-114
-25
-172
-156
-165
-258
-89
-293
35
-247
156
-141
228
-21
229
59
173
74
105
40
71
1
92
-2
146
46
187
117
175
163
105
145
6
64
-62
-45
-62
-126
11
-134
117
-67
206
46
236
152
197
214
117
220
30
182
-28
131
-52
83
-45
48
-28
24
-8
2
3
-21
11
-45
18
-71
23
-95
31
-115
44
-122
63
-112
88
-76
107
-16
106
52
77
106
18
127
-53
112
-108
79
-128
54
-112
53
-76
81
-46
113
-42
127
-66
107
-96
55
-109
-11
-88
-66
-41
-97
26
-98
88
-76
134
-41
155
-8
151
15
125
20
85
2
43
-40
13
-94
13
-136
48
-142
105
-104
153
-37
163
28
127
57
57
40
-14
-10
-52
-59
-50
-80
-25
-67
-8
-43
-18
-35
-55
-57
-96
-100
-114
-141
-101
-156
-74
-149
-57
-136
-59
-141
-74
-166
-77
-193
-46
-190
12
-147
66
-75
86
-10
62
14
14
-5
-18
-39
-5
-50
42
-18
93
42
107
88
72
88
14
36
-25
-35
-13
-80
42
-75
107
-33
138
7
122
8
82
-31
53
-82
66
-103
113
-78
155
-24
154
18
103
18
26
-30
-34
-93
-49
-127
-23
-115
14
-64
28
-6
5
34
-38
50
-74
54
-86
63
-72
83
-49
100
-23
104
16
100
77
106
164
143
254
207
315
270
317
289
264
243
190
141
141
30
136
-45
161
-68
170
-62
129
-75
35
-138
-66
-240
-117
-330
-88
-349
7
-269
110
-119
160
42
131
148
44
175
-45
142
-89
95
-72
70
-21
72
25
80
42
64
36
18
32
-35
52
-61
95
-35
132
32
126
105
57
142
-57
125
-179
58
-265
-23
-292
-87
-264
-112
-207
-103
-149
-76
-107
-54
-80
-40
-63
-37
-47
-39
-33
-45
-23
-57
-17
-74
-11
-91
4
-95
29
-71
56
-16
64
53
33
107
-40
117
-136
74
-223
-11
-264
-100
-245
-164
-178
-180
-91
-159
-21
-122
21
-93
38
-84
47
-80
64
-69
90
-42
110
-8
112
17
95
25
74
24
64
30
69
63
74
117
47
166
-25
171
-136
111
-247
1
-307
-114
-294
-177
-218
-161
-130
-79
-78
17
-94
80
-158
86
-226
49
-250
11
-218
7
-148
43
-84
95
-57
117
-71
89
-92
17
-86
-64
-31
-108
59
-93
145
-29
184
45
152
86
64
69
-37
7
-105
-63
-107
-89
-49
-47
28
62
76
188
62
279
-15
292
-115
227
-185
116
-186
20
-118
-23
-20
-7
52
28
57
32
-1
-25
-83
-131
-127
-235
-100
-279
-22
-233
62
-121
92
0
49
74
-40
77
-122
34
-144
-6
-95
-4
-5
46
76
114
113
162
101
166
64
134
31
88
15
55
4
37
-18
26
-58
6
-107
-16
-144
-28
-161
-16
-161
26
-165
74
-186
100
-224
88
-254
40
-250
-19
-202
-66
-124
-86
-38
-88
25
-91
60
-107
68
-135
66
-165
61
-182
50
-185
28
-176
-5
-163
-47
-149
-86
-130
-115
-105
-134
-78
-144
-59
-144
-51
-127
-51
-83
-44
-14
-18
63
24
124
71
148
99
133
88
91
41
47
-24
18
-83
6
-123
-3
-145
-19
-156
-49
-170
-83
-185
-111
-197
-122
-202
-116
-190
-94
-169
-66
-134
-33
-91
-1
-39
23
11
29
48
15
59
-13
36
-36
-8
-35
-52
-2
-66
50
-47
91
-6
101
26
77
30
35
4
4
-30
4
-44
33
-19
64
39
69
102
31
139
-47
129
-139
74
-212
-8
-243
-86
-226
-137
-170
-145
-100
-112
-43
-57
-22
-6
-43
11
-94
-21
-148
-94
-170
-175
-136
-223
-55
-209
40
-134
106
-32
107
52
45
82
-49
55
-129
-5
-166
-60
-153
-86
-105
-83
-53
-61
-9
-37
19
-18
40
-4
54
6
57
2
47
-21
29
-66
18
-119
31
-154
68
-151
110
-110
132
-52
116
-8
64
1
6
-18
-28
-43
-22
-52
15
-35
62
-4
105
24
136
43
163
59
195
81
221
113
229
144
205
152
151
131
86
91
30
48
-5
19
-30
1
-56
-23
-83
-62
-92
-108
-57
-129
27
-99
136
-12
229
95
263
177
238
197
180
156
139
93
136
49
161
42
177
57
152
57
87
23
13
-25
-35
-54
-46
-38
-45
11
-69
47
-131
31
-200
-46
-218
-138
-147
-177
6
-122
173
6
279
141
276
207
188
175
80
74
16
-31
17
-86
50
-81
65
-56
29
-54
-40
-82
-98
-117
-107
-117
-75
-64
-38
15
-40
65
-85
44
-131
-41
-119
-133
-20
-165
144
-104
303
22
387
146
357
199
245
152
119
37
47
-81
56
-143
123
-122
195
-41
226
54
193
116
116
124
34
93
-16
46
-13
20
32
31
92
80
134
144
134
189
92
197
26
167
-36
115
-71
70
-79
47
-72
40
-71
31
-75
7
-69
-21
-30
-26
49
17
142
112
202
213
194
265
124
231
38
123
1
3
49
-57
160
-25
266
72
298
161
230
180
112
118
11
23
-11
-32
45
-6
119
81
149
163
107
175
26
115
-24
25
-1
-28
90
-11
184
59
223
118
179
115
89
42
12
-52
-8
-116
20
-119
51
-86
41
-65
-18
-88
-85
-149
-109
-202
-70
-199
9
-130
77
-31
86
42
34
54
-44
5
-96
-70
-98
-129
-52
-154
14
-144
76
-117
125
-70
165
-6
192
80
193
168
148
220
60
209
-41
132
-112
19
-114
-76
-47
-123
56
-117
148
-86
203
-60
220
-55
223
-52
227
-42
227
-15
206
6
156
1
90
-37
38
-81
28
-96
57
-58
91
14
91
78
40
98
-37
64
-97
4
-105
-34
-69
-28
-24
6
-13
26
-40
8
-79
-47
-90
-93
-53
-98
12
-51
57
9
56
35
15
6
-18
-55
-1
-91
77
-62
173
27
225
124
193
168
94
127
-18
28
-81
-73
-74
-122
-25
-109
13
-69
5
-47
-40
-62
-84
-98
-85
-110
-37
-71
24
2
58
73
47
98
6
67
-17
13
5
-21
64
-13
119
17
131
31
86
-6
16
-90
-35
-177
-33
-218
11
-186
51
-100
40
-14
-38
23
-156
-6
-253
-71
-284
-117
-235
-108
-138
-30
-45
86
-4
186
-26
228
-87
199
-146
121
-162
37
-124
-15
-57
-19
8
6
33
27
6
12
-52
-48
-100
-129
-104
-189
-54
-193
23
-136
86
-48
95
21
49
31
-20
-18
-62
-92
-44
-141
33
-129
129
-68
189
7
180
39
110
1
23
-101
-32
-221
-23
-310
45
-337
132
-302
206
-229
228
-150
197
-93
125
-69
33
-89
-60
-147
-124
-227
-143
-304
-101
-344
-6
-320
117
-234
223
-103
275
25
262
108
197
127
120
94
73
43
69
8
103
4
150
29
187
66
198
105
187
138
165
165
133
188
95
202
48
198
1
175
-33
140
-44
105
-27
88
10
90
48
104
77
116
86
117
81
104
69
79
52
49
36
17
18
-14
-1
-43
-22
-66
-35
-71
-42
-53
-51
-11
-66
48
-104
107
-167
143
-250
140
-337
86
-399
-5
-409
-105
-346
-170
-218
-168
-55
-91
91
38
171
168
163
243
79
240
-25
168
-97
79
-104
23
-57
28
1
76
28
129
6
141
-42
107
-68
54
-42
25
40
54
139
130
206
218
211
272
159
263
82
199
22
113
-2
35
5
-19
20
-55
23
-90
15
-129
5
-171
13
