-129
-47
-138
4
-117
49
-75
73
-30
73
4
54
15
26
6
2
-21
-6
-52
8
-76
43
-80
85
-59
117
-28
122
-1
93
-4
45
-38
-2
-93
-24
-137
-16
-157
0
-144
11
-115
1
-98
-24
-96
-37
-103
-33
-91
-3
-51
32
13
44
68
19
82
-23
45
-57
-22
-47
-85
6
-115
77
-113
137
-100
164
-101
161
-120
152
-144
156
-142
169
-109
167
-59
127
-23
47
-33
-42
-82
-98
-132
-91
-143
-36
-88
26
11
47
101
1
130
-84
78
-153
-26
-159
-122
-80
-151
49
-96
166
19
216
135
168
194
48
166
-88
72
-181
-44
-199
-126
-143
-139
-56
-86
17
1
39
78
12
114
-42
104
-83
70
-92
46
-64
44
-28
62
-11
77
-26
57
-66
-1
-93
-85
-88
-156
-35
-182
45
-158
115
-103
148
-47
137
-18
99
-25
59
-57
39
-94
47
-125
74
-139
117
-133
161
-100
200
-42
218
36
189
103
105
122
-23
70
-157
-46
-243
-178
-245
-270
-163
-275
-40
-194
57
-76
82
22
37
51
-38
16
-86
-46
-78
-85
-18
-77
52
-33
93
13
86
34
45
21
2
-11
-25
-38
-33
-52
-33
-52
-32
-43
-32
-28
-28
0
-28
40
-35
73
-71
78
-128
32
-185
-63
-200
-166
-149
-228
-40
-211
78
-128
151
-25
140
38
59
30
-40
-31
-101
-98
-95
-125
-40
-92
24
-21
58
49
54
91
33
100
18
92
25
83
40
75
48
47
45
-12
38
-87
56
-148
98
-165
141
-136
150
-92
91
-83
-29
-139
-156
-250
-234
-360
-221
-410
-130
-366
-14
-243
66
-96
78
13
37
57
-15
49
-33
24
-3
17
56
29
105
42
123
27
115
-25
108
-91
130
-131
184
-114
243
-39
264
64
214
144
95
159
-58
101
-189
1
-247
-91
-218
-126
-127
-88
-24
0
44
92
52
140
18
127
-16
71
-11
16
49
7
135
52
205
128
214
188
153
192
54
139
-31
60
-69
1
-57
-6
-27
31
-23
74
-66
76
-140
19
-199
-74
-195
-154
-116
-174
11
-117
134
-18
205
81
206
133
160
119
104
59
83
-15
109
-62
168
-69
236
-40
284
12
288
58
250
79
175
68
92
20
23
-40
-13
-85
-6
-88
24
-42
47
36
30
103
-39
121
-138
75
-222
-16
-251
-105
-202
-145
-103
-117
4
-42
66
39
70
86
32
88
-18
59
-45
28
-46
13
-31
15
-19
21
-20
23
-23
24
-19
37
-13
65
-18
92
-50
93
-111
45
-172
-47
-198
-141
-158
-188
-66
-156
30
-58
74
56
32
122
-80
109
-206
34
-282
-52
-277
-89
-206
-56
-122
28
-74
112
-79
148
-113
130
-129
86
-98
58
-18
77
69
132
116
183
103
187
42
128
-25
26
-52
-71
-25
-119
38
-107
95
-52
111
3
76
26
13
10
-33
-21
-41
-37
-11
-21
34
20
59
56
56
58
28
21
13
-35
31
-72
86
-59
146
5
169
90
125
146
13
137
-127
59
-242
-54
-287
-153
-247
-190
-146
-149
-34
-52
49
62
74
148
50
180
6
158
-23
105
-16
57
27
35
85
49
132
85
136
123
93
132
14
107
-77
52
-151
-11
-187
-57
-188
-73
-167
-62
-145
-44
-131
-40
-111
-50
-69
-53
12
-21
119
64
214
182
250
288
206
328
91
274
-33
140
-108
-11
-96
-113
-11
-127
93
-68
153
14
137
59
62
38
-18
-24
-52
-81
-23
-91
37
-45
82
17
72
47
9
12
-67
-77
-103
-179
-73
-235
17
-219
120
-139
195
-28
211
74
175
144
110
174
47
179
1
171
-23
155
-28
135
-16
112
9
93
41
77
73
63
93
42
103
13
107
-19
115
-40
124
-35
129
-8
105
21
45
23
-39
-18
-115
-86
-139
-141
-94
-137
0
-64
97
63
147
186
128
254
62
245
-3
182
-21
110
20
70
98
66
175
80
218
82
233
60
244
28
275
20
325
51
366
112
367
168
311
180
215
131
122
44
73
-37
74
-79
109
-71
136
-37
124
-11
74
-13
7
-40
-45
-69
-66
-76
-68
-59
-65
-26
-76
2
-95
21
-113
28
-118
37
-111
47
-103
51
-99
33
-97
-11
-78
-59
-28
-83
47
-64
117
-11
146
39
108
41
25
-24
-55
-132
-79
-223
-27
-247
72
-180
156
-64
168
33
93
53
-25
-14
-115
-122
-124
-200
-49
-203
57
-135
127
-48
119
-10
47
-49
-29
-144
-45
-226
20
-238
137
-160
240
-25
272
100
214
158
103
141
-3
74
-61
4
-61
-38
-30
-45
0
-36
6
-33
-11
-44
-36
-62
-61
-80
-83
-100
-109
-127
-127
-164
-125
-192
-84
-185
-7
-115
79
4
131
134
113
218
34
209
-64
115
-117
-21
-86
-135
28
-177
179
-151
303
-91
359
-40
351
-22
303
-30
246
-45
190
-53
129
-62
53
-87
-28
-135
-82
-186
-85
-202
-30
-151
55
-31
122
118
132
247
85
320
9
333
-57
313
-85
289
-81
279
-71
274
-73
255
-92
216
-113
173
-122
135
-122
113
-127
91
-149
52
-175
-6
-180
-63
-140
-79
-61
-32
18
62
49
151
11
179
-74
132
-145
43
-152
-24
-86
-16
9
63
65
158
37
203
-57
167
-154
77
-190
4
-142
1
-52
74
12
171
7
228
-58
213
-125
149
-141
93
-92
87
-13
129
36
170
25
162
-22
88
-50
-8
-20
-63
71
-44
167
35
205
114
159
130
66
80
-13
-4
-25
-54
26
-32
97
46
127
132
89
168
11
147
-62
96
-96
56
-91
45
-81
44
-90
25
-125
-32
-150
-100
-134
-141
-76
-120
-6
-46
23
38
-11
88
-91
83
-175
45
-223
9
-228
-2
-213
2
-208
-13
-212
-61
-197
-122
-127
-151
-2
-106
134
4
220
120
209
174
118
124
11
-1
-38
-132
5
-197
107
-168
202
-83
224
-4
170
26
81
16
8
9
-21
38
-33
99
-71
140
-156
115
-255
10
-296
-119
-225
-185
-42
-124
175
54
323
267
333
409
208
409
30
279
-98
93
-120
-54
-38
-110
74
-84
143
-40
130
-38
62
-97
-4
-185
-13
-248
44
-238
132
-151
194
-25
187
81
108
122
-9
91
-114
14
-167
-69
-158
-120
-105
-130
-42
-109
4
-79
19
-59
13
-57
1
-66
-7
-76
-8
-81
-11
-89
-19
-109
-31
-141
-32
-178
-11
-202
30
-200
79
-175
112
-144
120
-127
107
-134
93
-155
96
-160
123
-133
152
-81
157
-28
119
-6
56
-28
2
-74
-8
-99
30
-78
86
-10
119
64
103
98
49
75
4
16
11
-23
78
1
171
84
229
187
214
249
125
234
12
151
-66
47
-86
-31
-57
-64
-22
-76
-11
-96
-24
-141
-31
-194
-7
-215
50
-186
110
-115
136
-45
108
-8
49
-11
3
-27
-5
-11
18
54
32
142
-7
199
-104
185
-221
100
-295
-9
-284
-76
-197
-63
-86
21
-17
117
-26
168
-95
142
-180
54
-221
-52
-194
-131
-109
-158
1
-136
108
-76
187
8
229
103
233
189
185
243
91
235
-25
158
-122
33
-158
-89
-110
-154
-1
-137
115
-55
177
37
160
81
74
44
-28
-64
-88
-193
-73
-288
13
-315
132
-267
233
-173
279
-71
267
6
208
48
133
57
68
54
28
59
12
78
7
113
-4
145
-28
157
-57
141
-77
105
-69
73
-25
60
42
80
105
121
139
155
129
163
90
131
42
76
6
13
-8
-40
-11
-78
-11
-107
-13
-130
-13
-146
-2
-141
20
-112
42
-68
49
-26
40
-4
25
-3
21
-11
38
-13
72
-3
103
5
112
-6
106
-44
105
-88
127
-108
170
-78
203
-8
187
60
100
83
-35
33
-165
-57
-237
-137
-233
-159
-181
-117
-134
-49
-131
-11
-163
-26
-190
-78
-161
-112
-70
-81
45
11
117
115
103
163
15
125
-89
20
-146
-86
-129
-135
-66
-110
-16
-52
-23
-16
-83
-34
-150
-87
-175
-134
-140
-134
-70
-87
-17
-33
-7
-16
-28
-50
-35
-100
6
-116
91
-65
167
36
172
122
91
136
-49
60
-177
-67
-226
-170
-183
-190
-88
-119
-8
-6
6
91
-42
132
-115
120
-165
90
-168
72
-140
76
-110
83
-105
68
-118
23
-124
-30
-105
-61
-62
-49
-24
-6
-23
35
-66
42
-138
4
-190
-53
-192
-86
-131
-66
-37
20
47
136
80
238
49
282
-22
247
-98
148
-135
19
-109
-94
-22
-156
97
-156
207
-106
272
-40
269
4
209
3
124
-44
49
-110
18
-166
28
-188
69
-173
108
-140
128
-113
128
-107
124
-115
131
-121
154
-109
180
-75
190
-33
165
-1
108
6
30
-11
-46
-41
-114
-77
-161
-114
-190
-146
-198
-170
-178
-176
-132
-153
-66
-101
-5
-31
35
33
45
65
37
63
34
43
53
31
91
42
126
74
133
100
100
95
40
50
-15
-17
-36
-74
-13
-93
37
-72
87
-30
117
11
129
36
138
56
159
84
194
135
219
192
210
228
158
218
86
156
25
66
4
-14
28
-52
74
-44
107
-14
102
8
64
6
9
-19
-33
-51
-49
-72
-49
-78
-45
-76
-44
-79
-47
-86
-44
-91
-33
-81
-17
-56
-10
-23
-30
-4
-69
-13
-111
-41
-132
-63
-119
-56
-85
-8
-51
66
-46
134
-83
164
-145
145
-198
92
-209
37
-165
16
-89
40
-6
97
41
157
37
181
-8
154
-64
87
-95
9
-86
-43
-47
-53
-8
-33
-2
-13
-47
-36
-127
-115
-198
-231
-219
-335
-168
-380
-65
-340
42
-231
98
-105
81
-13
4
17
-86
2
-138
-19
-135
-8
-92
47
-50
121
-46
170
-83
165
-134
103
-161
13
-137
-66
-69
-115
16
-131
88
-134
129
-137
145
-148
140
-160
123
-167
99
-173
62
-185
19
-199
-14
-208
-27
-195
-17
-153
-3
-91
0
-36
-20
-11
-39
-18
-35
-34
9
-23
83
25
145
88
153
117
100
75
20
-35
-33
-166
-15
-243
66
-228
151
-135
170
-30
86
13
-70
-37
-223
-153
-295
-260
-255
-284
-140
-206
-19
-66
40
65
25
138
-33
137
-77
101
-69
73
-16
74
54
103
98
119
103
103
86
52
74
-18
90
-74
131
-102
183
-95
224
-68
245
-24
234
21
196
61
124
77
32
60
-68
8
-148
-62
-186
-118
-175
-137
-133
-112
-87
-59
-62
-7
-63
25
-74
36
-74
40
-53
54
-18
76
13
97
29
101
30
85
28
54
33
22
39
-15
38
-62
29
-133
28
-211
57
-267
131
-259
231
-172
310
-33
317
99
233
163
90
136
-58
42
-146
-67
-152
-137
-103
-161
-43
-158
-4
-163
11
-185
26
-209
64
-205
117
-155
152
-84
141
-28
77
-20
-6
-53
-69
-92
-86
-100
-73
-74
-66
-36
-93
-37
-147
-91
-185
-177
-165
-240
-74
-239
49
-165
146
-62
169
14
122
26
44
-15
-14
-74
-30
-110
-16
-120
-8
-121
-20
-139
-42
-175
-46
-199
-14
-180
33
-114
62
-27
30
30
-54
26
-155
-33
-221
-103
-218
-135
-165
-102
-102
-28
-71
51
-86
101
-121
119
-148
128
-148
146
-129
173
-112
192
-105
192
-100
170
-81
148
-39
144
8
156
32
161
24
129
-5
67
-16
3
18
-13
83
40
134
133
123
214
36
223
-85
163
-173
75
-182
30
-122
57
-52
127
-38
168
-98
122
-189
-11
-229
-165
-171
-251
-34
-228
100
-125
146
-30
71
-30
-74
-137
-191
-287
-201
-385
-95
-361
54
-226
155
-53
156
67
73
94
-21
50
-54
4
-4
10
92
75
165
158
175
206
119
187
42
118
-14
39
-30
-13
-23
-25
-20
-18
-43
-8
-93
-6
-144
-7
-184
1
-211
18
-234
37
-260
42
-279
26
-278
5
-250
-1
-202
8
-157
23
-133
21
-134
-13
-146
-69
-142
-124
-112
-148
-69
-134
-37
-93
-36
-49
-67
-21
-114
-6
-156
6
-184
21
-197
38
-206
41
-209
21
-194
-12
-144
-37
-54
-28
49
14
132
63
164
82
149
46
112
-37
98
-122
125
-166
182
-148
224
-86
204
-33
110
-34
-23
-100
-141
-196
-192
-267
-166
-273
-99
-206
-40
-105
-30
-20
-72
13
-133
-8
-168
-52
-156
-86
-98
-90
-21
-66
45
-39
85
-17
105
-7
116
4
125
24
122
50
96
67
40
57
-34
15
-99
-45
-131
-94
-124
-111
-89
-91
-49
-37
-27
24
-30
76
-54
111
-90
127
-130
122
-171
91
-209
32
-232
-45
-224
-119
-176
-158
-95
-144
-11
-80
40
5
33
66
-30
82
-115
53
-177
6
-195
-20
-169
-6
-127
39
-102
85
-105
105
-124
91
-134
59
-110
42
-59
54
-2
92
26
127
12
133
-40
92
-100
13
-139
-78
-135
-148
-90
-175
-22
-151
42
-87
77
-7
73
62
28
95
-38
86
-99
42
-128
-10
-107
-40
-49
-32
23
6
67
45
77
56
58
25
43
-29
63
-64
122
-55
196
3
238
71
224
108
159
84
83
11
44
-69
63
-116
127
-112
193
-76
229
-42
228
-30
213
-32
210
-16
223
33
229
110
193
173
100
179
-25
119
-131
22
-168
-60
-128
-80
-42
-33
37
45
72
110
63
136
38
136
27
132
37
144
44
159
19
143
-39
73
-103
-40
-127
-150
-88
-209
-6
-193
65
-134
78
-88
24
-105
-59
-182
-107
-276
-78
-326
17
-296
132
-200
202
-93
197
-28
136
-27
62
-74
20
-123
22
-144
48
-134
59
-112
42
-108
-1
-130
-38
-159
-48
-170
-30
-146
3
-86
19
-11
9
55
-28
100
-74
119
-112
127
-132
129
-136
136
-124
151
-112
163
-103
167
-101
153
-104
115
-93
61
-59
11
10
-12
106
10
202
71
260
135
256
165
197
130
115
36
54
-84
46
-182
86
-228
146
-228
188
-201
194
-177
175
-157
155
-124
148
-60
144
38
115
136
44
192
-59
179
-156
110
-192
33
-141
1
-26
43
97
137
165
225
152
250
72
190
-21
64
-72
-74
-61
-177
1
-219
74
-209
124
-168
135
-126
117
-84
86
-49
57
-9
36
35
18
80
4
119
-11
148
-26
164
-42
163
-58
136
-76
81
-91
1
-84
-85
-51
-160
8
-200
83
-201
153
-161
197
-98
206
-28
177
36
115
79
28
87
-72
49
-161
-30
-214
-129
-200
-209
-124
-231
-5
-185
109
-88
168
13
151
66
74
52
-15
-13
-65
-82
-61
-107
-15
-75
25
-9
22
39
-33
33
-105
-30
-143
-115
-109
-167
-1
-149
139
-59
257
71
306
188
281
255
201
257
112
211
37
146
-4
82
-19
31
-25
-8
-26
-40
-29
-69
-28
-95
-21
-115
-8
-131
13
-139
41
-136
80
-111
119
-62
153
8
156
83
122
140
47
161
-45
144
-132
110
-189
81
-210
80
-211
106
-215
143
-236
165
-273
156
-304
116
-308
63
-269
19
-188
-1
-86
6
16
29
98
59
152
82
173
90
167
74
136
32
95
-37
58
-116
47
-182
68
-207
112
-182
152
-121
159
-57
127
-19
67
-21
15
-49
-3
-72
22
-66
69
-22
106
31
106
64
74
64
28
37
-4
8
-13
-3
-13
4
-23
12
-54
-1
-93
-40
-112
-83
-91
-97
-33
-69
30
-11
67
40
65
53
40
25
28
-17
57
-33
111
-4
156
54
154
99
94
99
-1
46
-82
-26
-116
-73
-105
-69
-76
-30
-73
6
-103
6
-144
-35
-156
-86
-115
-107
-28
-80
63
-22
117
23
119
26
91
-18
71
-78
88
-115
132
-104
175
-61
182
-13
144
13
77
9
13
-9
-28
-23
-44
-27
-45
-30
-39
-42
-18
-58
30
-59
107
-21
190
54
243
135
235
181
169
163
79
95
12
18
-9
-26
-1
-23
-7
4
-59
1
-155
-62
-251
-175
-288
-288
-238
-339
-112
-298
25
-190
110
-74
115
-11
59
-21
-8
-83
-39
-153
-20
-187
23
-183
50
-164
40
-159
2
-175
-37
-193
-49
-180
-33
-119
-16
-18
-34
84
-101
144
-205
142
-310
85
-371
7
-368
-60
-312
-93
-226
-93
-145
-78
-83
-64
-43
-59
-20
-62
-1
-64
13
-68
21
-74
28
-83
38
-89
62
-80
101
-42
150
23
180
101
175
162
126
177
50
136
-23
51
-59
-44
-47
-113
2
-137
59
-124
92
-98
86
-81
54
-78
13
-83
-16
-78
-30
-54
-36
-23
-50
6
-69
19
-79
24
-66
42
-28
87
17
154
34
219
3
237
-70
190
-148
90
-185
-15
-156
-72
-76
-56
8
21
44
113
11
165
-78
158
-173
107
-226
53
-225
30
-183
49
-146
81
-143
88
-176
43
-216
-45
-223
-140
-178
-201
-95
-200
-11
-151
32
-91
11
-63
-61
-93
-141
-165
-180
-240
-146
-268
-51
-221
69
-107
161
34
185
146
145
186
75
149
27
72
37
8
108
-1
197
42
252
101
231
122
141
74
27
-33
-52
-146
-59
-205
-6
-182
53
-97
67
-5
17
40
-75
18
-152
-47
-165
-101
-103
-107
2
-57
100
18
151
78
155
100
132
87
111
65
106
52
106
52
94
57
64
51
25
35
-3
28
-10
42
0
82
3
125
-15
149
-50
132
-81
83
-83
22
-44
-25
24
-46
96
-51
145
-55
165
-76
161
-108
146
-145
134
-172
119
-186
98
-187
67
-186
31
-182
-1
-170
-23
-148
-37
-122
-45
-97
-46
-79
-33
-66
1
-43
55
1
115
64
157
127
161
170
126
175
66
139
9
81
-29
25
-45
-16
-52
-39
-63
-53
-82
-70
-101
-90
-111
-105
-104
-109
-76
-96
-36
-70
8
-31
55
19
97
76
126
135
134
178
116
192
78
170
42
127
26
81
39
60
69
72
90
103
79
127
38
122
-16
86
-53
43
-49
21
-10
39
41
91
77
146
76
181
42
167
0
110
-22
29
-4
-49
57
-99
149
-105
245
-71
313
-11
335
42
298
62
217
30
124
-45
54
-128
34
-180
62
-173
107
-110
129
-18
96
54
11
71
-92
37
-171
-28
-195
-86
-161
-107
-86
-91
-5
-52
66
-3
118
47
154
95
173
140
173
173
147
180
106
160
64
123
42
94
42
93
48
117
37
148
-6
155
-77
119
-147
54
-185
-20
-175
-74
-125
-96
-59
-98
6
-91
64
-86
117
-72
176
-42
230
4
260
52
257
85
219
87
167
65
118
40
83
22
53
7
14
-19
-32
-67
-66
-127
-66
-163
-17
-150
54
-81
106
13
103
83
43
97
-38
54
-96
-8
-104
-43
-71
-40
-38
-13
-34
-1
-62
-21
-95
-57
-98
-75
-67
-50
-33
7
-31
51
-78
41
-146
-28
-175
-115
-123
-146
-1
-85
135
52
205
194
174
268
64
240
-54
143
-117
38
-100
-18
-39
-21
12
-6
21
-16
-3
-58
-16
-108
10
-123
69
-83
119
-17
117
24
57
-2
-16
-87
-40
-175
19
-202
145
-132
269
4
325
139
278
201
161
165
43
59
-11
-53
25
-111
124
-89
231
-7
288
85
279
144
216
150
136
116
79
66
64
38
84
49
115
98
129
161
103
209
42
216
-33
187
-95
136
-122
95
-113
71
-85
66
-62
58
-47
36
-28
10
15
5
87
50
159
143
190
242
144
291
31
252
-98
137
-173
5
-156
-68
-64
-50
39
31
82
105
42
108
-41
34
-94
-72
-65
-132
38
-108
157
-19
218
70
192
98
112
54
45
-15
39
-48
85
-7
129
84
112
161
16
173
-122
112
-235
24
-280
-38
-260
-42
-224
-12
-216
4
-244
-27
-274
-95
-259
-153
-177
-154
-62
-88
35
11
67
86
28
99
-45
52
-100
-20
-111
-79
-76
-105
-25
-100
21
-76
59
-36
88
23
105
102
100
185
52
234
-37
225
-142
152
-216
52
-223
-28
-163
-56
-65
-29
21
25
69
71
85
99
88
115
95
137
106
167
99
184
66
167
19
112
-8
45
4
5
54
15
105
58
119
100
78
99
7
50
-48
-13
-57
-49
-21
-34
23
14
35
57
8
62
-29
33
-34
9
9
25
78
83
128
152
127
177
83
139
39
63
42
5
99
6
173
66
199
132
143
144
21
76
-108
-47
-181
-168
-175
-230
-119
-223
-66
-183
-52
-157
-71
-166
-86
-189
-57
-188
12
-136
91
-47
132
37
117
72
66
54
23
8
20
-18
51
-4
79
33
70
51
10
17
-66
-63
-107
-148
-87
-188
-13
-157
64
-74
96
5
60
33
-17
-8
-83
-89
-91
-154
-31
-164
64
-107
140
-13
156
67
98
94
-5
54
-106
-28
-165
-113
-162
-160
-121
-153
-74
-110
-57
-69
-82
-59
-131
-94
-163
-151
-151
-188
-83
-173
10
-102
83
-4
98
70
52
84
-23
33
-77
-45
-70
-96
-8
-88
76
-25
126
54
114
96
45
72
-35
-10
-78
-107
-57
-170
23
-171
124
-110
202
-14
228
85
192
158
106
188
-7
169
-125
105
-221
10
-272
-87
-261
-153
-191
-161
-89
-105
3
-8
54
86
47
136
-2
124
-54
65
-74
-10
-43
-65
27
-87
107
-75
173
-48
209
-16
218
13
205
40
178
66
136
84
81
91
21
80
-26
59
-51
44
-46
47
-18
69
16
103
43
135
56
154
59
152
60
135
61
105
61
71
60
26
57
-19
51
-63
49
-95
48
-105
44
-90
28
-56
-16
-20
-88
-3
-183
-16
-284
-73
-359
-160
-382
-249
-331
-298
-214
-276
-54
-174
89
-21
170
133
165
228
90
240
-5
180
-66
94
-65
36
-11
33
50
70
76
107
47
105
-10
56
-52
-10
-45
-47
14
-22
91
57
135
153
119
220
49
228
-41
186
-110
120
-138
64
-131
29
-112
7
-102
-17
-103
-53
-103
-96
-86
