199
-310
-311
-276
257
203
179
-315
168
-322
-192
303
129
-339
110
-349
329
105
-362
-100
-366
-79
-371
-59
-46
355
-377
-16
346
-15
16
356
-368
51
-365
72
335
-95
102
342
-146
-334
-337
155
306
-171
180
308
197
294
214
285
229
270
244
-256
230
-268
-231
288
-306
-203
299
193
-323
-171
145
-327
-342
-132
105
-343
342
93
-76
354
46
-358
-35
359
-13
361
-17
-361
-364
32
-58
-356
71
353
-354
95
112
342
330
-135
151
325
170
316
-310
191
-213
-296
-285
224
265
-243
252
252
-242
272
281
222
-208
296
-191
308
166
-320
-330
-152
128
-337
-346
-111
-353
-92
354
68
356
49
-30
357
360
5
13
358
-361
33
-57
-359
-354
74
-97
-349
115
342
333
-137
-327
153
-318
172
192
305
293
-211
-228
-285
-268
240
-260
-253
-274
-238
-223
286
201
-298
-187
307
-322
-172
-331
-151
336
128
108
-344
348
88
352
67
46
-360
360
27
4
-363
-361
13
356
-36
355
-57
-356
77
347
-98
-119
-343
332
-139
154
326
-320
175
302
-194
294
-211
-282
226
-245
-269
-253
256
-274
-238
284
221
203
-299
-312
-187
-168
319
146
-330
-339
-129
-345
-110
-88
350
352
66
356
46
-2
-1
-1
-1
-1
-1
-1
-1
-1
-2
-1
0
-4
1
-2
-1
-1
-1
-1
1
-2
-1
0
-2
-1
-1
-1
1
-1
-1
-2
-1
0
-1
-1
-1
0
-1
-3
-1
-1
-1
-2
-2
-3
-1
-3
-1
-1
-1
-1
-1
-1
-1
-3
-1
-3
-1
-1
0
-1
-1
-2
0
-3
0
0
-1
-2
-1
-2
-2
-2
-2
-2
-1
-1
0
-1
0
-2
-1
-1
-1
-1
-1
-2
-1
-1
-1
-2
0
-1
-1
-2
-1
-1
1
-1
0
-1
-1
-2
-1
-1
-1
-3
-1
-1
-2
-1
0
0
-1
-1
-1
-1
-1
-2
1
-1
-1
-1
1
1
0
-1
0
0
1
-1
-1
-1
-1
-1
-1
-2
1
-1
1
0
0
0
-1
0
-1
1
-1
-1
-1
-1
-1
-3
0
-3
-1
-1
-1
-1
1
-1
0
0
-2
-2
-1
-1
-1
-1
0
-1
-1
-1
0
-3
-2
-3
-2
0
-2
-4
0
0
-1
-2
-2
-2
-2
-3
-1
-2
-1
-2
-1
-2
1
-2
-1
-3
0
-2
0
-3
-1
-1
0
-1
-1
-1
0
-2
-1
-2
-1
-1
0
-1
-1
-1
-1
-1
0
-3
0
-1
0
-2
1
-2
-1
0
0
-1
-1
-1
-1
-1
-1
0
0
-1
0
-2
-1
-1
-1
-1
-1
-1
-1
-1
0
1
0
-2
1
-1
1
-1
0
-3
-1
-1
0
-3
-1
0
-1
-1
-1
-2
-1
-1
-1
-1
0
-1
-1
-1
-2
-1
-1
-2
0
-1
-1
-1
1
-2
0
-1
-2
-1
-3
0
0
0
1
-2
-1
-2
-1
-1
-1
-3
-1
-1
-1
-2
-1
-3
-1
0
0
-1
-1
-1
-3
-1
-3
-2
-1
-2
-1
-3
-3
-2
-1
-2
-1
-1
-1
-3
-1
-1
-1
-1
-1
-1
-2
-1
-2
-3
-4
-1
1
-1
-1
0
-1
-2
-1
-1
-1
-1
-1
-3
-1
-4
-1
-2
-2
-3
-2
-1
-1
-2
-2
-1
-1
-2
0
-3
-2
-3
-2
-2
-3
-2
-1
-4
-1
-4
1
-4
-1
-2
-1
-3
-1
-2
-1
-4
-1
-4
-1
-2
0
-4
-1
-1
1
-4
0
-2
1
-1
3
-1
-1
-2
-2
-2
1
-1
0
-1
-1
-3
0
-1
-2
-3
-1
-4
-1
-2
0
-1
0
-2
0
-3
-2
-1
-1
-2
1
-2
-1
-1
1
-2
1
-1
0
-1
0
-1
-1
-1
0
-2
2
-1
0
-1
0
0
1
-1
1
0
0
-1
0
-1
1
-1
0
-1
0
0
-1
-1
1
-2
1
-1
1
-1
0
-1
-1
1
1
-1
-1
-1
0
-1
-1
-1
-1
0
0
0
-1
-2
0
0
0
-1
0
-2
1
-1
-1
1
-3
1
-1
1
0
-1
-1
0
-1
-1
-1
-1
-1
-1
-1
-1
-1
0
0
-1
-1
0
-1
-1
0
0
-1
-1
0
-2
0
-1
-1
0
-1
-1
1
-1
-1
-1
-1
-2
0
-1
-1
-1
0
-2
-2
-1
-1
-1
-1
-1
-1
-1
0
-3
-2
-1
1
0
1
-1
0
-1
-1
-1
0
-3
-1
-1
0
-1
-1
-1
-1
-1
-2
0
-1
-3
1
-3
0
-3
-1
-1
-1
-1
1
-1
-1
-2
-1
-1
-1
-1
-1
-1
1
0
0
-2
1
-1
-1
-1
1
-1
0
-1
-1
0
-1
-1
-1
-1
-1
-2
-1
-1
-1
-2
0
-1
-1
-1
-1
-1
0
-2
0
-1
0
-1
-1
0
-1
-1
-1
0
-1
0
0
0
-1
-1
-1
-1
-1
-3
-2
-1
-1
-1
0
-2
1
-1
-1
-1
1
-1
-1
-2
0
-1
-1
-1
-1
-2
-1
-1
-1
0
-1
-2
1
-1
-1
-1
0
-1
-1
-2
-1
0
1
0
-1
-1
0
-1
-4
-1
-1
-1
-1
0
-2
-1
0
-1
-2
-1
0
-1
0
-1
-1
0
-1
-1
-1
-1
-2
-1
0
-3
-3
-1
-1
-2
-2
-1
-1
-1
1
-1
-2
-2
-1
-3
1
-2
-1
0
-1
-1
0
-2
0
-3
-1
-1
-1
-1
-3
-2
-1
-1
-1
-1
-2
-1
1
-1
-2
-1
-1
-1
1
-1
0
-1
-1
0
-1
-1
0
-2
-1
-1
-1
0
0
-1
2
0
0
0
0
0
1
-2
0
-1
0
0
0
-1
-1
-1
0
-1
0
-2
1
-1
0
0
1
0
-1
-1
-1
0
-2
-1
1
0
-1
0
0
-2
-1
-1
1
-1
-1
0
0
-1
1
-1
0
-1
0
-1
1
-1
0
-1
0
-1
-1
-3
-2
1
1
-1
-1
0
-1
-1
1
-1
1
0
0
-1
-1
0
0
-1
-1
-1
-1
-1
0
0
-1
-2
-2
0
-1
0
-1
-2
0
-1
-1
-1
0
-1
-1
-1
1
-1
1
-1
0
-1
-1
0
-1
-1
-1
-2
0
-1
-1
-1
-1
-1
0
-1
0
-1
-1
-2
1
0
-1
-1
0
-1
0
-1
0
0
0
-1
0
-2
0
-1
0
-1
0
-1
-1
0
-1
-1
-1
1
-1
-1
-1
-2
0
0
-1
-1
-1
-2
1
-1
1
-1
-2
0
0
-1
1
0
-1
-1
-1
0
0
0
0
0
-1
-1
-1
-1
1
-1
-1
-1
-1
-1
1
-1
1
-1
0
-2
-1
-1
-1
0
1
-1
1
1
-1
-1
1
-1
1
1
0
0
-1
1
1
-1
1
-1
-1
-1
2
-1
-1
0
-1
0
-1
-1
0
-2
-1
-1
0
-1
-1
0
0
-1
0
-1
1
-2
1
-1
0
-1
0
-1
0
-1
-1
-1
0
-1
-1
-1
-1
-1
1
-1
-1
-1
1
-1
0
-1
-3
-1
1
-1
-1
1
-1
-1
0
-1
0
-1
0
-1
1
0
-1
0
-1
-1
1
-1
0
-2
1
0
0
-1
-1
0
-1
0
0
-1
1
0
-1
0
-1
-1
1
-1
0
-1
0
-1
-1
-1
-1
-1
-1
0
2
-1
-1
-1
-1
-1
-1
-1
1
-1
-1
-1
1
-1
0
-1
-1
-1
0
-1
1
-1
-1
-2
-1
-2
-1
-1
-1
-1
-1
-1
-2
-2
1
-1
0
-1
-1
0
-1
-1
1
-1
-1
1
1
0
-1
-1
-1
-1
-1
-1
-1
-1
0
1
0
1
0
-1
0
-2
1
-1
-1
-1
0
0
-1
1
-1
1
-1
-1
0
0
0
-2
1
-2
-1
-1
1
-1
-1
1
1
0
0
-1
1
-1
0
-1
0
-1
-1
1
-1
-1
0
-1
-1
-1
-1
0
1
-1
-1
-1
-1
0
0
0
-1
-2
-1
1
-1
-1
-1
1
0
-1
0
-1
-1
-1
0
-1
0
-1
0
-1
0
-1
-1
-1
0
0
-1
-1
-1
-1
1
-1
-1
0
-1
-1
-1
0
-1
0
-1
0
1
-1
1
-1
0
-1
-1
1
0
-2
0
-1
-1
0
-1
-1
-1
-1
1
0
1
-1
-1
0
0
-1
0
-1
0
0
0
0
0
-1
-1
0
0
0
-1
0
0
-2
0
-2
0
-2
-1
-2
1
-1
-1
-1
0
-1
1
-2
-2
-1
-1
-1
-1
-1
1
-1
1
-1
-1
0
-1
-1
-1
-1
0
0
1
-1
0
0
-1
-1
0
-1
1
-1
0
0
0
-2
1
0
1
0
-1
0
-1
0
-1
-1
-1
1
1
0
0
-1
0
1
-1
-2
-1
0
1
-2
-1
0
-2
-1
-1
0
0
-1
0
-2
-1
-1
0
-3
1
-1
0
-2
1
0
0
-1
0
0
-1
-1
-1
-1
0
-1
2
1
-1
-1
1
-1
0
0
-1
-1
-1
-1
1
-2
-1
-1
0
-1
-1
-3
-2
1
0
-1
-1
1
-1
-1
1
-1
-1
-1
-2
-1
1
-1
-1
-1
0
0
0
1
-1
-1
0
-1
-1
0
1
-1
1
1
-2
1
-1
-1
0
-1
0
1
-1
0
-1
-1
0
-1
0
-1
-1
-1
0
-1
1
-2
-1
-1
1
-1
-1
0
-1
-1
-1
-1
-1
-1
1
1
1
0
0
-1
-1
-1
-1
-1
-1
-1
1
0
1
-1
-1
-1
1
-1
-2
-1
1
-2
0
-3
0
-1
-1
-1
1
-1
-1
-1
-1
0
-1
1
-1
-1
-1
-1
-1
0
1
-1
-1
-2
1
-1
1
-1
0
0
-1
-1
-1
-1
1
-1
0
-2
-1
-1
0
0
0
1
0
0
-2
0
-1
0
1
1
-1
-1
-2
0
0
-1
0
0
-1
0
-1
-1
1
0
0
1
0
1
0
-1
-1
-1
1
1
-1
-1
1
0
1
-1
-1
1
-1
-1
-1
-1
-1
0
-1
-2
0
0
-1
-1
-1
-1
-1
-1
0
1
1
0
-1
-1
-1
-1
-1
-1
-4
-1
-1
-1
-1
-1
1
-1
-1
1
-1
-1
-1
0
-1
1
-1
0
1
0
0
0
0
0
1
0
1
1
1
-1
0
0
1
-2
-1
-1
-1
0
-1
1
0
-1
1
0
2
0
0
1
1
0
0
0
1
-1
-1
-2
-1
1
0
1
-1
-1
-1
1
-1
1
-1
-1
0
-1
-1
0
-1
-1
-1
0
0
-1
-1
-1
-1
-1
0
-1
-1
1
1
1
-1
1
0
-1
-1
-1
0
1
0
-1
0
-1
-1
-1
0
-1
0
0
-1
1
-1
-1
-1
0
-1
1
1
-1
-2
0
-2
-1
-1
0
1
-1
0
-1
-1
0
-1
-1
0
-3
1
0
-1
1
0
-1
0
1
0
1
-1
0
0
1
0
1
0
-1
0
1
-1
0
-1
1
1
-1
-1
1
-1
-2
-1
-1
1
-1
0
0
1
-1
0
0
1
0
-1
1
1
-1
0
-1
-1
1
1
0
-1
-1
0
-2
0
0
0
0
1
-1
0
-1
0
0
-1
-1
1
1
-1
-1
-1
1
-1
0
1
0
-1
-1
-1
-1
0
-1
-1
-1
1
-2
-1
1
-1
-1
-1
-1
0
1
-1
-1
-2
-1
-1
-2
-1
-1
-1
-1
-1
-1
-1
0
-1
0
0
0
0
-2
-1
0
-1
0
0
0
-1
0
0
1
1
1
0
0
-1
-1
-1
0
-1
1
0
-1
-1
1
-2
1
-1
-1
-1
-1
-1
0
-1
-1
-1
-1
0
-1
-1
0
0
0
1
0
-1
-1
0
-1
-2
1
-1
1
-1
-1
1
0
-2
0
0
0
-1
-1
0
-1
-2
-1
-1
-1
0
-1
-1
0
-1
1
-1
-1
-1
-1
-1
0
0
0
-1
1
1
0
-1
1
-1
1
0
-1
-1
-1
-1
0
0
0
-1
-1
1
1
0
0
-1
-1
-1
0
-2
0
0
-1
-1
0
0
0
0
-2
-1
-1
0
-1
0
0
-1
-1
0
0
-1
0
-1
1
-1
0
-1
-1
0
-1
0
-1
0
-2
0
-1
-1
-1
0
-1
0
0
-1
0
-1
-1
-1
1
-1
-1
-1
0
0
-1
0
-1
-1
0
-1
0
0
-1
-1
0
0
-2
-1
1
1
0
0
1
-1
-1
-1
0
1
0
0
-1
1
0
-1
0
-1
2
-1
0
-1
0
1
-1
1
1
1
-1
0
1
1
-1
1
0
-1
0
-3
-1
-1
1
0
0
-1
0
-1
-1
-1
-2
1
0
0
-1
0
-1
-1
-1
-4
1
0
0
-1
-1
0
1
1
1
-1
1
-1
-1
-1
-1
-1
-3
0
0
1
1
1
0
-1
0
0
0
1
0
0
0
0
0
-1
-1
-1
1
0
-1
0
-1
-1
-1
-1
-1
-1
0
-1
-1
-1
1
0
1
0
-1
-1
0
-1
1
0
1
-1
0
-1
-1
-1
1
-1
-1
-1
-1
-1
0
1
-1
-1
-1
-1
-1
-1
0
-1
-1
-1
0
0
-2
1
1
0
0
-1
1
-1
-1
0
-2
-1
1
-1
1
-1
-1
-3
-1
-1
2
-1
0
-1
-2
-1
1
-2
1
1
-1
-1
-1
0
-1
0
-1
1
0
-1
-1
1
0
-1
0
0
-1
0
0
0
0
0
-1
1
0
0
-1
-2
1
1
1
-1
-1
0
-1
-2
-1
-1
-1
-1
0
0
-1
-1
0
-1
-1
-1
0
-1
1
-1
1
1
1
-1
0
-1
0
0
-1
-1
0
0
1
-1
0
0
2
-1
0
0
1
-1
1
0
-1
-1
-1
0
0
-1
0
-1
0
0
2
-1
1
-1
-1
-1
1
-1
0
-1
0
-1
1
0
0
-1
-1
1
-1
-1
-1
-1
0
0
0
-1
-1
-1
1
-1
0
-1
-1
-1
0
-2
-2
1
-1
-1
1
-1
1
-1
1
-1
-1
-1
0
-1
1
-1
-1
-1
1
-1
-1
-1
0
-1
-1
-2
1
-1
-1
-1
1
-1
-1
0
1
-1
1
-1
-1
-1
1
-1
1
-2
0
-1
-1
-3
-1
-1
1
-1
-1
-1
0
-1
0
-2
-1
-1
0
-1
-1
-1
0
-2
0
0
-1
0
-1
0
-1
-1
-1
-1
0
-1
1
-1
1
-3
0
-1
-1
-1
0
-2
0
0
3
-1
-1
-1
1
-1
0
1
0
-1
-1
-2
1
-1
-1
1
1
-1
0
1
0
-1
-1
-2
1
-1
0
0
1
-1
0
-1
1
-1
-1
-1
0
0
-1
1
1
-1
0
-2
0
-1
0
-1
1
-1
1
1
0
-1
0
-2
-1
-1
-1
0
1
-1
-1
-2
0
0
1
-2
1
-1
-1
-1
-1
0
-1
-1
0
-1
-1
-2
-1
-1
0
-1
-1
1
-1
-2
0
-1
-1
1
-1
-1
1
0
0
-1
-1
-3
0
-3
-1
-1
1
-1
0
0
1
0
1
-1
1
0
-1
-1
0
0
1
-1
0
-1
-1
-1
-1
-2
0
0
1
0
-1
-2
1
0
-1
-1
-1
-1
0
-1
-1
1
0
0
-1
-1
0
-1
0
1
0
-1
0
-1
-1
-1
-1
-1
0
-1
-1
-1
-1
-1
0
0
1
-1
1
-1
-1
-1
0
-1
0
1
-1
-1
-1
-1
-1
0
-1
-3
0
0
-1
-1
-1
-2
0
0
-1
0
1
-1
-1
0
2
-1
-1
0
-1
-1
-1
-1
-1
-1
-1
-1
-1
-1
-1
-1
0
-1
-1
-1
-1
0
-1
0
-1
0
-1
0
0
0
0
0
0
0
0
-1
-1
-2
-1
-1
0
-1
-1
-1
-1
-1
-1
0
-1
0
0
-1
0
-1
0
0
-1
-2
-1
-1
-1
0
1
-1
0
-1
0
1
1
0
0
0
-1
-2
0
-1
1
-1
-1
0
0
1
0
-2
0
0
-1
-1
1
-1
-1
-1
0
-1
1
0
-1
-1
-1
-1
1
0
1
-1
0
0
-1
-1
1
1
0
-1
1
-3
-1
-1
1
0
-1
-1
0
-1
-1
-1
0
-1
-1
-1
1
-1
0
0
-1
-2
1
-2
0
-1
-1
-1
0
-1
-1
-1
0
-1
-1
-1
-1
-1
0
-1
1
-1
-2
-2
0
-1
0
0
-1
-1
0
-1
-1
-1
-1
-2
-1
-2
-1
-1
-1
-1
-1
-1
0
-1
-1
0
0
0
0
-1
-1
-1
0
0
-1
-1
1
-1
-1
-1
0
-1
-1
0
-1
-1
1
-1
0
0
-1
-1
-1
-1
-1
-1
1
0
-1
-1
1
-1
0
0
-1
-1
-1
-1
-1
-1
0
-1
0
-2
1
-1
-1
-1
0
-1
1
-3
0
0
-1
-1
1
-1
0
-1
-1
0
1
-2
-2
-1
0
-2
-1
0
-1
-2
1
-2
0
-1
1
-1
0
-2
1
-1
-1
0
0
-2
0
-1
0
-1
-1
-4
-1
-2
0
-1
-1
-1
1
-1
-1
-1
-1
-1
-1
-1
1
-1
1
-4
1
-1
-1
-1
-1
-3
-1
-2
-1
-2
0
-1
-1
-1
-1
-1
-1
-1
1
-3
-1
-1
0
-2
-1
-1
-1
-1
1
-2
0
-2
1
-2
-1
-3
-2
-1
-1
0
-1
0
0
-2
-1
-1
-1
-2
0
-2
0
-4
-1
-2
-1
-1
-1
-1
-2
-1
-1
-1
-1
-1
0
-2
-1
-1
-1
-1
0
-3
1
-1
-2
-3
1
-1
1
-4
-1
-2
-1
-1
1
-2
1
-1
0
-1
1
-1
-1
-1
-1
-1
0
-3
0
-1
-1
-1
-1
0
0
-1
-1
-1
1
-2
0
0
-1
-1
-1
-1
-1
-1
-1
-1
0
-1
0
0
0
-1
-1
-1
0
0
-2
-1
-2
-1
0
-1
0
-2
0
-3
0
-4
-1
-3
0
0
-2
-1
0
-3
-1
-2
-1
-1
0
-2
0
-2
-1
-1
-1
0
1
-1
-1
-1
-1
-3
-1
-2
0
-1
-1
-1
0
-1
0
-1
-1
-1
0
-1
0
-2
1
-1
-1
-1
0
-1
1
0
0
-1
-1
-3
-1
-2
-1
-1
0
0
-1
-3
-1
-2
0
0
-1
-1
-1
-1
-1
0
-1
-1
0
-1
0
-2
1
-3
-1
-1
-2
-1
-1
-1
-1
-2
0
0
-1
-1
-1
-2
-1
-1
-1
-1
-1
-2
0
-1
-1
-2
-1
-1
-1
-1
0
-3
1
-1
-1
-1
0
-1
0
-1
0
-1
-1
0
1
-1
0
-1
-1
-1
0
-1
-1
-1
-2
-3
1
0
-1
-4
-1
-1
0
-2
-1
-2
-1
-2
-1
0
1
-1
0
-1
-1
-1
0
-1
-1
-1
-1
-1
-1
-1
-1
-1
0
-1
-358
-47
23
-361
-3
359
-362
17
-358
37
355
-62
351
-83
-348
100
120
339
331
-144
323
-162
177
312
-199
-303
-292
214
-279
231
245
262
-251
261
231
-276
-218
289
-201
300
180
-311
321
163
144
-333
-126
338
-106
343
-352
-84
-356
-64
43
-360
-361
-23
361
2
19
362
-360
40
-62
-355
351
-83
-103
-347
-124
-341
139
331
-161
-325
312
-181
196
301
214
289
231
275
260
-248
246
-264
232
-277
214
-289
-197
300
180
-313
322
161
145
-332
-124
339
-105
346
-83
350
-63
357
-42
357
18
-361
360
0
-21
-361
-42
-358
-355
62
85
349
-346
103
-124
-341
333
-144
323
-163
-311
179
-198
-303
-215
-291
-232
-277
-262
247
-263
-249
-276
-232
-289
-216
-303
-199
179
-315
323
160
-330
-145
124
-342
-101
344
-350
-85
62
-357
360
39
362
18
1
359
-358
19
357
-47
-354
59
-351
83
105
342
-339
122
-144
-333
-164
-323
-182
-312
200
296
288
-218
-234
-279
-262
245
-246
262
-277
-234
290
211
-303
-199
-315
-182
158
-326
332
137
-122
337
-103
345
81
-356
-356
-64
-41
357
-18
359
-4
-363
360
-25
-43
-360
-64
-358
86
349
105
343
-124
-340
-330
144
164
320
-310
181
199
298
216
286
232
273
-263
249
243
-266
-232
276
-214
290
193
-303
177
-315
-159
322
331
140
339
121
102
-346
77
-352
355
58
356
38
358
15
-3
-360
23
358
356
-46
66
355
-88
-351
-107
-344
-339
125
330
-146
165
321
-182
-313
202
300
-220
-288
274
-236
260
-252
-244
266
-228
277
212
-293
-302
-196
-315
-177
158
-326
-333
-140
-119
341
98
-348
79
-352
-354
-60
-358
-38
-16
361
6
358
26
360
-356
46
69
352
-349
86
110
343
337
-127
147
329
-321
165
-311
182
202
297
-286
217
-235
-273
-260
250
-267
-245
-281
-229
-292
-214
-195
303
314
175
-325
-157
138
-336
119
-343
-346
-101
353
76
-357
-59
-37
356
-16
358
360
-8
26
357
-361
46
354
-71
-349
86
107
342
-129
-340
328
-151
165
317
-186
-311
-205
-300
219
283
272
-238
-260
249
-243
264
-283
-229
-293
-212
-307
-194
173
-319
-157
323
333
136
-119
339
-100
346
-355
-78
355
55
32
-361
-362
-17
6
360
-362
26
47
355
-72
-356
-92
-351
-345
110
-339
129
328
-150
-170
-321
309
-190
202
296
-226
-286
235
271
255
-255
-244
267
279
226
-211
292
-193
305
-317
-174
324
156
134
-335
337
117
-349
-97
351
75
53
-357
357
34
-15
363
-364
7
-31
-359
48
358
351
-69
348
-91
342
-110
334
-129
-151
-328
318
-169
-188
-308
-298
208
283
-221
271
-238
-257
255
269
243
228
-279
-294
-209
-191
308
173
-317
-154
327
-332
-136
-115
342
-348
-95
354
74
55
-356
-358
-33
-359
-12
-8
-362
-358
30
357
-52
-351
70
349
-92
-110
-344
-129
-338
-150
-328
172
315
-185
-310
-205
-298
-220
-287
273
-243
-255
252
241
-272
284
221
-206
289
191
-312
171
-322
153
-332
-133
330
343
111
-95
343
-72
349
-357
-57
359
25
11
-365
-9
-366
358
-35
355
-57
-357
66
91
344
340
-119
-136
-339
-329
147
168
315
-309
186
293
-211
221
280
-241
-273
