(-709,-14631)
(709,14631)
(-14143,-13617)
(24951,-3707)
(-19057,15171)
(-22873,14887)
(-29091,24537)
(-1827,-21519)
(12475,-29492)
(-7554,31490)
(-16929,-23662)
(20812,16864)
(7477,8243)
(30581,2871)
(20321,16203)
(-24007,-12925)
(-21853,-28615)
(24200,3125)
(-749,-4017)
(18422,23067)
(27253,-7370)
(-25499,-30698)
(2637,14202)
(24961,-17026)
(3844,14402)
(-16086,15576)
(-7048,6954)
(-24044,25426)
(20036,8553)
(-18886,5153)
(-31776,-14541)
(18972,12817)
(24157,-5267)
(5985,-33)
(13525,-6413)
(-14061,-9971)
(-29996,-27745)
(-29743,17)
(-29106,-26487)
(147,-14093)
(8611,-20219)
(18232,-30144)
(14455,-4193)
(31178,-9560)
(-10077,-17262)
(27154,-6662)
(-16137,20450)
(3196,-21546)
(-17963,-21990)
(-5435,3725)
(-31125,-576)
(-16593,-30705)
(7671,9750)
(17614,-15809)
(-18471,22000)
(3402,-32607)
(-15834,-6478)
(9297,25174)
(12850,31630)
(28555,23540)
(-104,-30954)
(-31527,6509)
(5704,12010)
(-27161,4709)
(3710,-8389)
(18522,-16176)
(-21014,-17963)
(84,12272)
(20187,-2931)
(14023,11208)
(-10211,-3933)
(4203,-7316)
(-22455,-6971)
(-9283,-12535)
(13865,-14361)
(-12071,-24139)
(22184,28985)
(-32357,1961)
(24094,-15973)
(23759,23197)
(-3965,23066)
(-25752,-19110)
(-24227,2584)
(-12824,-4084)
(-18913,-30248)
(20264,-5897)
(27757,-10182)
(18192,20683)
(-16979,-16194)
(-20876,-23014)
(26265,666)
(9394,-16378)
(25793,21253)
(-10310,7766)
(18053,18239)
(10824,19594)
(-16691,-7688)
(-22510,-31714)
(14733,-10424)
(18704,312)
(-14747,-13450)
(13075,14894)
(-26343,-5042)
(-20265,-8564)
(14865,22895)
(-17097,24769)
(11159,-29075)
(30261,-17305)
(21099,17931)
(-7336,7655)
(27621,5205)
(-12864,7489)
(15580,29454)
(31589,1118)
(-28288,-30866)
(-13543,-3146)
(9319,23420)
(24148,25543)
(-7251,30296)
(27674,-27831)
(9833,247)
(-8761,-19188)
(-30023,25897)
(-28369,-3296)
(-22673,27941)
(17257,12273)
(20127,-3669)
(-19115,-5601)
(-25548,-31299)
(-22617,3987)
(-32018,17589)
(-1175,-8967)
(-24160,-30624)
(-431,298)
(-19762,-15974)
(-31681,13770)
(10100,-21179)
(11819,18604)
(-3376,-22847)
(-25395,2520)
(-25074,22168)
(14313,-21733)
(18838,19222)
(-26161,-19207)
(15402,556)
(-15942,-22491)
(12300,4314)
(-4446,-13277)
(-8119,-20966)
(20300,17356)
(8713,11288)
(-26584,-19136)
(-4867,1829)
(31340,-17817)
(-3695,4415)
(-1902,-9883)
(27991,-14153)
(24418,-8852)
(-20037,-12371)
(4400,-14308)
(7119,23014)
(11034,21997)
(-5127,-25292)
(7664,-26675)
(-24804,3634)
(-20608,-28834)
(25304,-30496)
(-20498,9404)
(-21345,-1452)
(-23074,-14766)
(2331,-21906)
(-13272,-19786)
(24213,16110)
(11165,14607)
(-26491,-10924)
(-14251,-15443)
(27490,7983)
(-22149,31907)
(-8696,4553)
(7879,-11)
(17120,-759)
(5591,23849)
(17582,-3305)
(1011,21787)
(11647,20381)
(-3178,18811)
(6719,11205)
(-4050,-1313)
(-30346,23822)
(-2768,-11810)
(-28316,29576)
(-22208,7668)
(4559,25773)
(7256,3604)
(8269,-27075)
(-22318,-9482)
(6186,23499)
(-21720,4068)
(15158,3471)
(21734,-19922)
(14289,-28199)
(26158,19623)
(20271,-30733)
(23534,-28775)
(-5827,-31108)
(25260,15285)
(1399,-10676)
(360,9479)
(6927,-12450)
(1432,847)
(-32181,9582)
(16144,15967)
(10303,29440)
(29418,25494)
(31711,-18896)
(-18638,12152)
(-4828,11644)
(-12373,-18424)
(-18614,30612)
(4231,-23568)
(-27743,-4949)
(10757,14706)
(-14679,32177)
(-467,-18302)
(24629,9655)
(17361,-19008)
(13445,32283)
(-27281,15236)
(-27900,-26368)
(4521,-24013)
(26618,14370)
(-16869,14869)
(-27996,-7216)
(-18187,-30199)
(-820,-11372)
(-7575,15737)
(30631,8715)
(14833,-23018)
(-5223,-12787)
(-25715,-8292)
(19713,-24089)
(3781,-26927)
(-21797,2911)
(-3145,23405)
(14633,-6005)
(-8109,-18432)
(31423,-12065)
(2689,-10406)
(32429,-32451)
(-31089,-2786)
(21751,24135)
(26789,11078)
(-9353,32460)
(-14441,8876)
(-3687,-25040)
(-10091,20408)
(12952,-32529)
(-4229,-10726)
(31140,2729)
(-5313,-18030)
(-9752,-8585)
(9570,-1366)
(-6280,11657)
(14076,-29518)
(-25529,18732)
(-10701,5545)
(-6091,6050)
(18397,-12773)
(-24368,6532)
(-5326,-19192)
(13528,7230)
(-13618,-25748)
(-30109,16786)
(-31289,-24666)
(2049,27830)
(-4255,3820)
(-14498,12152)
(12474,29810)
(-29814,14068)
(21066,20708)
(-13826,13485)
(23271,12942)
(3842,26625)
(9299,-26380)
(4751,-26832)
(16661,28477)
(-27995,6422)
(-8131,-29335)
(-10362,-1965)
(5357,-5180)
(-2198,535)
(21995,2566)
(-16446,-3637)
(13178,-9471)
(27314,-16069)
(-29398,-26631)
(-2535,-22862)
(12067,10534)
(-22755,-18612)
(-14137,-29228)
(-19756,-9461)
(-8165,-9807)
(10242,21319)
(-7809,185)
(-15807,-31644)
(18455,29345)
(28071,-15642)
(-21089,-16189)
(-4817,-20113)
(1966,-6818)
(-24191,-3673)
(-9712,5522)
(17101,4481)
(-15995,1899)
(-25509,-1133)
(16461,20277)
(20738,3228)
(21198,-24926)
(10894,-8928)
(-9940,-31854)
(15035,-1364)
(-14137,18459)
(-22447,-1492)
(-2083,-6657)
(-5944,7399)
(23012,-13954)
(-24108,-24867)
(17628,1284)
(-31943,-4463)
(13308,12975)
(-11127,-4859)
(-11226,29081)
(11550,-4884)
(-12458,28198)
(24776,-2662)
(29604,-18450)
(21560,5101)
(-19053,18214)
(23132,-4103)
(20247,-22552)
(-4714,-23412)
(-1105,12162)
(-3914,-5930)
(-31297,-16864)
(29803,29926)
(22145,-128)
(-18127,8750)
(-30145,27924)
(7418,11039)
(-20759,-26955)
(9674,-11267)
(-929,27823)
(-25551,7415)
(3358,-12709)
(26123,-6727)
(13670,17359)
(-16131,6151)
(-29537,30262)
(6151,14229)
(-27543,-28112)
(9867,30627)
(-7300,9549)
(-20735,-12261)
(-20836,12097)
(29641,-26279)
(-25003,-25649)
(-1925,24965)
(13679,3851)
(7053,-23315)
(3169,-2354)
(4705,18999)
(-32303,-20722)
(10142,-27498)
(-26737,3964)
(28036,-20906)
(29651,15180)
(-27219,24393)
(-16867,10253)
(9459,26377)
(29061,-21599)
(23508,-27301)
(-26424,12585)
(3292,-21461)
(-166,22541)
(-369,1903)
(-31355,-31248)
(6679,-9031)
(14819,15402)
(11988,-5410)
(16644,-24211)
(26782,20594)
(18460,9177)
(9033,15594)
(-2100,-5916)
(28525,1962)
(-6192,-19434)
(-31012,4128)
(25479,-23001)
(-25746,16508)
(12757,20535)
(285,9070)
(-3748,-17804)
(-10737,27738)
(-17110,-15994)
(17955,-5378)
(-4669,7829)
(13133,-9558)
(5119,16969)
(-4917,-1690)
(-12368,13483)
(25367,31348)
(7938,-20567)
(226,25348)
(25956,1064)
(-15768,-13654)
(31186,9396)
(11824,9744)
(-13012,16486)
(7868,3524)
(4562,-20610)
(18932,25188)
(13454,31173)
(-1048,18104)
(25092,3295)
(26645,27328)
(1991,21210)
(-5579,88)
(25271,21138)
(9265,22526)
(-3549,-24363)
(2773,32538)
(16991,-15657)
(6666,22167)
(-7567,-15039)
(-9472,7407)
(-17687,63)
(29201,12964)
(-17394,-18297)
(-13519,-11114)
(-26448,26249)
(-18214,-7052)
(-4626,13474)
(-3778,15714)
(-14084,12150)
(-3850,-6364)
(31516,-1149)
(-14450,134)
(13058,-5483)
(-29336,23915)
(2092,29676)
(-22024,-12905)
(6848,26102)
(11070,-21460)
(21248,-23024)
(-14338,-24362)
(9384,-21090)
(20107,-8784)
(-8108,20954)
(-13981,16798)
(-25030,-1968)
(-8383,-24872)
(3301,10939)
(-13083,-338)
(-10599,11731)
(-23202,-6343)
(11478,30378)
(25950,-7941)
(-30728,4760)
(23798,12644)
(14671,27534)
(-13438,6152)
(-5709,8400)
(-14329,17070)
(9506,10078)
(14357,-20332)
(-6536,23792)
(-25523,1809)
(-13203,31065)
(-15981,19733)
(20857,24209)
(-13023,-2252)
(31429,-16237)
(7269,-22648)
(15745,27967)
(-22191,20470)
(30691,-14932)
(1041,4538)
(22983,22962)
(1082,-28409)
(7244,-28397)
(2106,-4139)
(25000,27959)
(-28146,1596)
(17110,24680)
(-20986,-17236)
(-2154,-25474)
(-21394,4361)
(-20504,4962)
(11974,-31625)
(-6530,-9038)
(-11860,-3372)
(-31710,20985)
(-23520,-552)
(-3196,31923)
(27705,5930)
(-23591,-12811)
(-26235,-15460)
(-20655,-4263)
(-3314,28758)
(28008,-950)
(1412,-10264)
(31938,-12984)
